{
    "animation": [
        {
            "name": "Root",
            "time": [0.0, 0.0417, 0.0833, 0.125, 0.1667, 0.2083, 0.25, 0.2917, 0.3333, 0.375, 0.4167, 0.4583, 0.5, 0.5417, 0.5833, 0.625, 0.6667, 0.7083, 0.75, 0.7917, 0.8333, 0.875, 0.9167, 0.9583, 1.0, 1.0417, 1.0833, 1.125, 1.1667, 1.2083, 1.25, 1.2917, 1.3333, 1.375, 1.4167, 1.4583, 1.5, 1.5417, 1.5833, 1.625, 1.6667, 1.7083, 1.75, 1.7917, 1.8333, 1.875, 1.9167, 1.9583, 2.0, 2.0417, 2.0833, 2.125, 2.1667, 2.2083, 2.25, 2.2917, 2.3333, 2.375, 2.4167, 2.4583, 2.5, 2.5417, 2.5833, 2.625, 2.6667, 2.7083, 2.75, 2.7917, 2.8333, 2.875, 2.9167, 2.9583, 3.0, 3.0417, 3.0833, 3.125, 3.1667, 3.2083, 3.25, 3.2917, 3.3333, 3.375, 3.4167, 3.4583, 3.5, 3.5417, 3.5833, 3.625, 3.6667, 3.7083, 3.75, 3.7917, 3.8333, 3.875, 3.9167, 3.9583, 4.0, 4.0417, 4.0833, 4.125, 4.1667, 4.2083, 4.25, 4.2917, 4.3333, 4.375, 4.4167, 4.4583, 4.5, 4.5417, 4.5833, 4.625, 4.6667, 4.7083, 4.75, 4.7917, 4.8333, 4.875, 4.9167, 4.9583, 5.0],
            "transform": [
                [1.0, 0.0, -0.0, -5e-06, -0.0, 0.0, -1.0, 0.000946, 0.0, 1.0, 0.0, 0.699153, 0.0, 0.0, 0.0, 1.0],
                [1.0, 0.0, -0.0, -5e-06, -0.0, 0.0, -1.0, 0.000946, 0.0, 1.0, 0.0, 0.699175, 0.0, 0.0, 0.0, 1.0],
                [1.0, 0.0, -0.0, -5e-06, -0.0, 0.0, -1.0, 0.000946, 0.0, 1.0, 0.0, 0.69924, 0.0, 0.0, 0.0, 1.0],
                [1.0, 0.0, -0.0, -5e-06, -0.0, 0.0, -1.0, 0.000946, 0.0, 1.0, 0.0, 0.69935, 0.0, 0.0, 0.0, 1.0],
                [1.0, 0.0, -0.0, -5e-06, -0.0, 0.0, -1.0, 0.000946, 0.0, 1.0, 0.0, 0.699503, 0.0, 0.0, 0.0, 1.0],
                [1.0, 0.0, -0.0, -5e-06, -0.0, 0.0, -1.0, 0.000946, 0.0, 1.0, 0.0, 0.699701, 0.0, 0.0, 0.0, 1.0],
                [1.0, 0.0, -0.0, -5e-06, -0.0, 0.0, -1.0, 0.000946, 0.0, 1.0, 0.0, 0.699944, 0.0, 0.0, 0.0, 1.0],
                [1.0, 0.0, -0.0, -5e-06, -0.0, 0.0, -1.0, 0.000946, 0.0, 1.0, 0.0, 0.700231, 0.0, 0.0, 0.0, 1.0],
                [1.0, 0.0, -0.0, -5e-06, -0.0, 0.0, -1.0, 0.000946, 0.0, 1.0, 0.0, 0.700562, 0.0, 0.0, 0.0, 1.0],
                [1.0, 0.0, -0.0, -5e-06, -0.0, 0.0, -1.0, 0.000946, 0.0, 1.0, 0.0, 0.700938, 0.0, 0.0, 0.0, 1.0],
                [1.0, 0.0, -0.0, -5e-06, -0.0, 0.0, -1.0, 0.000946, 0.0, 1.0, 0.0, 0.701357, 0.0, 0.0, 0.0, 1.0],
                [1.0, 0.0, -0.0, -5e-06, -0.0, 0.0, -1.0, 0.000946, 0.0, 1.0, 0.0, 0.701819, 0.0, 0.0, 0.0, 1.0],
                [1.0, 0.0, -0.0, -5e-06, -0.0, 0.0, -1.0, 0.000946, 0.0, 1.0, 0.0, 0.702324, 0.0, 0.0, 0.0, 1.0],
                [1.0, 0.0, -0.0, -5e-06, -0.0, 0.0, -1.0, 0.000946, 0.0, 1.0, 0.0, 0.702871, 0.0, 0.0, 0.0, 1.0],
                [1.0, 0.0, -0.0, -5e-06, -0.0, 0.0, -1.0, 0.000946, 0.0, 1.0, 0.0, 0.703459, 0.0, 0.0, 0.0, 1.0],
                [1.0, 0.0, -0.0, -5e-06, -0.0, 0.0, -1.0, 0.000946, 0.0, 1.0, 0.0, 0.704087, 0.0, 0.0, 0.0, 1.0],
                [1.0, 0.0, -0.0, -5e-06, -0.0, 0.0, -1.0, 0.000946, 0.0, 1.0, 0.0, 0.704753, 0.0, 0.0, 0.0, 1.0],
                [1.0, 0.0, -0.0, -5e-06, -0.0, 0.0, -1.0, 0.000946, 0.0, 1.0, 0.0, 0.705456, 0.0, 0.0, 0.0, 1.0],
                [1.0, 0.0, -0.0, -5e-06, -0.0, 0.0, -1.0, 0.000946, 0.0, 1.0, 0.0, 0.706195, 0.0, 0.0, 0.0, 1.0],
                [1.0, 0.0, -0.0, -5e-06, -0.0, 0.0, -1.0, 0.000946, 0.0, 1.0, 0.0, 0.706967, 0.0, 0.0, 0.0, 1.0],
                [1.0, 0.0, -0.0, -5e-06, -0.0, 0.0, -1.0, 0.000946, 0.0, 1.0, 0.0, 0.707771, 0.0, 0.0, 0.0, 1.0],
                [1.0, 0.0, -0.0, -5e-06, -0.0, 0.0, -1.0, 0.000946, 0.0, 1.0, 0.0, 0.708605, 0.0, 0.0, 0.0, 1.0],
                [1.0, 0.0, -0.0, -5e-06, -0.0, 0.0, -1.0, 0.000946, 0.0, 1.0, 0.0, 0.709465, 0.0, 0.0, 0.0, 1.0],
                [1.0, 0.0, -0.0, -5e-06, -0.0, 0.0, -1.0, 0.000946, 0.0, 1.0, 0.0, 0.71035, 0.0, 0.0, 0.0, 1.0],
                [1.0, 0.0, -0.0, -5e-06, -0.0, 0.0, -1.0, 0.000946, 0.0, 1.0, 0.0, 0.711257, 0.0, 0.0, 0.0, 1.0],
                [1.0, 0.0, -0.0, -5e-06, -0.0, 0.0, -1.0, 0.000946, 0.0, 1.0, 0.0, 0.712183, 0.0, 0.0, 0.0, 1.0],
                [1.0, 0.0, -0.0, -5e-06, -0.0, 0.0, -1.0, 0.000946, 0.0, 1.0, 0.0, 0.713125, 0.0, 0.0, 0.0, 1.0],
                [1.0, 0.0, -0.0, -5e-06, -0.0, 0.0, -1.0, 0.000946, 0.0, 1.0, 0.0, 0.71408, 0.0, 0.0, 0.0, 1.0],
                [1.0, 0.0, -0.0, -5e-06, -0.0, 0.0, -1.0, 0.000946, 0.0, 1.0, 0.0, 0.715045, 0.0, 0.0, 0.0, 1.0],
                [1.0, 0.0, -0.0, -5e-06, -0.0, 0.0, -1.0, 0.000946, 0.0, 1.0, 0.0, 0.716017, 0.0, 0.0, 0.0, 1.0],
                [1.0, 0.0, -0.0, -5e-06, -0.0, 0.0, -1.0, 0.000946, 0.0, 1.0, 0.0, 0.716992, 0.0, 0.0, 0.0, 1.0],
                [1.0, 0.0, -0.0, -5e-06, -0.0, 0.0, -1.0, 0.000946, 0.0, 1.0, 0.0, 0.717967, 0.0, 0.0, 0.0, 1.0],
                [1.0, 0.0, -0.0, -5e-06, -0.0, 0.0, -1.0, 0.000946, 0.0, 1.0, 0.0, 0.718938, 0.0, 0.0, 0.0, 1.0],
                [1.0, 0.0, -0.0, -5e-06, -0.0, 0.0, -1.0, 0.000946, 0.0, 1.0, 0.0, 0.719903, 0.0, 0.0, 0.0, 1.0],
                [1.0, 0.0, -0.0, -5e-06, -0.0, 0.0, -1.0, 0.000946, 0.0, 1.0, 0.0, 0.720859, 0.0, 0.0, 0.0, 1.0],
                [1.0, 0.0, -0.0, -5e-06, -0.0, 0.0, -1.0, 0.000946, 0.0, 1.0, 0.0, 0.721801, 0.0, 0.0, 0.0, 1.0],
                [1.0, 0.0, -0.0, -5e-06, -0.0, 0.0, -1.0, 0.000946, 0.0, 1.0, 0.0, 0.722727, 0.0, 0.0, 0.0, 1.0],
                [1.0, 0.0, -0.0, -5e-06, -0.0, 0.0, -1.0, 0.000946, 0.0, 1.0, 0.0, 0.723634, 0.0, 0.0, 0.0, 1.0],
                [1.0, 0.0, -0.0, -5e-06, -0.0, 0.0, -1.0, 0.000946, 0.0, 1.0, 0.0, 0.724519, 0.0, 0.0, 0.0, 1.0],
                [1.0, 0.0, -0.0, -5e-06, -0.0, 0.0, -1.0, 0.000946, 0.0, 1.0, 0.0, 0.725379, 0.0, 0.0, 0.0, 1.0],
                [1.0, 0.0, -0.0, -5e-06, -0.0, 0.0, -1.0, 0.000946, 0.0, 1.0, 0.0, 0.726213, 0.0, 0.0, 0.0, 1.0],
                [1.0, 0.0, -0.0, -5e-06, -0.0, 0.0, -1.0, 0.000946, 0.0, 1.0, 0.0, 0.727017, 0.0, 0.0, 0.0, 1.0],
                [1.0, 0.0, -0.0, -5e-06, -0.0, 0.0, -1.0, 0.000946, 0.0, 1.0, 0.0, 0.727789, 0.0, 0.0, 0.0, 1.0],
                [1.0, 0.0, -0.0, -5e-06, -0.0, 0.0, -1.0, 0.000946, 0.0, 1.0, 0.0, 0.728528, 0.0, 0.0, 0.0, 1.0],
                [1.0, 0.0, -0.0, -5e-06, -0.0, 0.0, -1.0, 0.000946, 0.0, 1.0, 0.0, 0.729231, 0.0, 0.0, 0.0, 1.0],
                [1.0, 0.0, -0.0, -5e-06, -0.0, 0.0, -1.0, 0.000946, 0.0, 1.0, 0.0, 0.729897, 0.0, 0.0, 0.0, 1.0],
                [1.0, 0.0, -0.0, -5e-06, -0.0, 0.0, -1.0, 0.000946, 0.0, 1.0, 0.0, 0.730525, 0.0, 0.0, 0.0, 1.0],
                [1.0, 0.0, -0.0, -5e-06, -0.0, 0.0, -1.0, 0.000946, 0.0, 1.0, 0.0, 0.731113, 0.0, 0.0, 0.0, 1.0],
                [1.0, 0.0, -0.0, -5e-06, -0.0, 0.0, -1.0, 0.000946, 0.0, 1.0, 0.0, 0.731659, 0.0, 0.0, 0.0, 1.0],
                [1.0, 0.0, -0.0, -5e-06, -0.0, 0.0, -1.0, 0.000946, 0.0, 1.0, 0.0, 0.732165, 0.0, 0.0, 0.0, 1.0],
                [1.0, 0.0, -0.0, -5e-06, -0.0, 0.0, -1.0, 0.000946, 0.0, 1.0, 0.0, 0.732627, 0.0, 0.0, 0.0, 1.0],
                [1.0, 0.0, -0.0, -5e-06, -0.0, 0.0, -1.0, 0.000946, 0.0, 1.0, 0.0, 0.733046, 0.0, 0.0, 0.0, 1.0],
                [1.0, 0.0, -0.0, -5e-06, -0.0, 0.0, -1.0, 0.000946, 0.0, 1.0, 0.0, 0.733422, 0.0, 0.0, 0.0, 1.0],
                [1.0, 0.0, -0.0, -5e-06, -0.0, 0.0, -1.0, 0.000946, 0.0, 1.0, 0.0, 0.733753, 0.0, 0.0, 0.0, 1.0],
                [1.0, 0.0, -0.0, -5e-06, -0.0, 0.0, -1.0, 0.000946, 0.0, 1.0, 0.0, 0.73404, 0.0, 0.0, 0.0, 1.0],
                [1.0, 0.0, -0.0, -5e-06, -0.0, 0.0, -1.0, 0.000946, 0.0, 1.0, 0.0, 0.734282, 0.0, 0.0, 0.0, 1.0],
                [1.0, 0.0, -0.0, -5e-06, -0.0, 0.0, -1.0, 0.000946, 0.0, 1.0, 0.0, 0.734481, 0.0, 0.0, 0.0, 1.0],
                [1.0, 0.0, -0.0, -5e-06, -0.0, 0.0, -1.0, 0.000946, 0.0, 1.0, 0.0, 0.734634, 0.0, 0.0, 0.0, 1.0],
                [1.0, 0.0, -0.0, -5e-06, -0.0, 0.0, -1.0, 0.000946, 0.0, 1.0, 0.0, 0.734744, 0.0, 0.0, 0.0, 1.0],
                [1.0, 0.0, -0.0, -5e-06, -0.0, 0.0, -1.0, 0.000946, 0.0, 1.0, 0.0, 0.734809, 0.0, 0.0, 0.0, 1.0],
                [1.0, 0.0, -0.0, -5e-06, -0.0, 0.0, -1.0, 0.000946, 0.0, 1.0, 0.0, 0.734831, 0.0, 0.0, 0.0, 1.0],
                [1.0, 0.0, -0.0, -5e-06, -0.0, 0.0, -1.0, 0.000946, 0.0, 1.0, 0.0, 0.734238, 0.0, 0.0, 0.0, 1.0],
                [1.0, 0.0, -0.0, -5e-06, -0.0, 0.0, -1.0, 0.000946, 0.0, 1.0, 0.0, 0.733444, 0.0, 0.0, 0.0, 1.0],
                [1.0, 0.0, -0.0, -5e-06, -0.0, 0.0, -1.0, 0.000946, 0.0, 1.0, 0.0, 0.732609, 0.0, 0.0, 0.0, 1.0],
                [1.0, 0.0, -0.0, -5e-06, -0.0, 0.0, -1.0, 0.000946, 0.0, 1.0, 0.0, 0.731757, 0.0, 0.0, 0.0, 1.0],
                [1.0, 0.0, -0.0, -5e-06, -0.0, 0.0, -1.0, 0.000946, 0.0, 1.0, 0.0, 0.730897, 0.0, 0.0, 0.0, 1.0],
                [1.0, 0.0, -0.0, -5e-06, -0.0, 0.0, -1.0, 0.000946, 0.0, 1.0, 0.0, 0.730035, 0.0, 0.0, 0.0, 1.0],
                [1.0, 0.0, -0.0, -5e-06, -0.0, 0.0, -1.0, 0.000946, 0.0, 1.0, 0.0, 0.729174, 0.0, 0.0, 0.0, 1.0],
                [1.0, 0.0, -0.0, -5e-06, -0.0, 0.0, -1.0, 0.000946, 0.0, 1.0, 0.0, 0.728315, 0.0, 0.0, 0.0, 1.0],
                [1.0, 0.0, -0.0, -5e-06, -0.0, 0.0, -1.0, 0.000946, 0.0, 1.0, 0.0, 0.72746, 0.0, 0.0, 0.0, 1.0],
                [1.0, 0.0, -0.0, -5e-06, -0.0, 0.0, -1.0, 0.000946, 0.0, 1.0, 0.0, 0.726609, 0.0, 0.0, 0.0, 1.0],
                [1.0, 0.0, -0.0, -5e-06, -0.0, 0.0, -1.0, 0.000946, 0.0, 1.0, 0.0, 0.725764, 0.0, 0.0, 0.0, 1.0],
                [1.0, 0.0, -0.0, -5e-06, -0.0, 0.0, -1.0, 0.000946, 0.0, 1.0, 0.0, 0.724925, 0.0, 0.0, 0.0, 1.0],
                [1.0, 0.0, -0.0, -5e-06, -0.0, 0.0, -1.0, 0.000946, 0.0, 1.0, 0.0, 0.724093, 0.0, 0.0, 0.0, 1.0],
                [1.0, 0.0, -0.0, -5e-06, -0.0, 0.0, -1.0, 0.000946, 0.0, 1.0, 0.0, 0.723267, 0.0, 0.0, 0.0, 1.0],
                [1.0, 0.0, -0.0, -5e-06, -0.0, 0.0, -1.0, 0.000946, 0.0, 1.0, 0.0, 0.722449, 0.0, 0.0, 0.0, 1.0],
                [1.0, 0.0, -0.0, -5e-06, -0.0, 0.0, -1.0, 0.000946, 0.0, 1.0, 0.0, 0.721638, 0.0, 0.0, 0.0, 1.0],
                [1.0, 0.0, -0.0, -5e-06, -0.0, 0.0, -1.0, 0.000946, 0.0, 1.0, 0.0, 0.720836, 0.0, 0.0, 0.0, 1.0],
                [1.0, 0.0, -0.0, -5e-06, -0.0, 0.0, -1.0, 0.000946, 0.0, 1.0, 0.0, 0.720041, 0.0, 0.0, 0.0, 1.0],
                [1.0, 0.0, -0.0, -5e-06, -0.0, 0.0, -1.0, 0.000946, 0.0, 1.0, 0.0, 0.719256, 0.0, 0.0, 0.0, 1.0],
                [1.0, 0.0, -0.0, -5e-06, -0.0, 0.0, -1.0, 0.000946, 0.0, 1.0, 0.0, 0.718479, 0.0, 0.0, 0.0, 1.0],
                [1.0, 0.0, -0.0, -5e-06, -0.0, 0.0, -1.0, 0.000946, 0.0, 1.0, 0.0, 0.717711, 0.0, 0.0, 0.0, 1.0],
                [1.0, 0.0, -0.0, -5e-06, -0.0, 0.0, -1.0, 0.000946, 0.0, 1.0, 0.0, 0.716953, 0.0, 0.0, 0.0, 1.0],
                [1.0, 0.0, -0.0, -5e-06, -0.0, 0.0, -1.0, 0.000946, 0.0, 1.0, 0.0, 0.716204, 0.0, 0.0, 0.0, 1.0],
                [1.0, 0.0, -0.0, -5e-06, -0.0, 0.0, -1.0, 0.000946, 0.0, 1.0, 0.0, 0.715465, 0.0, 0.0, 0.0, 1.0],
                [1.0, 0.0, -0.0, -5e-06, -0.0, 0.0, -1.0, 0.000946, 0.0, 1.0, 0.0, 0.714737, 0.0, 0.0, 0.0, 1.0],
                [1.0, 0.0, -0.0, -5e-06, -0.0, 0.0, -1.0, 0.000946, 0.0, 1.0, 0.0, 0.714018, 0.0, 0.0, 0.0, 1.0],
                [1.0, 0.0, -0.0, -5e-06, -0.0, 0.0, -1.0, 0.000946, 0.0, 1.0, 0.0, 0.713311, 0.0, 0.0, 0.0, 1.0],
                [1.0, 0.0, -0.0, -5e-06, -0.0, 0.0, -1.0, 0.000946, 0.0, 1.0, 0.0, 0.712615, 0.0, 0.0, 0.0, 1.0],
                [1.0, 0.0, -0.0, -5e-06, -0.0, 0.0, -1.0, 0.000946, 0.0, 1.0, 0.0, 0.71193, 0.0, 0.0, 0.0, 1.0],
                [1.0, 0.0, -0.0, -5e-06, -0.0, 0.0, -1.0, 0.000946, 0.0, 1.0, 0.0, 0.711257, 0.0, 0.0, 0.0, 1.0],
                [1.0, 0.0, -0.0, -5e-06, -0.0, 0.0, -1.0, 0.000946, 0.0, 1.0, 0.0, 0.710596, 0.0, 0.0, 0.0, 1.0],
                [1.0, 0.0, -0.0, -5e-06, -0.0, 0.0, -1.0, 0.000946, 0.0, 1.0, 0.0, 0.709948, 0.0, 0.0, 0.0, 1.0],
                [1.0, 0.0, -0.0, -5e-06, -0.0, 0.0, -1.0, 0.000946, 0.0, 1.0, 0.0, 0.709312, 0.0, 0.0, 0.0, 1.0],
                [1.0, 0.0, -0.0, -5e-06, -0.0, 0.0, -1.0, 0.000946, 0.0, 1.0, 0.0, 0.708689, 0.0, 0.0, 0.0, 1.0],
                [1.0, 0.0, -0.0, -5e-06, -0.0, 0.0, -1.0, 0.000946, 0.0, 1.0, 0.0, 0.70808, 0.0, 0.0, 0.0, 1.0],
                [1.0, 0.0, -0.0, -5e-06, -0.0, 0.0, -1.0, 0.000946, 0.0, 1.0, 0.0, 0.707485, 0.0, 0.0, 0.0, 1.0],
                [1.0, 0.0, -0.0, -5e-06, -0.0, 0.0, -1.0, 0.000946, 0.0, 1.0, 0.0, 0.706905, 0.0, 0.0, 0.0, 1.0],
                [1.0, 0.0, -0.0, -5e-06, -0.0, 0.0, -1.0, 0.000946, 0.0, 1.0, 0.0, 0.706339, 0.0, 0.0, 0.0, 1.0],
                [1.0, 0.0, -0.0, -5e-06, -0.0, 0.0, -1.0, 0.000946, 0.0, 1.0, 0.0, 0.705789, 0.0, 0.0, 0.0, 1.0],
                [1.0, 0.0, -0.0, -5e-06, -0.0, 0.0, -1.0, 0.000946, 0.0, 1.0, 0.0, 0.705254, 0.0, 0.0, 0.0, 1.0],
                [1.0, 0.0, -0.0, -5e-06, -0.0, 0.0, -1.0, 0.000946, 0.0, 1.0, 0.0, 0.704737, 0.0, 0.0, 0.0, 1.0],
                [1.0, 0.0, -0.0, -5e-06, -0.0, 0.0, -1.0, 0.000946, 0.0, 1.0, 0.0, 0.704236, 0.0, 0.0, 0.0, 1.0],
                [1.0, 0.0, -0.0, -5e-06, -0.0, 0.0, -1.0, 0.000946, 0.0, 1.0, 0.0, 0.703753, 0.0, 0.0, 0.0, 1.0],
                [1.0, 0.0, -0.0, -5e-06, -0.0, 0.0, -1.0, 0.000946, 0.0, 1.0, 0.0, 0.703288, 0.0, 0.0, 0.0, 1.0],
                [1.0, 0.0, -0.0, -5e-06, -0.0, 0.0, -1.0, 0.000946, 0.0, 1.0, 0.0, 0.702843, 0.0, 0.0, 0.0, 1.0],
                [1.0, 0.0, -0.0, -5e-06, -0.0, 0.0, -1.0, 0.000946, 0.0, 1.0, 0.0, 0.702417, 0.0, 0.0, 0.0, 1.0],
                [1.0, 0.0, -0.0, -5e-06, -0.0, 0.0, -1.0, 0.000946, 0.0, 1.0, 0.0, 0.702012, 0.0, 0.0, 0.0, 1.0],
                [1.0, 0.0, -0.0, -5e-06, -0.0, 0.0, -1.0, 0.000946, 0.0, 1.0, 0.0, 0.701629, 0.0, 0.0, 0.0, 1.0],
                [1.0, 0.0, -0.0, -5e-06, -0.0, 0.0, -1.0, 0.000946, 0.0, 1.0, 0.0, 0.701268, 0.0, 0.0, 0.0, 1.0],
                [1.0, 0.0, -0.0, -5e-06, -0.0, 0.0, -1.0, 0.000946, 0.0, 1.0, 0.0, 0.700931, 0.0, 0.0, 0.0, 1.0],
                [1.0, 0.0, -0.0, -5e-06, -0.0, 0.0, -1.0, 0.000946, 0.0, 1.0, 0.0, 0.700619, 0.0, 0.0, 0.0, 1.0],
                [1.0, 0.0, -0.0, -5e-06, -0.0, 0.0, -1.0, 0.000946, 0.0, 1.0, 0.0, 0.700332, 0.0, 0.0, 0.0, 1.0],
                [1.0, 0.0, -0.0, -5e-06, -0.0, 0.0, -1.0, 0.000946, 0.0, 1.0, 0.0, 0.700072, 0.0, 0.0, 0.0, 1.0],
                [1.0, 0.0, -0.0, -5e-06, -0.0, 0.0, -1.0, 0.000946, 0.0, 1.0, 0.0, 0.699841, 0.0, 0.0, 0.0, 1.0],
                [1.0, 0.0, -0.0, -5e-06, -0.0, 0.0, -1.0, 0.000946, 0.0, 1.0, 0.0, 0.69964, 0.0, 0.0, 0.0, 1.0],
                [1.0, 0.0, -0.0, -5e-06, -0.0, 0.0, -1.0, 0.000946, 0.0, 1.0, 0.0, 0.699471, 0.0, 0.0, 0.0, 1.0],
                [1.0, 0.0, -0.0, -5e-06, -0.0, 0.0, -1.0, 0.000946, 0.0, 1.0, 0.0, 0.699336, 0.0, 0.0, 0.0, 1.0],
                [1.0, 0.0, -0.0, -5e-06, -0.0, 0.0, -1.0, 0.000946, 0.0, 1.0, 0.0, 0.699236, 0.0, 0.0, 0.0, 1.0],
                [1.0, 0.0, -0.0, -5e-06, -0.0, 0.0, -1.0, 0.000946, 0.0, 1.0, 0.0, 0.699174, 0.0, 0.0, 0.0, 1.0],
                [1.0, 0.0, -0.0, -5e-06, -0.0, 0.0, -1.0, 0.000946, 0.0, 1.0, 0.0, 0.699153, 0.0, 0.0, 0.0, 1.0]
            ]
        },
        {
            "name": "Thigh_R",
            "time": [0.0, 0.0417, 0.0833, 0.125, 0.1667, 0.2083, 0.25, 0.2917, 0.3333, 0.375, 0.4167, 0.4583, 0.5, 0.5417, 0.5833, 0.625, 0.6667, 0.7083, 0.75, 0.7917, 0.8333, 0.875, 0.9167, 0.9583, 1.0, 1.0417, 1.0833, 1.125, 1.1667, 1.2083, 1.25, 1.2917, 1.3333, 1.375, 1.4167, 1.4583, 1.5, 1.5417, 1.5833, 1.625, 1.6667, 1.7083, 1.75, 1.7917, 1.8333, 1.875, 1.9167, 1.9583, 2.0, 2.0417, 2.0833, 2.125, 2.1667, 2.2083, 2.25, 2.2917, 2.3333, 2.375, 2.4167, 2.4583, 2.5, 2.5417, 2.5833, 2.625, 2.6667, 2.7083, 2.75, 2.7917, 2.8333, 2.875, 2.9167, 2.9583, 3.0, 3.0417, 3.0833, 3.125, 3.1667, 3.2083, 3.25, 3.2917, 3.3333, 3.375, 3.4167, 3.4583, 3.5, 3.5417, 3.5833, 3.625, 3.6667, 3.7083, 3.75, 3.7917, 3.8333, 3.875, 3.9167, 3.9583, 4.0, 4.0417, 4.0833, 4.125, 4.1667, 4.2083, 4.25, 4.2917, 4.3333, 4.375, 4.4167, 4.4583, 4.5, 4.5417, 4.5833, 4.625, 4.6667, 4.7083, 4.75, 4.7917, 4.8333, 4.875, 4.9167, 4.9583, 5.0],
            "transform": [
                [0.951813, 0.15821, 0.262707, 0.114686, 0.122418, -0.981451, 0.147531, 0.003069, 0.281185, -0.108249, -0.953493, 0.087006, 0.0, 0.0, 0.0, 1.0],
                [0.951814, 0.158185, 0.262719, 0.114686, 0.122414, -0.981463, 0.147453, 0.003069, 0.281184, -0.108175, -0.953501, 0.087006, 0.0, 0.0, 0.0, 1.0],
                [0.951817, 0.15811, 0.262755, 0.114686, 0.122402, -0.9815, 0.147218, 0.003069, 0.281181, -0.107951, -0.953528, 0.087006, 0.0, 0.0, 0.0, 1.0],
                [0.951821, 0.157984, 0.262815, 0.114686, 0.122381, -0.981562, 0.146826, 0.003069, 0.281176, -0.107576, -0.953572, 0.087006, 0.0, 0.0, 0.0, 1.0],
                [0.951827, 0.157808, 0.262899, 0.114686, 0.122352, -0.981648, 0.146274, 0.003069, 0.281168, -0.107048, -0.953633, 0.087006, 0.0, 0.0, 0.0, 1.0],
                [0.951834, 0.15758, 0.263008, 0.114686, 0.122315, -0.981758, 0.145561, 0.003069, 0.281159, -0.106367, -0.953712, 0.087006, 0.0, 0.0, 0.0, 1.0],
                [0.951844, 0.1573, 0.263142, 0.114686, 0.122269, -0.981893, 0.144685, 0.003069, 0.281147, -0.105531, -0.953809, 0.087006, 0.0, 0.0, 0.0, 1.0],
                [0.951855, 0.156968, 0.2633, 0.114686, 0.122215, -0.982053, 0.143645, 0.003069, 0.281133, -0.104538, -0.953922, 0.087006, 0.0, 0.0, 0.0, 1.0],
                [0.951868, 0.156582, 0.263484, 0.114686, 0.122152, -0.982237, 0.142435, 0.003069, 0.281117, -0.103381, -0.954053, 0.087006, 0.0, 0.0, 0.0, 1.0],
                [0.951882, 0.156141, 0.263693, 0.114686, 0.122082, -0.982445, 0.141053, 0.003069, 0.281099, -0.102061, -0.9542, 0.087006, 0.0, 0.0, 0.0, 1.0],
                [0.951898, 0.155647, 0.263927, 0.114686, 0.122003, -0.982676, 0.139502, 0.003069, 0.281079, -0.100579, -0.954363, 0.087006, 0.0, 0.0, 0.0, 1.0],
                [0.951916, 0.155099, 0.264186, 0.114686, 0.121916, -0.98293, 0.13778, 0.003069, 0.281057, -0.098934, -0.954542, 0.087006, 0.0, 0.0, 0.0, 1.0],
                [0.951935, 0.154497, 0.264469, 0.114686, 0.121821, -0.983205, 0.135888, 0.003069, 0.281032, -0.097126, -0.954735, 0.087006, 0.0, 0.0, 0.0, 1.0],
                [0.951956, 0.153841, 0.264777, 0.114686, 0.121719, -0.983501, 0.133824, 0.003069, 0.281006, -0.095154, -0.954941, 0.087006, 0.0, 0.0, 0.0, 1.0],
                [0.951978, 0.153131, 0.265108, 0.114686, 0.121609, -0.983816, 0.131589, 0.003069, 0.280978, -0.093018, -0.95516, 0.087006, 0.0, 0.0, 0.0, 1.0],
                [0.952002, 0.152366, 0.265462, 0.114686, 0.121492, -0.98415, 0.129181, 0.003069, 0.280948, -0.090717, -0.95539, 0.087006, 0.0, 0.0, 0.0, 1.0],
                [0.952027, 0.151548, 0.26584, 0.114686, 0.121367, -0.9845, 0.126602, 0.003069, 0.280916, -0.088252, -0.95563, 0.087006, 0.0, 0.0, 0.0, 1.0],
                [0.952054, 0.150677, 0.26624, 0.114686, 0.121237, -0.984866, 0.123851, 0.003069, 0.280883, -0.085623, -0.955879, 0.087006, 0.0, 0.0, 0.0, 1.0],
                [0.952082, 0.149752, 0.266662, 0.114686, 0.121099, -0.985245, 0.120932, 0.003069, 0.280848, -0.082832, -0.956135, 0.087006, 0.0, 0.0, 0.0, 1.0],
                [0.952111, 0.148775, 0.267105, 0.114686, 0.120956, -0.985637, 0.117845, 0.003069, 0.280811, -0.079881, -0.956397, 0.087006, 0.0, 0.0, 0.0, 1.0],
                [0.952141, 0.147748, 0.267568, 0.114686, 0.120807, -0.986039, 0.114592, 0.003069, 0.280773, -0.076771, -0.956663, 0.087006, 0.0, 0.0, 0.0, 1.0],
                [0.952172, 0.146644, 0.268063, 0.114686, 0.120653, -0.986459, 0.111085, 0.003069, 0.280734, -0.073417, -0.956937, 0.087006, 0.0, 0.0, 0.0, 1.0],
                [0.952204, 0.145522, 0.268561, 0.114686, 0.120495, -0.986872, 0.107529, 0.003069, 0.280693, -0.070018, -0.957204, 0.087006, 0.0, 0.0, 0.0, 1.0],
                [0.952237, 0.144353, 0.269075, 0.114686, 0.120332, -0.987289, 0.103821, 0.003069, 0.280652, -0.066472, -0.957469, 0.087006, 0.0, 0.0, 0.0, 1.0],
                [0.95227, 0.143137, 0.269606, 0.114686, 0.120166, -0.987708, 0.099957, 0.003069, 0.28061, -0.062777, -0.957731, 0.087006, 0.0, 0.0, 0.0, 1.0],
                [0.952304, 0.141871, 0.270154, 0.114686, 0.119996, -0.988128, 0.095929, 0.003069, 0.280566, -0.058924, -0.957988, 0.087006, 0.0, 0.0, 0.0, 1.0],
                [0.952339, 0.140563, 0.270715, 0.114686, 0.119824, -0.988545, 0.091762, 0.003069, 0.280523, -0.054939, -0.958238, 0.087006, 0.0, 0.0, 0.0, 1.0],
                [0.952374, 0.139215, 0.271288, 0.114686, 0.11965, -0.988955, 0.087464, 0.003069, 0.280478, -0.050827, -0.958478, 0.087006, 0.0, 0.0, 0.0, 1.0],
                [0.952409, 0.13783, 0.271871, 0.114686, 0.119474, -0.989358, 0.083042, 0.003069, 0.280434, -0.046597, -0.958706, 0.087006, 0.0, 0.0, 0.0, 1.0],
                [0.952444, 0.136411, 0.272462, 0.114686, 0.119298, -0.989749, 0.078506, 0.003069, 0.280389, -0.042257, -0.95892, 0.087006, 0.0, 0.0, 0.0, 1.0],
                [0.95248, 0.134938, 0.273072, 0.114686, 0.119121, -0.990134, 0.073782, 0.003069, 0.280344, -0.037735, -0.959121, 0.087006, 0.0, 0.0, 0.0, 1.0],
                [0.952515, 0.133466, 0.273672, 0.114686, 0.118945, -0.990495, 0.069069, 0.003069, 0.2803, -0.033226, -0.959301, 0.087006, 0.0, 0.0, 0.0, 1.0],
                [0.95255, 0.131971, 0.274275, 0.114686, 0.11877, -0.990838, 0.064276, 0.003069, 0.280255, -0.028639, -0.959462, 0.087006, 0.0, 0.0, 0.0, 1.0],
                [0.952584, 0.130445, 0.274884, 0.114686, 0.118596, -0.991165, 0.059377, 0.003069, 0.280211, -0.02395, -0.959603, 0.087006, 0.0, 0.0, 0.0, 1.0],
                [0.952618, 0.128903, 0.275493, 0.114686, 0.118425, -0.99147, 0.054419, 0.003069, 0.280168, -0.019204, -0.959723, 0.087006, 0.0, 0.0, 0.0, 1.0],
                [0.952652, 0.127348, 0.276099, 0.114686, 0.118256, -0.991752, 0.049413, 0.003069, 0.280125, -0.014412, -0.959819, 0.087006, 0.0, 0.0, 0.0, 1.0],
                [0.952685, 0.12576, 0.276713, 0.114686, 0.11809, -0.992014, 0.044287, 0.003069, 0.280084, -0.009503, -0.959893, 0.087006, 0.0, 0.0, 0.0, 1.0],
                [0.952717, 0.124199, 0.277307, 0.114686, 0.117928, -0.992245, 0.039255, 0.003069, 0.280043, -0.004685, -0.95994, 0.087006, 0.0, 0.0, 0.0, 1.0],
                [0.952748, 0.12264, 0.277893, 0.114686, 0.117771, -0.99245, 0.034224, 0.003069, 0.280003, 0.000131, -0.959963, 0.087006, 0.0, 0.0, 0.0, 1.0],
                [0.952778, 0.121082, 0.278473, 0.114686, 0.117617, -0.992629, 0.029189, 0.003069, 0.279965, 0.004954, -0.959961, 0.087006, 0.0, 0.0, 0.0, 1.0],
                [0.952807, 0.119531, 0.279042, 0.114686, 0.117469, -0.992782, 0.024171, 0.003069, 0.279928, 0.00976, -0.959935, 0.087006, 0.0, 0.0, 0.0, 1.0],
                [0.952835, 0.11797, 0.27961, 0.114686, 0.117326, -0.992909, 0.019109, 0.003069, 0.279892, 0.014609, -0.959884, 0.087006, 0.0, 0.0, 0.0, 1.0],
                [0.952862, 0.116463, 0.280149, 0.114686, 0.117189, -0.993007, 0.014227, 0.003069, 0.279858, 0.019285, -0.959812, 0.087006, 0.0, 0.0, 0.0, 1.0],
                [0.952888, 0.114985, 0.280672, 0.114686, 0.117059, -0.99308, 0.009435, 0.003069, 0.279825, 0.023875, -0.959718, 0.087006, 0.0, 0.0, 0.0, 1.0],
                [0.952912, 0.113542, 0.281176, 0.114686, 0.116934, -0.993128, 0.004754, 0.003069, 0.279794, 0.02836, -0.959605, 0.087006, 0.0, 0.0, 0.0, 1.0],
                [0.952935, 0.112131, 0.281664, 0.114686, 0.116816, -0.993153, 0.00017, 0.003069, 0.279765, 0.032751, -0.959474, 0.087006, 0.0, 0.0, 0.0, 1.0],
                [0.952957, 0.110767, 0.28213, 0.114686, 0.116705, -0.993157, -0.004266, 0.003069, 0.279737, 0.037002, -0.959327, 0.087006, 0.0, 0.0, 0.0, 1.0],
                [0.952977, 0.109456, 0.282573, 0.114686, 0.116601, -0.993142, -0.008531, 0.003069, 0.279712, 0.041089, -0.959168, 0.087006, 0.0, 0.0, 0.0, 1.0],
                [0.952996, 0.108205, 0.282991, 0.114686, 0.116505, -0.99311, -0.012603, 0.003069, 0.279688, 0.044991, -0.959, 0.087006, 0.0, 0.0, 0.0, 1.0],
                [0.953013, 0.107021, 0.283383, 0.114686, 0.116416, -0.993064, -0.016459, 0.003069, 0.279666, 0.048686, -0.958826, 0.087006, 0.0, 0.0, 0.0, 1.0],
                [0.953029, 0.105911, 0.283746, 0.114686, 0.116334, -0.993007, -0.020076, 0.003069, 0.279646, 0.052152, -0.95865, 0.087006, 0.0, 0.0, 0.0, 1.0],
                [0.953043, 0.104881, 0.28408, 0.114686, 0.11626, -0.992942, -0.023435, 0.003069, 0.279628, 0.055372, -0.958474, 0.087006, 0.0, 0.0, 0.0, 1.0],
                [0.953056, 0.103938, 0.284384, 0.114686, 0.116194, -0.992872, -0.02651, 0.003069, 0.279612, 0.05832, -0.958304, 0.087006, 0.0, 0.0, 0.0, 1.0],
                [0.953068, 0.103089, 0.284654, 0.114686, 0.116135, -0.992801, -0.02928, 0.003069, 0.279597, 0.060974, -0.958143, 0.087006, 0.0, 0.0, 0.0, 1.0],
                [0.953077, 0.102341, 0.284892, 0.114686, 0.116084, -0.992732, -0.031723, 0.003069, 0.279585, 0.063316, -0.957995, 0.087006, 0.0, 0.0, 0.0, 1.0],
                [0.953086, 0.101698, 0.285094, 0.114686, 0.116041, -0.992668, -0.033822, 0.003069, 0.279575, 0.065328, -0.957863, 0.087006, 0.0, 0.0, 0.0, 1.0],
                [0.953093, 0.101166, 0.285261, 0.114686, 0.116006, -0.992611, -0.035559, 0.003069, 0.279566, 0.066993, -0.95775, 0.087006, 0.0, 0.0, 0.0, 1.0],
                [0.953098, 0.100749, 0.285391, 0.114686, 0.115979, -0.992564, -0.036922, 0.003069, 0.279559, 0.0683, -0.95766, 0.087006, 0.0, 0.0, 0.0, 1.0],
                [0.953101, 0.100449, 0.285484, 0.114686, 0.11596, -0.99253, -0.037902, 0.003069, 0.279555, 0.069239, -0.957594, 0.087006, 0.0, 0.0, 0.0, 1.0],
                [0.953104, 0.100268, 0.28554, 0.114686, 0.115948, -0.992509, -0.038491, 0.003069, 0.279552, 0.069804, -0.957554, 0.087006, 0.0, 0.0, 0.0, 1.0],
                [0.953104, 0.100208, 0.285559, 0.114686, 0.115945, -0.992501, -0.038687, 0.003069, 0.279551, 0.069992, -0.95754, 0.087006, 0.0, 0.0, 0.0, 1.0],
                [0.953084, 0.101817, 0.285057, 0.114686, 0.116049, -0.99268, -0.033433, 0.003069, 0.279576, 0.064956, -0.957888, 0.087006, 0.0, 0.0, 0.0, 1.0],
                [0.953057, 0.10388, 0.284402, 0.114686, 0.11619, -0.992868, -0.0267, 0.003069, 0.279611, 0.058501, -0.958293, 0.087006, 0.0, 0.0, 0.0, 1.0],
                [0.953029, 0.105955, 0.283732, 0.114686, 0.116337, -0.993009, -0.019934, 0.003069, 0.279647, 0.052016, -0.958657, 0.087006, 0.0, 0.0, 0.0, 1.0],
                [0.952999, 0.107979, 0.283066, 0.114686, 0.116488, -0.993102, -0.013338, 0.003069, 0.279684, 0.045695, -0.958968, 0.087006, 0.0, 0.0, 0.0, 1.0],
                [0.95297, 0.10994, 0.28241, 0.114686, 0.116639, -0.993149, -0.006955, 0.003069, 0.279721, 0.039579, -0.959229, 0.087006, 0.0, 0.0, 0.0, 1.0],
                [0.95294, 0.111834, 0.281766, 0.114686, 0.116792, -0.993155, -0.000796, 0.003069, 0.279759, 0.033677, -0.959443, 0.087006, 0.0, 0.0, 0.0, 1.0],
                [0.95291, 0.113661, 0.281135, 0.114686, 0.116944, -0.993125, 0.005138, 0.003069, 0.279797, 0.027992, -0.959615, 0.087006, 0.0, 0.0, 0.0, 1.0],
                [0.95288, 0.115415, 0.280521, 0.114686, 0.117096, -0.993061, 0.010828, 0.003069, 0.279835, 0.022541, -0.959748, 0.087006, 0.0, 0.0, 0.0, 1.0],
                [0.952851, 0.11711, 0.279919, 0.114686, 0.117248, -0.992968, 0.016324, 0.003069, 0.279872, 0.017277, -0.959846, 0.087006, 0.0, 0.0, 0.0, 1.0],
                [0.952821, 0.118779, 0.279316, 0.114686, 0.117399, -0.992846, 0.021736, 0.003069, 0.27991, 0.012091, -0.959914, 0.087006, 0.0, 0.0, 0.0, 1.0],
                [0.952791, 0.12037, 0.278735, 0.114686, 0.117549, -0.992702, 0.026888, 0.003069, 0.279948, 0.007157, -0.959953, 0.087006, 0.0, 0.0, 0.0, 1.0],
                [0.952762, 0.121911, 0.278165, 0.114686, 0.117698, -0.992537, 0.03187, 0.003069, 0.279985, 0.002386, -0.959965, 0.087006, 0.0, 0.0, 0.0, 1.0],
                [0.952733, 0.123395, 0.27761, 0.114686, 0.117847, -0.992354, 0.036662, 0.003069, 0.280022, -0.002203, -0.959955, 0.087006, 0.0, 0.0, 0.0, 1.0],
                [0.952704, 0.124834, 0.277066, 0.114686, 0.117994, -0.992154, 0.041304, 0.003069, 0.280059, -0.006647, -0.959924, 0.087006, 0.0, 0.0, 0.0, 1.0],
                [0.952675, 0.126231, 0.276533, 0.114686, 0.11814, -0.991939, 0.045805, 0.003069, 0.280096, -0.010957, -0.959873, 0.087006, 0.0, 0.0, 0.0, 1.0],
                [0.952646, 0.127619, 0.275994, 0.114686, 0.118285, -0.991705, 0.050285, 0.003069, 0.280133, -0.015246, -0.959804, 0.087006, 0.0, 0.0, 0.0, 1.0],
                [0.952617, 0.12894, 0.275478, 0.114686, 0.118429, -0.991463, 0.054539, 0.003069, 0.280169, -0.019319, -0.95972, 0.087006, 0.0, 0.0, 0.0, 1.0],
                [0.952589, 0.130225, 0.274971, 0.114686, 0.118572, -0.99121, 0.058668, 0.003069, 0.280205, -0.023272, -0.959622, 0.087006, 0.0, 0.0, 0.0, 1.0],
                [0.952561, 0.131473, 0.274474, 0.114686, 0.118713, -0.990948, 0.062678, 0.003069, 0.280241, -0.027109, -0.959511, 0.087006, 0.0, 0.0, 0.0, 1.0],
                [0.952533, 0.132682, 0.273989, 0.114686, 0.118853, -0.990678, 0.066557, 0.003069, 0.280276, -0.030822, -0.959388, 0.087006, 0.0, 0.0, 0.0, 1.0],
                [0.952505, 0.133855, 0.273514, 0.114686, 0.118991, -0.990402, 0.070316, 0.003069, 0.280311, -0.034419, -0.959256, 0.087006, 0.0, 0.0, 0.0, 1.0],
                [0.952478, 0.134997, 0.273048, 0.114686, 0.119128, -0.990119, 0.07397, 0.003069, 0.280346, -0.037916, -0.959114, 0.087006, 0.0, 0.0, 0.0, 1.0],
                [0.952451, 0.136135, 0.272577, 0.114686, 0.119264, -0.989823, 0.077624, 0.003069, 0.28038, -0.041412, -0.958959, 0.087006, 0.0, 0.0, 0.0, 1.0],
                [0.952424, 0.13722, 0.272126, 0.114686, 0.119398, -0.989528, 0.081094, 0.003069, 0.280414, -0.044733, -0.9588, 0.087006, 0.0, 0.0, 0.0, 1.0],
                [0.952398, 0.138276, 0.271684, 0.114686, 0.11953, -0.98923, 0.084467, 0.003069, 0.280448, -0.04796, -0.958634, 0.087006, 0.0, 0.0, 0.0, 1.0],
                [0.952371, 0.139303, 0.27125, 0.114686, 0.119661, -0.988929, 0.087746, 0.003069, 0.280481, -0.051097, -0.958462, 0.087006, 0.0, 0.0, 0.0, 1.0],
                [0.952346, 0.140302, 0.270826, 0.114686, 0.11979, -0.988625, 0.090932, 0.003069, 0.280514, -0.054145, -0.958285, 0.087006, 0.0, 0.0, 0.0, 1.0],
                [0.95232, 0.141274, 0.27041, 0.114686, 0.119917, -0.98832, 0.094028, 0.003069, 0.280546, -0.057106, -0.958104, 0.087006, 0.0, 0.0, 0.0, 1.0],
                [0.952295, 0.142218, 0.270004, 0.114686, 0.120042, -0.988014, 0.097036, 0.003069, 0.280578, -0.059983, -0.957919, 0.087006, 0.0, 0.0, 0.0, 1.0],
                [0.95227, 0.143137, 0.269605, 0.114686, 0.120166, -0.987708, 0.099958, 0.003069, 0.28061, -0.062777, -0.957731, 0.087006, 0.0, 0.0, 0.0, 1.0],
                [0.952246, 0.144026, 0.269218, 0.114686, 0.120287, -0.987403, 0.102781, 0.003069, 0.280641, -0.065478, -0.957541, 0.087006, 0.0, 0.0, 0.0, 1.0],
                [0.952222, 0.144887, 0.268841, 0.114686, 0.120406, -0.987101, 0.105515, 0.003069, 0.280671, -0.068091, -0.95735, 0.087006, 0.0, 0.0, 0.0, 1.0],
                [0.952198, 0.145723, 0.268472, 0.114686, 0.120523, -0.986799, 0.108167, 0.003069, 0.280701, -0.070627, -0.957157, 0.087006, 0.0, 0.0, 0.0, 1.0],
                [0.952175, 0.146535, 0.268112, 0.114686, 0.120638, -0.9865, 0.110738, 0.003069, 0.28073, -0.073085, -0.956964, 0.087006, 0.0, 0.0, 0.0, 1.0],
                [0.952152, 0.147349, 0.267746, 0.114686, 0.12075, -0.986192, 0.113331, 0.003069, 0.280759, -0.075566, -0.956763, 0.087006, 0.0, 0.0, 0.0, 1.0],
                [0.95213, 0.148115, 0.267403, 0.114686, 0.12086, -0.985897, 0.115754, 0.003069, 0.280787, -0.077882, -0.956569, 0.087006, 0.0, 0.0, 0.0, 1.0],
                [0.952108, 0.148855, 0.267069, 0.114686, 0.120968, -0.985605, 0.118097, 0.003069, 0.280814, -0.080122, -0.956376, 0.087006, 0.0, 0.0, 0.0, 1.0],
                [0.952087, 0.149571, 0.266744, 0.114686, 0.121073, -0.985319, 0.120359, 0.003069, 0.280841, -0.082285, -0.956184, 0.087006, 0.0, 0.0, 0.0, 1.0],
                [0.952066, 0.150262, 0.26643, 0.114686, 0.121175, -0.985037, 0.122542, 0.003069, 0.280867, -0.084371, -0.955995, 0.087006, 0.0, 0.0, 0.0, 1.0],
                [0.952046, 0.150928, 0.266125, 0.114686, 0.121274, -0.984761, 0.124644, 0.003069, 0.280892, -0.08638, -0.955808, 0.087006, 0.0, 0.0, 0.0, 1.0],
                [0.952027, 0.151568, 0.265831, 0.114686, 0.121371, -0.984491, 0.126665, 0.003069, 0.280917, -0.088313, -0.955624, 0.087006, 0.0, 0.0, 0.0, 1.0],
                [0.952008, 0.152184, 0.265547, 0.114686, 0.121464, -0.984228, 0.128606, 0.003069, 0.280941, -0.090167, -0.955444, 0.087006, 0.0, 0.0, 0.0, 1.0],
                [0.951989, 0.152774, 0.265274, 0.114686, 0.121554, -0.983973, 0.130464, 0.003069, 0.280964, -0.091943, -0.955268, 0.087006, 0.0, 0.0, 0.0, 1.0],
                [0.951972, 0.153338, 0.265011, 0.114686, 0.121641, -0.983725, 0.13224, 0.003069, 0.280986, -0.093641, -0.955096, 0.087006, 0.0, 0.0, 0.0, 1.0],
                [0.951955, 0.153875, 0.26476, 0.114686, 0.121724, -0.983485, 0.133932, 0.003069, 0.281008, -0.095257, -0.95493, 0.087006, 0.0, 0.0, 0.0, 1.0],
                [0.951939, 0.154386, 0.264521, 0.114686, 0.121804, -0.983255, 0.135539, 0.003069, 0.281028, -0.096793, -0.95477, 0.087006, 0.0, 0.0, 0.0, 1.0],
                [0.951923, 0.15487, 0.264294, 0.114686, 0.12188, -0.983035, 0.137059, 0.003069, 0.281047, -0.098245, -0.954616, 0.087006, 0.0, 0.0, 0.0, 1.0],
                [0.951908, 0.155325, 0.26408, 0.114686, 0.121952, -0.982826, 0.13849, 0.003069, 0.281066, -0.099613, -0.954469, 0.087006, 0.0, 0.0, 0.0, 1.0],
                [0.951895, 0.155752, 0.263878, 0.114686, 0.12202, -0.982628, 0.139831, 0.003069, 0.281083, -0.100894, -0.954329, 0.087006, 0.0, 0.0, 0.0, 1.0],
                [0.951882, 0.156149, 0.26369, 0.114686, 0.122083, -0.982441, 0.141078, 0.003069, 0.281099, -0.102085, -0.954198, 0.087006, 0.0, 0.0, 0.0, 1.0],
                [0.95187, 0.156516, 0.263515, 0.114686, 0.122142, -0.982268, 0.142229, 0.003069, 0.281114, -0.103184, -0.954075, 0.087006, 0.0, 0.0, 0.0, 1.0],
                [0.951859, 0.156851, 0.263356, 0.114686, 0.122196, -0.982109, 0.143279, 0.003069, 0.281128, -0.104188, -0.953962, 0.087006, 0.0, 0.0, 0.0, 1.0],
                [0.951849, 0.157152, 0.263213, 0.114686, 0.122245, -0.981965, 0.144221, 0.003069, 0.281141, -0.105088, -0.953859, 0.087006, 0.0, 0.0, 0.0, 1.0],
                [0.95184, 0.157419, 0.263085, 0.114686, 0.122288, -0.981836, 0.145056, 0.003069, 0.281152, -0.105886, -0.953768, 0.087006, 0.0, 0.0, 0.0, 1.0],
                [0.951832, 0.15765, 0.262975, 0.114686, 0.122326, -0.981724, 0.145781, 0.003069, 0.281162, -0.106578, -0.953688, 0.087006, 0.0, 0.0, 0.0, 1.0],
                [0.951826, 0.157845, 0.262882, 0.114686, 0.122358, -0.98163, 0.14639, 0.003069, 0.28117, -0.107159, -0.95362, 0.087006, 0.0, 0.0, 0.0, 1.0],
                [0.95182, 0.158, 0.262807, 0.114686, 0.122384, -0.981554, 0.146876, 0.003069, 0.281176, -0.107624, -0.953566, 0.087006, 0.0, 0.0, 0.0, 1.0],
                [0.951816, 0.158115, 0.262752, 0.114686, 0.122403, -0.981498, 0.147234, 0.003069, 0.281181, -0.107965, -0.953526, 0.087006, 0.0, 0.0, 0.0, 1.0],
                [0.951814, 0.158185, 0.262718, 0.114686, 0.122414, -0.981463, 0.147455, 0.003069, 0.281184, -0.108177, -0.953501, 0.087006, 0.0, 0.0, 0.0, 1.0],
                [0.951813, 0.15821, 0.262707, 0.114686, 0.122418, -0.981451, 0.147531, 0.003069, 0.281185, -0.108249, -0.953493, 0.087006, 0.0, 0.0, 0.0, 1.0]
            ]
        },
        {
            "name": "Leg_R",
            "time": [0.0, 0.0417, 0.0833, 0.125, 0.1667, 0.2083, 0.25, 0.2917, 0.3333, 0.375, 0.4167, 0.4583, 0.5, 0.5417, 0.5833, 0.625, 0.6667, 0.7083, 0.75, 0.7917, 0.8333, 0.875, 0.9167, 0.9583, 1.0, 1.0417, 1.0833, 1.125, 1.1667, 1.2083, 1.25, 1.2917, 1.3333, 1.375, 1.4167, 1.4583, 1.5, 1.5417, 1.5833, 1.625, 1.6667, 1.7083, 1.75, 1.7917, 1.8333, 1.875, 1.9167, 1.9583, 2.0, 2.0417, 2.0833, 2.125, 2.1667, 2.2083, 2.25, 2.2917, 2.3333, 2.375, 2.4167, 2.4583, 2.5, 2.5417, 2.5833, 2.625, 2.6667, 2.7083, 2.75, 2.7917, 2.8333, 2.875, 2.9167, 2.9583, 3.0, 3.0417, 3.0833, 3.125, 3.1667, 3.2083, 3.25, 3.2917, 3.3333, 3.375, 3.4167, 3.4583, 3.5, 3.5417, 3.5833, 3.625, 3.6667, 3.7083, 3.75, 3.7917, 3.8333, 3.875, 3.9167, 3.9583, 4.0, 4.0417, 4.0833, 4.125, 4.1667, 4.2083, 4.25, 4.2917, 4.3333, 4.375, 4.4167, 4.4583, 4.5, 4.5417, 4.5833, 4.625, 4.6667, 4.7083, 4.75, 4.7917, 4.8333, 4.875, 4.9167, 4.9583, 5.0],
            "transform": [
                [1.0, -0.000697, -0.000359, 0.0, 0.000769, 0.781683, 0.623658, 0.375166, -0.000154, -0.62369, 0.781693, 0.0, 0.0, 0.0, 0.0, 1.0],
                [1.0, -0.000697, -0.000359, 0.0, 0.000769, 0.781789, 0.623525, 0.375166, -0.000154, -0.623557, 0.781799, 0.0, 0.0, 0.0, 0.0, 1.0],
                [1.0, -0.000697, -0.000359, 0.0, 0.000769, 0.782107, 0.623125, 0.375166, -0.000154, -0.623157, 0.782118, 0.0, 0.0, 0.0, 0.0, 1.0],
                [1.0, -0.000696, -0.000358, -0.0, 0.000768, 0.782641, 0.622455, 0.375166, -0.000153, -0.622487, 0.782651, 0.0, 0.0, 0.0, 0.0, 1.0],
                [1.0, -0.000695, -0.000357, -0.0, 0.000767, 0.783389, 0.621513, 0.375166, -0.000152, -0.621545, 0.7834, -0.0, 0.0, 0.0, 0.0, 1.0],
                [1.0, -0.000694, -0.000356, 0.0, 0.000765, 0.784354, 0.620295, 0.375166, -0.000151, -0.620326, 0.784365, 0.0, 0.0, 0.0, 0.0, 1.0],
                [1.0, -0.000692, -0.000355, -0.0, 0.000763, 0.785537, 0.618796, 0.375166, -0.00015, -0.618828, 0.785547, 0.0, 0.0, 0.0, 0.0, 1.0],
                [1.0, -0.00069, -0.000353, -0.0, 0.000761, 0.786936, 0.617016, 0.375166, -0.000148, -0.617047, 0.786946, -0.0, 0.0, 0.0, 0.0, 1.0],
                [1.0, -0.000688, -0.000351, -0.0, 0.000758, 0.788559, 0.614941, 0.375166, -0.000146, -0.614972, 0.788569, -0.0, 0.0, 0.0, 0.0, 1.0],
                [1.0, -0.000685, -0.000349, -0.0, 0.000756, 0.790403, 0.612568, 0.375166, -0.000143, -0.6126, 0.790413, 0.0, 0.0, 0.0, 0.0, 1.0],
                [1.0, -0.000682, -0.000347, 0.0, 0.000752, 0.792463, 0.609901, 0.375166, -0.000141, -0.609932, 0.792474, -0.0, 0.0, 0.0, 0.0, 1.0],
                [1.0, -0.000679, -0.000345, -0.0, 0.000749, 0.794738, 0.606934, 0.375166, -0.000138, -0.606965, 0.794748, -0.0, 0.0, 0.0, 0.0, 1.0],
                [1.0, -0.000675, -0.000342, -0.0, 0.000745, 0.797224, 0.603666, 0.375166, -0.000135, -0.603697, 0.797233, 0.0, 0.0, 0.0, 0.0, 1.0],
                [1.0, -0.000671, -0.000339, 0.0, 0.00074, 0.799917, 0.600092, 0.375166, -0.000132, -0.600123, 0.799927, -0.0, 0.0, 0.0, 0.0, 1.0],
                [1.0, -0.000667, -0.000336, 0.0, 0.000735, 0.802814, 0.596211, 0.375166, -0.000128, -0.596241, 0.802824, 0.0, 0.0, 0.0, 0.0, 1.0],
                [1.0, -0.000662, -0.000332, -0.0, 0.00073, 0.805911, 0.592019, 0.375166, -0.000124, -0.59205, 0.80592, 0.0, 0.0, 0.0, 0.0, 1.0],
                [1.0, -0.000657, -0.000328, -0.0, 0.000725, 0.809199, 0.587516, 0.375166, -0.00012, -0.587546, 0.809209, -0.0, 0.0, 0.0, 0.0, 1.0],
                [1.0, -0.000652, -0.000325, 0.0, 0.000719, 0.812675, 0.582699, 0.375166, -0.000116, -0.582729, 0.812684, -0.0, 0.0, 0.0, 0.0, 1.0],
                [1.0, -0.000646, -0.00032, 0.0, 0.000712, 0.816329, 0.577569, 0.375166, -0.000111, -0.577599, 0.816338, -0.0, 0.0, 0.0, 0.0, 1.0],
                [1.0, -0.00064, -0.000316, -0.0, 0.000706, 0.820154, 0.572125, 0.375166, -0.000107, -0.572155, 0.820163, 0.0, 0.0, 0.0, 0.0, 1.0],
                [1.0, -0.000633, -0.000312, 0.0, 0.000699, 0.824139, 0.56637, 0.375166, -0.000102, -0.566399, 0.824148, -0.0, 0.0, 0.0, 0.0, 1.0],
                [1.0, -0.000626, -0.000307, 0.0, 0.000691, 0.828377, 0.560154, 0.375166, -9.7e-05, -0.560183, 0.828386, -0.0, 0.0, 0.0, 0.0, 1.0],
                [1.0, -0.000619, -0.000302, 0.0, 0.000683, 0.83263, 0.553812, 0.375166, -9.1e-05, -0.55384, 0.832639, 0.0, 0.0, 0.0, 0.0, 1.0],
                [1.0, -0.000612, -0.000297, 0.0, 0.000675, 0.837008, 0.547173, 0.375166, -8.6e-05, -0.5472, 0.837017, 0.0, 0.0, 0.0, 0.0, 1.0],
                [1.0, -0.000604, -0.000292, 0.0, 0.000666, 0.841508, 0.540228, 0.375166, -8e-05, -0.540255, 0.841516, -0.0, 0.0, 0.0, 0.0, 1.0],
                [1.0, -0.000596, -0.000287, 0.0, 0.000657, 0.846129, 0.532961, 0.375166, -7.5e-05, -0.532988, 0.846137, -0.0, 0.0, 0.0, 0.0, 1.0],
