{
    "animation": [
        {
            "name": "Root",
            "time": [0.0, 0.0167, 0.0333, 0.05, 0.0667, 0.0833, 0.1, 0.1167, 0.1333, 0.15, 0.1667, 0.1833, 0.2, 0.2167, 0.2333, 0.25, 0.2667, 0.2833, 0.3, 0.3167, 0.3333, 0.35, 0.3667, 0.3833, 0.4, 0.4167, 0.4333, 0.45, 0.4667, 0.4833, 0.5, 0.5167, 0.5333, 0.55, 0.5667, 0.5833, 0.6, 0.6167, 0.6333, 0.65, 0.6667, 0.6833, 0.7],
            "transform": [
                [1.0, 0.0, -0.0, -5e-06, -0.0, 0.0, -1.0, -0.064382, 0.0, 1.0, 0.0, 0.548561, 0.0, 0.0, 0.0, 1.0],
                [1.0, 0.0, -0.0, -5e-06, -0.0, 0.0, -1.0, -0.057986, 0.0, 1.0, 0.0, 0.559855, 0.0, 0.0, 0.0, 1.0],
                [1.0, 0.0, -0.0, -5e-06, -0.0, 0.0, -1.0, -0.03908, 0.0, 1.0, 0.0, 0.592726, 0.0, 0.0, 0.0, 1.0],
                [1.0, 0.0, -0.0, -5e-06, -0.0, 0.0, -1.0, -0.011139, 0.0, 1.0, 0.0, 0.63998, 0.0, 0.0, 0.0, 1.0],
                [1.0, 0.0, -0.0, -5e-06, -0.0, 0.0, -1.0, 0.01828, 0.0, 1.0, 0.0, 0.687234, 0.0, 0.0, 0.0, 1.0],
                [1.0, 0.0, -0.0, -5e-06, -0.0, 0.0, -1.0, 0.041249, 0.0, 1.0, 0.0, 0.720105, 0.0, 0.0, 0.0, 1.0],
                [1.0, 0.0, -0.0, -5e-06, -0.0, 0.0, -1.0, 0.053498, 0.0, 1.0, 0.0, 0.7314, 0.0, 0.0, 0.0, 1.0],
                [1.0, 0.0, -0.0, -5e-06, -0.0, 0.0, -1.0, 0.059849, 0.0, 1.0, 0.0, 0.73107, 0.0, 0.0, 0.0, 1.0],
                [1.0, 0.0, -0.0, -5e-06, -0.0, 0.0, -1.0, 0.064189, 0.0, 1.0, 0.0, 0.728698, 0.0, 0.0, 0.0, 1.0],
                [1.0, 0.0, -0.0, -5e-06, -0.0, 0.0, -1.0, 0.066793, 0.0, 1.0, 0.0, 0.72231, 0.0, 0.0, 0.0, 1.0],
                [1.0, 0.0, -0.0, -5e-06, -0.0, 0.0, -1.0, 0.068103, 0.0, 1.0, 0.0, 0.710482, 0.0, 0.0, 0.0, 1.0],
                [1.0, 0.0, -0.0, -5e-06, -0.0, 0.0, -1.0, 0.068598, 0.0, 1.0, 0.0, 0.692585, 0.0, 0.0, 0.0, 1.0],
                [1.0, 0.0, -0.0, -5e-06, -0.0, 0.0, -1.0, 0.06869, 0.0, 1.0, 0.0, 0.668676, 0.0, 0.0, 0.0, 1.0],
                [1.0, 0.0, -0.0, -5e-06, -0.0, 0.0, -1.0, 0.064975, 0.0, 1.0, 0.0, 0.603394, 0.0, 0.0, 0.0, 1.0],
                [1.0, 0.0, -0.0, -5e-06, -0.0, 0.0, -1.0, 0.053674, 0.0, 1.0, 0.0, 0.521919, 0.0, 0.0, 0.0, 1.0],
                [1.0, 0.0, -0.0, -5e-06, -0.0, 0.0, -1.0, 0.03963, 0.0, 1.0, 0.0, 0.488706, 0.0, 0.0, 0.0, 1.0],
                [1.0, 0.0, -0.0, -5e-06, -0.0, 0.0, -1.0, 0.020398, 0.0, 1.0, 0.0, 0.489954, 0.0, 0.0, 0.0, 1.0],
                [1.0, 0.0, -0.0, -5e-06, -0.0, 0.0, -1.0, -0.003338, 0.0, 1.0, 0.0, 0.494272, 0.0, 0.0, 0.0, 1.0],
                [1.0, 0.0, -0.0, -5e-06, -0.0, 0.0, -1.0, -0.027192, 0.0, 1.0, 0.0, 0.502284, 0.0, 0.0, 0.0, 1.0],
                [1.0, 0.0, -0.0, -5e-06, -0.0, 0.0, -1.0, -0.047041, 0.0, 1.0, 0.0, 0.514186, 0.0, 0.0, 0.0, 1.0],
                [1.0, 0.0, -0.0, -5e-06, -0.0, 0.0, -1.0, -0.059945, 0.0, 1.0, 0.0, 0.529765, 0.0, 0.0, 0.0, 1.0],
                [1.0, 0.0, -0.0, -5e-06, -0.0, 0.0, -1.0, -0.064382, 0.0, 1.0, 0.0, 0.548561, 0.0, 0.0, 0.0, 1.0],
                [1.0, 0.0, -0.0, -5e-06, -0.0, 0.0, -1.0, -0.056076, 0.0, 1.0, 0.0, 0.580321, 0.0, 0.0, 0.0, 1.0],
                [1.0, 0.0, -0.0, -5e-06, -0.0, 0.0, -1.0, -0.034719, 0.0, 1.0, 0.0, 0.621542, 0.0, 0.0, 0.0, 1.0],
                [1.0, 0.0, -0.0, -5e-06, -0.0, 0.0, -1.0, -0.006948, 0.0, 1.0, 0.0, 0.663982, 0.0, 0.0, 0.0, 1.0],
                [1.0, 0.0, -0.0, -5e-06, -0.0, 0.0, -1.0, 0.020342, 0.0, 1.0, 0.0, 0.699793, 0.0, 0.0, 0.0, 1.0],
                [1.0, 0.0, -0.0, -5e-06, -0.0, 0.0, -1.0, 0.041638, 0.0, 1.0, 0.0, 0.72328, 0.0, 0.0, 0.0, 1.0],
                [1.0, 0.0, -0.0, -5e-06, -0.0, 0.0, -1.0, 0.053498, 0.0, 1.0, 0.0, 0.7314, 0.0, 0.0, 0.0, 1.0],
                [1.0, 0.0, -0.0, -5e-06, -0.0, 0.0, -1.0, 0.059714, 0.0, 1.0, 0.0, 0.73107, 0.0, 0.0, 0.0, 1.0],
                [1.0, 0.0, -0.0, -5e-06, -0.0, 0.0, -1.0, 0.064021, 0.0, 1.0, 0.0, 0.728698, 0.0, 0.0, 0.0, 1.0],
                [1.0, 0.0, -0.0, -5e-06, -0.0, 0.0, -1.0, 0.066658, 0.0, 1.0, 0.0, 0.72231, 0.0, 0.0, 0.0, 1.0],
                [1.0, 0.0, -0.0, -5e-06, -0.0, 0.0, -1.0, 0.068029, 0.0, 1.0, 0.0, 0.710482, 0.0, 0.0, 0.0, 1.0],
                [1.0, 0.0, -0.0, -5e-06, -0.0, 0.0, -1.0, 0.068577, 0.0, 1.0, 0.0, 0.692585, 0.0, 0.0, 0.0, 1.0],
                [1.0, 0.0, -0.0, -5e-06, -0.0, 0.0, -1.0, 0.06869, 0.0, 1.0, 0.0, 0.668676, 0.0, 0.0, 0.0, 1.0],
                [1.0, 0.0, -0.0, -5e-06, -0.0, 0.0, -1.0, 0.064975, 0.0, 1.0, 0.0, 0.603394, 0.0, 0.0, 0.0, 1.0],
                [1.0, 0.0, -0.0, -5e-06, -0.0, 0.0, -1.0, 0.053674, 0.0, 1.0, 0.0, 0.521919, 0.0, 0.0, 0.0, 1.0],
                [1.0, 0.0, -0.0, -5e-06, -0.0, 0.0, -1.0, 0.03963, 0.0, 1.0, 0.0, 0.488706, 0.0, 0.0, 0.0, 1.0],
                [1.0, 0.0, -0.0, -5e-06, -0.0, 0.0, -1.0, 0.020398, 0.0, 1.0, 0.0, 0.4935, 0.0, 0.0, 0.0, 1.0],
                [1.0, 0.0, -0.0, -5e-06, -0.0, 0.0, -1.0, -0.003338, 0.0, 1.0, 0.0, 0.505614, 0.0, 0.0, 0.0, 1.0],
                [1.0, 0.0, -0.0, -5e-06, -0.0, 0.0, -1.0, -0.027192, 0.0, 1.0, 0.0, 0.5209, 0.0, 0.0, 0.0, 1.0],
                [1.0, 0.0, -0.0, -5e-06, -0.0, 0.0, -1.0, -0.047041, 0.0, 1.0, 0.0, 0.535137, 0.0, 0.0, 0.0, 1.0],
                [1.0, 0.0, -0.0, -5e-06, -0.0, 0.0, -1.0, -0.059945, 0.0, 1.0, 0.0, 0.545023, 0.0, 0.0, 0.0, 1.0],
                [1.0, 0.0, -0.0, -5e-06, -0.0, 0.0, -1.0, -0.064382, 0.0, 1.0, 0.0, 0.548561, 0.0, 0.0, 0.0, 1.0]
            ]
        },
        {
            "name": "Thigh_R",
            "time": [0.0, 0.0167, 0.0333, 0.05, 0.0667, 0.0833, 0.1, 0.1167, 0.1333, 0.15, 0.1667, 0.1833, 0.2, 0.2167, 0.2333, 0.25, 0.2667, 0.2833, 0.3, 0.3167, 0.3333, 0.35, 0.3667, 0.3833, 0.4, 0.4167, 0.4333, 0.45, 0.4667, 0.4833, 0.5, 0.5167, 0.5333, 0.55, 0.5667, 0.5833, 0.6, 0.6167, 0.6333, 0.65, 0.6667, 0.6833, 0.7],
            "transform": [
                [0.999999, 0.000911, -0.000467, 0.124994, 0.000679, -0.248139, 0.968708, -0.002831, 0.000766, -0.968706, -0.248115, -1.2e-05, 0.0, 0.0, 0.0, 1.0],
                [1.0, 0.000893, -0.000443, 0.124994, 0.000651, -0.247944, 0.968757, -0.002831, 0.000755, -0.968757, -0.24792, -1.2e-05, 0.0, 0.0, 0.0, 1.0],
                [1.0, 0.000833, -0.000371, 0.124994, 0.000577, -0.263523, 0.964635, -0.002831, 0.000706, -0.964638, -0.263497, -1.2e-05, 0.0, 0.0, 0.0, 1.0],
                [1.0, 0.000721, -0.000262, 0.124994, 0.000482, -0.324196, 0.94597, -0.002831, 0.000597, -0.945978, -0.324168, -1.2e-05, 0.0, 0.0, 0.0, 1.0],
                [1.0, 0.000564, -0.000151, 0.124994, 0.00038, -0.430936, 0.902361, -0.002831, 0.000444, -0.902375, -0.430906, -1.2e-05, 0.0, 0.0, 0.0, 1.0],
                [1.0, 0.000406, -7.5e-05, 0.124994, 0.000283, -0.542537, 0.84001, -0.002831, 0.0003, -0.840027, -0.542506, -1.2e-05, 0.0, 0.0, 0.0, 1.0],
                [1.0, 0.000342, -5.2e-05, 0.124994, 0.000244, -0.588854, 0.808217, -0.002831, 0.000246, -0.808236, -0.588823, -1.2e-05, 0.0, 0.0, 0.0, 1.0],
                [1.0, 0.000315, -4.4e-05, 0.124994, 0.00023, -0.623198, 0.782043, -0.002831, 0.000219, -0.782061, -0.623167, -1.2e-05, 0.0, 0.0, 0.0, 1.0],
                [1.0, 0.000191, -1.5e-05, 0.124994, 0.000149, -0.728984, 0.68451, -0.002831, 0.00012, -0.684529, -0.728952, -1.2e-05, 0.0, 0.0, 0.0, 1.0],
                [1.0, 3e-06, 1e-06, 0.124994, 2e-06, -0.852884, 0.52208, -0.002831, 2e-06, -0.522099, -0.852852, -1.2e-05, 0.0, 0.0, 0.0, 1.0],
                [1.0, 3e-06, 1e-06, 0.124994, 2e-06, -0.870963, 0.491329, -0.002831, 2e-06, -0.491347, -0.87093, -1.2e-05, 0.0, 0.0, 0.0, 1.0],
                [1.0, 3e-06, 1e-06, 0.124994, 2e-06, -0.886677, 0.46237, -0.002831, 2e-06, -0.462388, -0.886644, -1.2e-05, 0.0, 0.0, 0.0, 1.0],
                [1.0, 0.000189, -1.5e-05, 0.124994, 0.000162, -0.81543, 0.57884, -0.002831, 9.7e-05, -0.578854, -0.815395, -1.2e-05, 0.0, 0.0, 0.0, 1.0],
                [1.0, 0.000629, -0.000192, 0.124994, 0.000553, -0.647601, 0.761967, -0.002831, 0.000355, -0.761968, -0.647569, -1.2e-05, 0.0, 0.0, 0.0, 1.0],
                [1.0, 0.000812, -0.000348, 0.124994, 0.000855, -0.791141, 0.611624, -0.002831, 0.000221, -0.61161, -0.791117, -1.2e-05, 0.0, 0.0, 0.0, 1.0],
                [1.0, 0.000776, -0.000311, 0.124994, 0.00083, -0.965514, 0.260323, -0.002831, -9.9e-05, -0.260301, -0.965494, -1.2e-05, 0.0, 0.0, 0.0, 1.0],
                [1.0, 0.00068, -0.000229, 0.124994, 0.000682, -0.999971, 0.006315, -0.002831, -0.000225, -0.006289, -0.999951, -1.2e-05, 0.0, 0.0, 0.0, 1.0],
                [1.0, 0.000572, -0.000156, 0.124994, 0.000531, -0.98109, -0.19349, -0.002831, -0.000264, 0.193518, -0.981069, -1.2e-05, 0.0, 0.0, 0.0, 1.0],
                [1.0, 0.000465, -0.0001, 0.124994, 0.000403, -0.940548, -0.339622, -0.002831, -0.000252, 0.339651, -0.940525, -1.2e-05, 0.0, 0.0, 0.0, 1.0],
                [1.0, 0.000363, -5.9e-05, 0.124994, 0.000299, -0.896296, -0.443422, -0.002831, -0.000214, 0.443451, -0.896273, -1.2e-05, 0.0, 0.0, 0.0, 1.0],
                [1.0, 0.000263, -3e-05, 0.124994, 0.000208, -0.852817, -0.522179, -0.002831, -0.000163, 0.522208, -0.852792, -1.2e-05, 0.0, 0.0, 0.0, 1.0],
                [1.0, 0.000134, -7e-06, 0.124994, 0.000103, -0.795462, -0.605976, -0.002831, -8.7e-05, 0.606004, -0.795435, -1.2e-05, 0.0, 0.0, 0.0, 1.0],
                [1.0, 0.000211, -1.9e-05, 0.124994, 0.000164, -0.825936, -0.563734, -0.002831, -0.000135, 0.563763, -0.825911, -1.2e-05, 0.0, 0.0, 0.0, 1.0],
                [1.0, 0.000434, -8.7e-05, 0.124994, 0.000346, -0.887991, -0.459823, -0.002831, -0.000277, 0.459854, -0.887971, -1.2e-05, 0.0, 0.0, 0.0, 1.0],
                [1.0, 0.000591, -0.000168, 0.124994, 0.000456, -0.896731, -0.442528, -0.002831, -0.000412, 0.442561, -0.896719, -1.2e-05, 0.0, 0.0, 0.0, 1.0],
                [1.0, 0.000679, -0.000229, 0.124994, 0.000478, -0.869761, -0.493423, -0.002831, -0.000534, 0.493455, -0.869755, -1.2e-05, 0.0, 0.0, 0.0, 1.0],
                [1.0, 0.000721, -0.000262, 0.124994, 0.000455, -0.832536, -0.553922, -0.002831, -0.000617, 0.553954, -0.832534, -1.2e-05, 0.0, 0.0, 0.0, 1.0],
                [1.0, 0.00074, -0.000278, 0.124994, 0.000448, -0.821021, -0.570848, -0.002831, -0.000651, 0.570879, -0.821022, -1.2e-05, 0.0, 0.0, 0.0, 1.0],
                [1.0, 0.000747, -0.000285, 0.124994, 0.000457, -0.826734, -0.562543, -0.002831, -0.000656, 0.562573, -0.826735, -1.2e-05, 0.0, 0.0, 0.0, 1.0],
                [1.0, 0.00075, -0.000287, 0.124994, 0.000458, -0.826808, -0.562434, -0.002831, -0.000659, 0.562465, -0.826809, -1.2e-05, 0.0, 0.0, 0.0, 1.0],
                [1.0, 0.000757, -0.000294, 0.124994, 0.00046, -0.826425, -0.562997, -0.002831, -0.000669, 0.563028, -0.826426, -1.2e-05, 0.0, 0.0, 0.0, 1.0],
                [1.0, 0.000775, -0.000311, 0.124994, 0.00047, -0.829888, -0.557879, -0.002831, -0.00069, 0.557909, -0.82989, -1.2e-05, 0.0, 0.0, 0.0, 1.0],
                [1.0, 0.000806, -0.000342, 0.124994, 0.00049, -0.838885, -0.544256, -0.002831, -0.000726, 0.544285, -0.838888, -1.2e-05, 0.0, 0.0, 0.0, 1.0],
                [1.0, 0.00085, -0.00039, 0.124994, 0.00052, -0.852001, -0.523485, -0.002831, -0.000778, 0.523512, -0.852006, -1.2e-05, 0.0, 0.0, 0.0, 1.0],
                [0.999999, 0.000952, -0.00053, 0.124994, 0.000773, -0.962812, -0.270082, -0.002831, -0.000768, 0.270106, -0.962816, -1.2e-05, 0.0, 0.0, 0.0, 1.0],
                [0.999999, 0.001004, -0.000623, 0.124994, 0.00115, -0.947031, 0.321096, -0.002831, -0.000268, -0.321075, -0.947028, -1.2e-05, 0.0, 0.0, 0.0, 1.0],
                [0.999999, 0.001004, -0.000623, 0.124994, 0.001162, -0.740304, 0.672258, -0.002831, 0.000213, -0.67224, -0.740293, -1.2e-05, 0.0, 0.0, 0.0, 1.0],
                [0.999999, 0.001003, -0.000621, 0.124994, 0.001075, -0.55787, 0.829916, -0.002831, 0.000486, -0.829902, -0.557856, -1.2e-05, 0.0, 0.0, 0.0, 1.0],
                [0.999999, 0.000987, -0.00059, 0.124994, 0.000939, -0.405244, 0.914196, -0.002831, 0.000663, -0.914186, -0.405226, -1.2e-05, 0.0, 0.0, 0.0, 1.0],
                [0.999999, 0.000961, -0.000545, 0.124994, 0.000818, -0.312304, 0.949968, -0.002831, 0.000743, -0.949962, -0.312284, -1.2e-05, 0.0, 0.0, 0.0, 1.0],
                [1.0, 0.000936, -0.000504, 0.124994, 0.000736, -0.268094, 0.963377, -0.002831, 0.000766, -0.963374, -0.268072, -1.2e-05, 0.0, 0.0, 0.0, 1.0],
                [1.0, 0.000917, -0.000476, 0.124994, 0.000692, -0.251741, 0.967778, -0.002831, 0.000768, -0.967776, -0.251718, -1.2e-05, 0.0, 0.0, 0.0, 1.0],
                [0.999999, 0.000911, -0.000467, 0.124994, 0.000679, -0.248139, 0.968708, -0.002831, 0.000766, -0.968706, -0.248115, -1.2e-05, 0.0, 0.0, 0.0, 1.0]
            ]
        },
        {
            "name": "Leg_R",
            "time": [0.0, 0.0167, 0.0333, 0.05, 0.0667, 0.0833, 0.1, 0.1167, 0.1333, 0.15, 0.1667, 0.1833, 0.2, 0.2167, 0.2333, 0.25, 0.2667, 0.2833, 0.3, 0.3167, 0.3333, 0.35, 0.3667, 0.3833, 0.4, 0.4167, 0.4333, 0.45, 0.4667, 0.4833, 0.5, 0.5167, 0.5333, 0.55, 0.5667, 0.5833, 0.6, 0.6167, 0.6333, 0.65, 0.6667, 0.6833, 0.7],
            "transform": [
                [0.999998, -0.001058, -0.001594, -0.0, 0.001167, -0.323029, 0.946376, 0.375166, -0.001517, -0.946399, -0.323019, -0.0, 0.0, 0.0, 0.0, 1.0],
                [0.999998, -0.001076, -0.001537, -0.0, 0.001187, -0.271993, 0.962285, 0.375166, -0.001454, -0.96231, -0.271984, -0.0, 0.0, 0.0, 0.0, 1.0],
                [0.999999, -0.001112, -0.001353, 0.0, 0.001226, -0.107511, 0.994189, 0.375166, -0.001251, -0.994219, -0.107501, 0.0, 0.0, 0.0, 0.0, 1.0],
                [0.999999, -0.001102, -0.001043, -0.0, 0.001215, 0.169743, 0.985472, 0.375166, -0.000909, -0.985507, 0.169754, -0.0, 0.0, 0.0, 0.0, 1.0],
                [0.999999, -0.000974, -0.000683, -0.0, 0.001074, 0.491998, 0.870578, 0.375166, -0.000511, -0.870616, 0.492011, 0.0, 0.0, 0.0, 0.0, 1.0],
                [1.0, -0.000756, -0.000409, 0.0, 0.000833, 0.737103, 0.675761, 0.375166, -0.000209, -0.675795, 0.737114, -0.0, 0.0, 0.0, 0.0, 1.0],
                [1.0, -0.000651, -0.000324, 0.0, 0.000718, 0.813128, 0.582067, 0.375166, -0.000115, -0.582096, 0.813137, -0.0, 0.0, 0.0, 0.0, 1.0],
                [1.0, -0.000603, -0.000292, 0.0, 0.000665, 0.842106, 0.539295, 0.375166, -8e-05, -0.539322, 0.842114, 0.0, 0.0, 0.0, 0.0, 1.0],
                [1.0, -0.000376, -0.00018, -0.0, 0.000414, 0.941846, 0.336034, 0.375166, 4.3e-05, -0.336047, 0.94185, 0.0, 0.0, 0.0, 0.0, 1.0],
                [1.0, -6e-06, -0.000115, -0.0, 7e-06, 0.999986, 0.005379, 0.375166, 0.000115, -0.005368, 0.999986, 0.0, 0.0, 0.0, 0.0, 1.0],
                [1.0, -6e-06, -0.000115, -0.0, 7e-06, 0.999986, 0.005387, 0.375166, 0.000115, -0.005376, 0.999986, 0.0, 0.0, 0.0, 0.0, 1.0],
                [1.0, -6e-06, -0.000115, 0.0, 7e-06, 0.999986, 0.005384, 0.375166, 0.000115, -0.005372, 0.999986, 0.0, 0.0, 0.0, 0.0, 1.0],
                [1.0, -0.000371, -0.000179, 0.0, 0.00041, 0.943223, 0.332151, 0.375166, 4.5e-05, -0.332164, 0.943226, -0.0, 0.0, 0.0, 0.0, 1.0],
                [0.999999, -0.001039, -0.00082, -0.0, 0.001146, 0.369421, 0.929245, 0.375166, -0.000663, -0.929282, 0.369434, -0.0, 0.0, 0.0, 0.0, 1.0],
                [0.999999, -0.001117, -0.001291, 0.0, 0.001232, -0.052005, 0.998632, 0.375166, -0.001182, -0.998663, -0.051996, -0.0, 0.0, 0.0, 0.0, 1.0],
                [0.999999, -0.001117, -0.001188, 0.0, 0.001232, 0.040278, 0.999173, 0.375166, -0.001069, -0.999206, 0.040288, -0.0, 0.0, 0.0, 0.0, 1.0],
                [0.999999, -0.001079, -0.000941, -0.0, 0.00119, 0.26178, 0.96511, 0.375166, -0.000795, -0.965148, 0.261792, 0.0, 0.0, 0.0, 0.0, 1.0],
                [0.999999, -0.000983, -0.0007, -0.0, 0.001084, 0.477256, 0.878745, 0.375166, -0.00053, -0.878785, 0.47727, -0.0, 0.0, 0.0, 0.0, 1.0],
                [1.0, -0.000844, -0.0005, 0.0, 0.000931, 0.655508, 0.755169, 0.375166, -0.00031, -0.755206, 0.655521, -0.0, 0.0, 0.0, 0.0, 1.0],
                [1.0, -0.000686, -0.00035, -0.0, 0.000756, 0.789835, 0.6133, 0.375166, -0.000144, -0.613333, 0.789845, -0.0, 0.0, 0.0, 0.0, 1.0],
                [1.0, -0.00051, -0.000238, -0.0, 0.000562, 0.889991, 0.455963, 0.375166, -2.1e-05, -0.455986, 0.889997, -0.0, 0.0, 0.0, 0.0, 1.0],
                [1.0, -0.000266, -0.000147, -0.0, 0.000294, 0.971229, 0.238143, 0.375166, 8e-05, -0.238149, 0.97123, -0.0, 0.0, 0.0, 0.0, 1.0],
                [1.0, -0.000414, -0.000195, 0.0, 0.000457, 0.928767, 0.370652, 0.375166, 2.7e-05, -0.370669, 0.928771, -0.0, 0.0, 0.0, 0.0, 1.0],
                [1.0, -0.0008, -0.000452, 0.0, 0.000882, 0.699051, 0.715052, 0.375166, -0.000256, -0.715089, 0.699063, 0.0, 0.0, 0.0, 0.0, 1.0],
                [0.999999, -0.001003, -0.000738, -0.0, 0.001106, 0.442605, 0.896698, 0.375166, -0.000572, -0.896738, 0.442618, -0.0, 0.0, 0.0, 0.0, 1.0],
                [0.999999, -0.001079, -0.000938, 0.0, 0.00119, 0.263699, 0.964587, 0.375166, -0.000793, -0.964626, 0.263711, 0.0, 0.0, 0.0, 0.0, 1.0],
                [0.999999, -0.001102, -0.001042, 0.0, 0.001215, 0.171313, 0.985199, 0.375166, -0.000907, -0.985237, 0.171324, 0.0, 0.0, 0.0, 0.0, 1.0],
                [0.999999, -0.001109, -0.001091, 0.0, 0.001223, 0.127311, 0.991845, 0.375166, -0.000961, -0.991883, 0.127322, -0.0, 0.0, 0.0, 0.0, 1.0],
                [0.999999, -0.001111, -0.00111, 0.0, 0.001226, 0.109985, 0.993916, 0.375166, -0.000983, -0.993953, 0.109996, 0.0, 0.0, 0.0, 0.0, 1.0],
                [0.999999, -0.001112, -0.001118, -0.0, 0.001227, 0.103146, 0.994649, 0.375166, -0.000991, -0.994686, 0.103156, 0.0, 0.0, 0.0, 0.0, 1.0],
                [0.999999, -0.001114, -0.001137, -0.0, 0.001229, 0.08628, 0.996254, 0.375166, -0.001012, -0.996291, 0.08629, 0.0, 0.0, 0.0, 0.0, 1.0],
                [0.999999, -0.001117, -0.001186, 0.0, 0.001232, 0.042205, 0.999092, 0.375166, -0.001066, -0.999128, 0.042215, -0.0, 0.0, 0.0, 0.0, 1.0],
                [0.999999, -0.001117, -0.001276, -0.0, 0.001232, -0.037945, 0.999263, 0.375166, -0.001165, -0.999298, -0.037935, -0.0, 0.0, 0.0, 0.0, 1.0],
                [0.999998, -0.001105, -0.001405, -0.0, 0.001219, -0.153446, 0.988141, 0.375166, -0.001308, -0.988172, -0.153436, -0.0, 0.0, 0.0, 0.0, 1.0],
                [0.999998, -0.001, -0.001733, 0.0, 0.001103, -0.446691, 0.894675, 0.375166, -0.001669, -0.894697, -0.446679, -0.0, 0.0, 0.0, 0.0, 1.0],
                [0.999998, -0.000889, -0.001912, -0.0, 0.00098, -0.607002, 0.794691, 0.375166, -0.001867, -0.794704, -0.60699, 0.0, 0.0, 0.0, 0.0, 1.0],
                [0.999998, -0.000888, -0.001913, -0.0, 0.000979, -0.607858, 0.794038, 0.375166, -0.001868, -0.794049, -0.607846, 0.0, 0.0, 0.0, 0.0, 1.0],
                [0.999998, -0.00089, -0.00191, -0.0, 0.000982, -0.605099, 0.796142, 0.375166, -0.001865, -0.796154, -0.605087, 0.0, 0.0, 0.0, 0.0, 1.0],
                [0.999998, -0.000932, -0.001852, 0.0, 0.001027, -0.553177, 0.833055, 0.375166, -0.001801, -0.833069, -0.553165, -0.0, 0.0, 0.0, 0.0, 1.0],
                [0.999998, -0.000984, -0.001764, -0.0, 0.001086, -0.474443, 0.880275, 0.375166, -0.001703, -0.880293, -0.474432, -0.0, 0.0, 0.0, 0.0, 1.0],
                [0.999998, -0.001027, -0.001677, -0.0, 0.001132, -0.396631, 0.917966, 0.375166, -0.001607, -0.917987, -0.39662, 0.0, 0.0, 0.0, 0.0, 1.0],
                [0.999998, -0.001051, -0.001616, 0.0, 0.001159, -0.34209, 0.939654, 0.375166, -0.00154, -0.939677, -0.34208, 0.0, 0.0, 0.0, 0.0, 1.0],
                [0.999998, -0.001058, -0.001594, -0.0, 0.001167, -0.323029, 0.946376, 0.375166, -0.001517, -0.946399, -0.323019, -0.0, 0.0, 0.0, 0.0, 1.0]
            ]
        },
        {
            "name": "Knee_R",
            "time": [0.0, 0.0167, 0.0333, 0.05, 0.0667, 0.0833, 0.1, 0.1167, 0.1333, 0.15, 0.1667, 0.1833, 0.2, 0.2167, 0.2333, 0.25, 0.2667, 0.2833, 0.3, 0.3167, 0.3333, 0.35, 0.3667, 0.3833, 0.4, 0.4167, 0.4333, 0.45, 0.4667, 0.4833, 0.5, 0.5167, 0.5333, 0.55, 0.5667, 0.5833, 0.6, 0.6167, 0.6333, 0.65, 0.6667, 0.6833, 0.7],
            "transform": [
                [1.0, -5.7e-05, 5.4e-05, -0.0, 5.7e-05, 0.048757, -0.998811, 0.375166, 5.4e-05, 0.998811, 0.048757, -0.0, 0.0, 0.0, 0.0, 1.0],
                [1.0, -5.7e-05, 5.4e-05, -0.0, 5.7e-05, 0.048757, -0.998811, 0.375166, 5.4e-05, 0.998811, 0.048757, -0.0, 0.0, 0.0, 0.0, 1.0],
                [1.0, -5.7e-05, 5.4e-05, 0.0, 5.7e-05, 0.048757, -0.998811, 0.375166, 5.4e-05, 0.998811, 0.048757, 0.0, 0.0, 0.0, 0.0, 1.0],
                [1.0, -5.7e-05, 5.4e-05, -0.0, 5.7e-05, 0.048757, -0.998811, 0.375166, 5.4e-05, 0.998811, 0.048757, -0.0, 0.0, 0.0, 0.0, 1.0],
                [1.0, -5.7e-05, 5.4e-05, -0.0, 5.7e-05, 0.048757, -0.998811, 0.375166, 5.4e-05, 0.998811, 0.048757, 0.0, 0.0, 0.0, 0.0, 1.0],
                [1.0, -5.7e-05, 5.4e-05, 0.0, 5.7e-05, 0.048757, -0.998811, 0.375166, 5.4e-05, 0.998811, 0.048757, -0.0, 0.0, 0.0, 0.0, 1.0],
                [1.0, -5.7e-05, 5.4e-05, 0.0, 5.7e-05, 0.048757, -0.998811, 0.375166, 5.4e-05, 0.998811, 0.048757, -0.0, 0.0, 0.0, 0.0, 1.0],
                [1.0, -5.7e-05, 5.4e-05, 0.0, 5.7e-05, 0.048757, -0.998811, 0.375166, 5.4e-05, 0.998811, 0.048757, 0.0, 0.0, 0.0, 0.0, 1.0],
                [1.0, -5.7e-05, 5.4e-05, -0.0, 5.7e-05, 0.048757, -0.998811, 0.375166, 5.4e-05, 0.998811, 0.048757, 0.0, 0.0, 0.0, 0.0, 1.0],
                [1.0, -5.7e-05, 5.4e-05, -0.0, 5.7e-05, 0.048757, -0.998811, 0.375166, 5.4e-05, 0.998811, 0.048757, 0.0, 0.0, 0.0, 0.0, 1.0],
                [1.0, -5.7e-05, 5.4e-05, -0.0, 5.7e-05, 0.048757, -0.998811, 0.375166, 5.4e-05, 0.998811, 0.048757, 0.0, 0.0, 0.0, 0.0, 1.0],
                [1.0, -5.7e-05, 5.4e-05, 0.0, 5.7e-05, 0.048757, -0.998811, 0.375166, 5.4e-05, 0.998811, 0.048757, 0.0, 0.0, 0.0, 0.0, 1.0],
                [1.0, -5.7e-05, 5.4e-05, 0.0, 5.7e-05, 0.048757, -0.998811, 0.375166, 5.4e-05, 0.998811, 0.048757, -0.0, 0.0, 0.0, 0.0, 1.0],
                [1.0, -5.7e-05, 5.4e-05, -0.0, 5.7e-05, 0.048757, -0.998811, 0.375166, 5.4e-05, 0.998811, 0.048757, -0.0, 0.0, 0.0, 0.0, 1.0],
                [1.0, -5.7e-05, 5.4e-05, 0.0, 5.7e-05, 0.048757, -0.998811, 0.375166, 5.4e-05, 0.998811, 0.048757, -0.0, 0.0, 0.0, 0.0, 1.0],
                [1.0, -5.7e-05, 5.4e-05, 0.0, 5.7e-05, 0.048757, -0.998811, 0.375166, 5.4e-05, 0.998811, 0.048757, -0.0, 0.0, 0.0, 0.0, 1.0],
                [1.0, -5.7e-05, 5.4e-05, -0.0, 5.7e-05, 0.048757, -0.998811, 0.375166, 5.4e-05, 0.998811, 0.048757, 0.0, 0.0, 0.0, 0.0, 1.0],
                [1.0, -5.7e-05, 5.4e-05, -0.0, 5.7e-05, 0.048757, -0.998811, 0.375166, 5.4e-05, 0.998811, 0.048757, -0.0, 0.0, 0.0, 0.0, 1.0],
                [1.0, -5.7e-05, 5.4e-05, 0.0, 5.7e-05, 0.048757, -0.998811, 0.375166, 5.4e-05, 0.998811, 0.048757, -0.0, 0.0, 0.0, 0.0, 1.0],
                [1.0, -5.7e-05, 5.4e-05, -0.0, 5.7e-05, 0.048757, -0.998811, 0.375166, 5.4e-05, 0.998811, 0.048757, -0.0, 0.0, 0.0, 0.0, 1.0],
                [1.0, -5.7e-05, 5.4e-05, -0.0, 5.7e-05, 0.048757, -0.998811, 0.375166, 5.4e-05, 0.998811, 0.048757, -0.0, 0.0, 0.0, 0.0, 1.0],
                [1.0, -5.7e-05, 5.4e-05, -0.0, 5.7e-05, 0.048757, -0.998811, 0.375166, 5.4e-05, 0.998811, 0.048757, -0.0, 0.0, 0.0, 0.0, 1.0],
                [1.0, -5.7e-05, 5.4e-05, 0.0, 5.7e-05, 0.048757, -0.998811, 0.375166, 5.4e-05, 0.998811, 0.048757, -0.0, 0.0, 0.0, 0.0, 1.0],
                [1.0, -5.7e-05, 5.4e-05, 0.0, 5.7e-05, 0.048757, -0.998811, 0.375166, 5.4e-05, 0.998811, 0.048757, 0.0, 0.0, 0.0, 0.0, 1.0],
                [1.0, -5.7e-05, 5.4e-05, -0.0, 5.7e-05, 0.048757, -0.998811, 0.375166, 5.4e-05, 0.998811, 0.048757, -0.0, 0.0, 0.0, 0.0, 1.0],
                [1.0, -5.7e-05, 5.4e-05, 0.0, 5.7e-05, 0.048757, -0.998811, 0.375166, 5.4e-05, 0.998811, 0.048757, 0.0, 0.0, 0.0, 0.0, 1.0],
                [1.0, -5.7e-05, 5.4e-05, 0.0, 5.7e-05, 0.048757, -0.998811, 0.375166, 5.4e-05, 0.998811, 0.048757, 0.0, 0.0, 0.0, 0.0, 1.0],
                [1.0, -5.7e-05, 5.4e-05, 0.0, 5.7e-05, 0.048757, -0.998811, 0.375166, 5.4e-05, 0.998811, 0.048757, -0.0, 0.0, 0.0, 0.0, 1.0],
                [1.0, -5.7e-05, 5.4e-05, 0.0, 5.7e-05, 0.048757, -0.998811, 0.375166, 5.4e-05, 0.998811, 0.048757, 0.0, 0.0, 0.0, 0.0, 1.0],
                [1.0, -5.7e-05, 5.4e-05, -0.0, 5.7e-05, 0.048757, -0.998811, 0.375166, 5.4e-05, 0.998811, 0.048757, 0.0, 0.0, 0.0, 0.0, 1.0],
                [1.0, -5.7e-05, 5.4e-05, -0.0, 5.7e-05, 0.048757, -0.998811, 0.375166, 5.4e-05, 0.998811, 0.048757, 0.0, 0.0, 0.0, 0.0, 1.0],
                [1.0, -5.7e-05, 5.4e-05, 0.0, 5.7e-05, 0.048757, -0.998811, 0.375166, 5.4e-05, 0.998811, 0.048757, -0.0, 0.0, 0.0, 0.0, 1.0],
                [1.0, -5.7e-05, 5.4e-05, -0.0, 5.7e-05, 0.048757, -0.998811, 0.375166, 5.4e-05, 0.998811, 0.048757, -0.0, 0.0, 0.0, 0.0, 1.0],
                [1.0, -5.7e-05, 5.4e-05, -0.0, 5.7e-05, 0.048757, -0.998811, 0.375166, 5.4e-05, 0.998811, 0.048757, -0.0, 0.0, 0.0, 0.0, 1.0],
                [1.0, -5.7e-05, 5.4e-05, 0.0, 5.7e-05, 0.048757, -0.998811, 0.375166, 5.4e-05, 0.998811, 0.048757, -0.0, 0.0, 0.0, 0.0, 1.0],
                [1.0, -5.7e-05, 5.4e-05, -0.0, 5.7e-05, 0.048757, -0.998811, 0.375166, 5.4e-05, 0.998811, 0.048757, 0.0, 0.0, 0.0, 0.0, 1.0],
                [1.0, -5.7e-05, 5.4e-05, -0.0, 5.7e-05, 0.048757, -0.998811, 0.375166, 5.4e-05, 0.998811, 0.048757, 0.0, 0.0, 0.0, 0.0, 1.0],
                [1.0, -5.7e-05, 5.4e-05, -0.0, 5.7e-05, 0.048757, -0.998811, 0.375166, 5.4e-05, 0.998811, 0.048757, 0.0, 0.0, 0.0, 0.0, 1.0],
                [1.0, -5.7e-05, 5.4e-05, 0.0, 5.7e-05, 0.048757, -0.998811, 0.375166, 5.4e-05, 0.998811, 0.048757, -0.0, 0.0, 0.0, 0.0, 1.0],
                [1.0, -5.7e-05, 5.4e-05, -0.0, 5.7e-05, 0.048757, -0.998811, 0.375166, 5.4e-05, 0.998811, 0.048757, -0.0, 0.0, 0.0, 0.0, 1.0],
                [1.0, -5.7e-05, 5.4e-05, -0.0, 5.7e-05, 0.048757, -0.998811, 0.375166, 5.4e-05, 0.998811, 0.048757, 0.0, 0.0, 0.0, 0.0, 1.0],
                [1.0, -5.7e-05, 5.4e-05, 0.0, 5.7e-05, 0.048757, -0.998811, 0.375166, 5.4e-05, 0.998811, 0.048757, 0.0, 0.0, 0.0, 0.0, 1.0],
                [1.0, -5.7e-05, 5.4e-05, -0.0, 5.7e-05, 0.048757, -0.998811, 0.375166, 5.4e-05, 0.998811, 0.048757, -0.0, 0.0, 0.0, 0.0, 1.0]
            ]
        },
        {
            "name": "Thigh_L",
            "time": [0.0, 0.0167, 0.0333, 0.05, 0.0667, 0.0833, 0.1, 0.1167, 0.1333, 0.15, 0.1667, 0.1833, 0.2, 0.2167, 0.2333, 0.25, 0.2667, 0.2833, 0.3, 0.3167, 0.3333, 0.35, 0.3667, 0.3833, 0.4, 0.4167, 0.4333, 0.45, 0.4667, 0.4833, 0.5, 0.5167, 0.5333, 0.55, 0.5667, 0.5833, 0.6, 0.6167, 0.6333, 0.65, 0.6667, 0.6833, 0.7],
            "transform": [
                [1.0, 3e-06, 2.5e-05, -0.125006, 1.7e-05, -0.795462, -0.60597, -0.002831, 1.8e-05, 0.606004, -0.795429, -1.2e-05, 0.0, 0.0, 0.0, 1.0],
                [1.0, 5e-06, 2.5e-05, -0.125006, 1.8e-05, -0.846831, -0.531824, -0.002831, 1.8e-05, 0.53186, -0.846801, -1.2e-05, 0.0, 0.0, 0.0, 1.0],
                [1.0, 1e-05, 2.5e-05, -0.125006, 2e-05, -0.893036, -0.449939, -0.002831, 1.8e-05, 0.449977, -0.893012, -1.2e-05, 0.0, 0.0, 0.0, 1.0],
                [1.0, 1.4e-05, 2.5e-05, -0.125006, 2.4e-05, -0.898513, -0.438889, -0.002831, 1.6e-05, 0.438929, -0.898498, -1.2e-05, 0.0, 0.0, 0.0, 1.0],
                [1.0, 1.9e-05, 2.7e-05, -0.125006, 3e-05, -0.8695, -0.493873, -0.002831, 1.4e-05, 0.493912, -0.869493, -1.2e-05, 0.0, 0.0, 0.0, 1.0],
                [1.0, 2.2e-05, 2.9e-05, -0.125006, 3.5e-05, -0.831528, -0.555423, -0.002831, 1.2e-05, 0.555462, -0.831526, -1.2e-05, 0.0, 0.0, 0.0, 1.0],
                [1.0, 2.4e-05, 3e-05, -0.125006, 3.7e-05, -0.82102, -0.57084, -0.002831, 1.1e-05, 0.570877, -0.82102, -1.2e-05, 0.0, 0.0, 0.0, 1.0],
                [1.0, 2.4e-05, 3e-05, -0.125006, 3.7e-05, -0.82674, -0.562524, -0.002831, 1.1e-05, 0.562562, -0.82674, -1.2e-05, 0.0, 0.0, 0.0, 1.0],
                [1.0, 2.5e-05, 3e-05, -0.125006, 3.7e-05, -0.826815, -0.562414, -0.002831, 1.1e-05, 0.562451, -0.826815, -1.2e-05, 0.0, 0.0, 0.0, 1.0],
                [1.0, 2.6e-05, 3e-05, -0.125006, 3.8e-05, -0.82643, -0.562979, -0.002831, 1.1e-05, 0.563017, -0.826431, -1.2e-05, 0.0, 0.0, 0.0, 1.0],
                [1.0, 2.8e-05, 3.1e-05, -0.125006, 4e-05, -0.82989, -0.557866, -0.002831, 1.1e-05, 0.557903, -0.829892, -1.2e-05, 0.0, 0.0, 0.0, 1.0],
                [1.0, 3.1e-05, 3.2e-05, -0.125006, 4.4e-05, -0.838884, -0.544247, -0.002831, 1e-05, 0.544282, -0.838888, -1.2e-05, 0.0, 0.0, 0.0, 1.0],
                [1.0, 3.7e-05, 3.4e-05, -0.125006, 4.9e-05, -0.852, -0.523476, -0.002831, 1e-05, 0.52351, -0.852006, -1.2e-05, 0.0, 0.0, 0.0, 1.0],
                [1.0, 3.8e-05, 2.6e-05, -0.125006, 4.3e-05, -0.962806, -0.270083, -0.002831, 1.5e-05, 0.270113, -0.962811, -1.2e-05, 0.0, 0.0, 0.0, 1.0],
                [1.0, 2.4e-05, 1.4e-05, -0.125006, 1.8e-05, -0.94703, 0.321091, -0.002831, 2.1e-05, -0.321065, -0.947025, -1.2e-05, 0.0, 0.0, 0.0, 1.0],
                [1.0, 1.9e-05, 1.2e-05, -0.125006, 6e-06, -0.740301, 0.672259, -0.002831, 2.2e-05, -0.672238, -0.740287, -1.2e-05, 0.0, 0.0, 0.0, 1.0],
                [1.0, 1.8e-05, 1.2e-05, -0.125006, 1e-06, -0.576236, 0.81727, -0.002831, 2.1e-05, -0.817252, -0.576218, -1.2e-05, 0.0, 0.0, 0.0, 1.0],
                [1.0, 1.7e-05, 1.2e-05, -0.125006, -2e-06, -0.454752, 0.890604, -0.002831, 2.1e-05, -0.89059, -0.454731, -1.2e-05, 0.0, 0.0, 0.0, 1.0],
                [1.0, 1.7e-05, 1.2e-05, -0.125006, -5e-06, -0.373937, 0.927439, -0.002831, 2e-05, -0.927428, -0.373914, -1.2e-05, 0.0, 0.0, 0.0, 1.0],
                [1.0, 1.7e-05, 1.3e-05, -0.125006, -7e-06, -0.318735, 0.947827, -0.002831, 2e-05, -0.947819, -0.31871, -1.2e-05, 0.0, 0.0, 0.0, 1.0],
                [1.0, 1.7e-05, 1.4e-05, -0.125006, -8e-06, -0.277761, 0.960632, -0.002831, 2e-05, -0.960627, -0.277734, -1.2e-05, 0.0, 0.0, 0.0, 1.0],
                [1.0, 1.7e-05, 1.5e-05, -0.125006, -1e-05, -0.248139, 0.968705, -0.002831, 2.1e-05, -0.968703, -0.24811, -1.2e-05, 0.0, 0.0, 0.0, 1.0],
                [1.0, 1.8e-05, 1.8e-05, -0.125006, -1.3e-05, -0.247719, 0.96881, -0.002831, 2.2e-05, -0.968813, -0.247688, -1.2e-05, 0.0, 0.0, 0.0, 1.0],
                [1.0, 1.8e-05, 2.2e-05, -0.125006, -1.6e-05, -0.291952, 0.956409, -0.002831, 2.4e-05, -0.956418, -0.291918, -1.2e-05, 0.0, 0.0, 0.0, 1.0],
                [1.0, 1.7e-05, 2.7e-05, -0.125006, -1.9e-05, -0.374312, 0.927277, -0.002831, 2.6e-05, -0.927292, -0.374276, -1.2e-05, 0.0, 0.0, 0.0, 1.0],
                [1.0, 1.5e-05, 3.3e-05, -0.125006, -2.2e-05, -0.473424, 0.880809, -0.002831, 2.9e-05, -0.880827, -0.473387, -1.2e-05, 0.0, 0.0, 0.0, 1.0],
                [1.0, 1.2e-05, 3.7e-05, -0.125006, -2.4e-05, -0.558314, 0.829603, -0.002831, 3.1e-05, -0.829625, -0.558277, -1.2e-05, 0.0, 0.0, 0.0, 1.0],
                [1.0, 1.1e-05, 3.9e-05, -0.125006, -2.4e-05, -0.588855, 0.808212, -0.002831, 3.2e-05, -0.808235, -0.588817, -1.2e-05, 0.0, 0.0, 0.0, 1.0],
                [1.0, 1e-05, 3.8e-05, -0.125006, -2.3e-05, -0.623304, 0.781953, -0.002831, 3.2e-05, -0.781976, -0.623266, -1.2e-05, 0.0, 0.0, 0.0, 1.0],
                [1.0, 6e-06, 3.8e-05, -0.125006, -2.1e-05, -0.728452, 0.685072, -0.002831, 3.1e-05, -0.685095, -0.728413, -1.2e-05, 0.0, 0.0, 0.0, 1.0],
                [1.0, -0.0, 3.6e-05, -0.125006, -1.9e-05, -0.853628, 0.520858, -0.002831, 3.1e-05, -0.520881, -0.853589, -1.2e-05, 0.0, 0.0, 0.0, 1.0],
                [1.0, -0.0, 3.4e-05, -0.125006, -1.7e-05, -0.872706, 0.488223, -0.002831, 3e-05, -0.488245, -0.872666, -1.2e-05, 0.0, 0.0, 0.0, 1.0],
                [1.0, -0.0, 3.3e-05, -0.125006, -1.5e-05, -0.889849, 0.456234, -0.002831, 2.9e-05, -0.456254, -0.889808, -1.2e-05, 0.0, 0.0, 0.0, 1.0],
                [1.0, 6e-06, 3e-05, -0.125006, -1.4e-05, -0.804836, 0.593478, -0.002831, 2.8e-05, -0.593494, -0.804794, -1.2e-05, 0.0, 0.0, 0.0, 1.0],
                [1.0, 1.3e-05, 2.2e-05, -0.125006, -8e-06, -0.656697, 0.75414, -0.002831, 2.5e-05, -0.754141, -0.656658, -1.2e-05, 0.0, 0.0, 0.0, 1.0],
                [1.0, 1.5e-05, 1.7e-05, -0.125006, 2e-06, -0.798511, 0.60197, -0.002831, 2.3e-05, -0.601953, -0.798481, -1.2e-05, 0.0, 0.0, 0.0, 1.0],
                [1.0, 1.5e-05, 1.9e-05, -0.125006, 1e-05, -0.965512, 0.260327, -0.002831, 2.2e-05, -0.2603, -0.965487, -1.2e-05, 0.0, 0.0, 0.0, 1.0],
                [1.0, 1.4e-05, 2.1e-05, -0.125006, 1.4e-05, -0.999951, 0.008697, -0.002831, 2.1e-05, -0.008666, -0.999926, -1.2e-05, 0.0, 0.0, 0.0, 1.0],
                [1.0, 1.2e-05, 2.3e-05, -0.125006, 1.6e-05, -0.980294, -0.197476, -0.002831, 2.1e-05, 0.19751, -0.980267, -1.2e-05, 0.0, 0.0, 0.0, 1.0],
                [1.0, 9e-06, 2.5e-05, -0.125006, 1.7e-05, -0.933528, -0.358459, -0.002831, 2e-05, 0.358494, -0.9335, -1.2e-05, 0.0, 0.0, 0.0, 1.0],
                [1.0, 6e-06, 2.5e-05, -0.125006, 1.7e-05, -0.876504, -0.481357, -0.002831, 1.9e-05, 0.481392, -0.876473, -1.2e-05, 0.0, 0.0, 0.0, 1.0],
                [1.0, 4e-06, 2.5e-05, -0.125006, 1.7e-05, -0.822177, -0.569198, -0.002831, 1.8e-05, 0.569232, -0.822144, -1.2e-05, 0.0, 0.0, 0.0, 1.0],
                [1.0, 3e-06, 2.5e-05, -0.125006, 1.7e-05, -0.795462, -0.60597, -0.002831, 1.8e-05, 0.606004, -0.795429, -1.2e-05, 0.0, 0.0, 0.0, 1.0]
            ]
        },
        {
            "name": "Leg_L",
            "time": [0.0, 0.0167, 0.0333, 0.05, 0.0667, 0.0833, 0.1, 0.1167, 0.1333, 0.15, 0.1667, 0.1833, 0.2, 0.2167, 0.2333, 0.25, 0.2667, 0.2833, 0.3, 0.3167, 0.3333, 0.35, 0.3667, 0.3833, 0.4, 0.4167, 0.4333, 0.45, 0.4667, 0.4833, 0.5, 0.5167, 0.5333, 0.55, 0.5667, 0.5833, 0.6, 0.6167, 0.6333, 0.65, 0.6667, 0.6833, 0.7],
            "transform": [
                [1.0, 1e-06, 1e-06, 0.0, -1e-06, 0.971228, 0.238143, 0.375166, -1e-06, -0.238151, 0.97123, 0.0, 0.0, 0.0, 0.0, 1.0],
                [1.0, 1e-06, 1e-06, 0.0, -1e-06, 0.890001, 0.45594, 0.375166, -0.0, -0.455968, 0.890008, -0.0, 0.0, 0.0, 0.0, 1.0],
                [1.0, 2e-06, 1e-06, 0.0, -2e-06, 0.67718, 0.735793, 0.375166, 0.0, -0.735839, 0.677194, 0.0, 0.0, 0.0, 0.0, 1.0],
                [1.0, 2e-06, 2e-06, 0.0, -3e-06, 0.432704, 0.901514, 0.375166, 1e-06, -0.901563, 0.432719, -0.0, 0.0, 0.0, 0.0, 1.0],
                [1.0, 2e-06, 2e-06, 0.0, -3e-06, 0.257831, 0.966169, 0.375166, 2e-06, -0.966217, 0.257845, -0.0, 0.0, 0.0, 0.0, 1.0],
                [1.0, 2e-06, 3e-06, -0.0, -3e-06, 0.169525, 0.985505, 0.375166, 2e-06, -0.985552, 0.169538, 0.0, 0.0, 0.0, 0.0, 1.0],
                [1.0, 2e-06, 3e-06, -0.0, -3e-06, 0.127305, 0.991843, 0.375166, 2e-06, -0.991889, 0.127317, -0.0, 0.0, 0.0, 0.0, 1.0],
                [1.0, 2e-06, 3e-06, -0.0, -3e-06, 0.10996, 0.993916, 0.375166, 2e-06, -0.993961, 0.109972, 0.0, 0.0, 0.0, 0.0, 1.0],
                [1.0, 2e-06, 3e-06, -0.0, -3e-06, 0.103116, 0.994649, 0.375166, 2e-06, -0.994694, 0.103128, 0.0, 0.0, 0.0, 0.0, 1.0],
                [1.0, 2e-06, 3e-06, -0.0, -3e-06, 0.086255, 0.996253, 0.375166, 2e-06, -0.996298, 0.086267, -0.0, 0.0, 0.0, 0.0, 1.0],
                [1.0, 2e-06, 3e-06, 0.0, -3e-06, 0.04219, 0.99909, 0.375166, 2e-06, -0.999133, 0.042201, -0.0, 0.0, 0.0, 0.0, 1.0],
                [1.0, 2e-06, 3e-06, 0.0, -3e-06, -0.037951, 0.99926, 0.375166, 2e-06, -0.999302, -0.037941, -0.0, 0.0, 0.0, 0.0, 1.0],
                [1.0, 2e-06, 3e-06, 0.0, -3e-06, -0.153452, 0.988137, 0.375166, 3e-06, -0.988176, -0.153442, -0.0, 0.0, 0.0, 0.0, 1.0],
                [1.0, 2e-06, 4e-06, 0.0, -3e-06, -0.446683, 0.894677, 0.375166, 4e-06, -0.894704, -0.446671, 0.0, 0.0, 0.0, 0.0, 1.0],
                [1.0, 2e-06, 5e-06, -0.0, -2e-06, -0.606999, 0.794692, 0.375166, 4e-06, -0.794708, -0.606986, -0.0, 0.0, 0.0, 0.0, 1.0],
                [1.0, 2e-06, 5e-06, 0.0, -2e-06, -0.607859, 0.794036, 0.375166, 4e-06, -0.79405, -0.607847, 0.0, 0.0, 0.0, 0.0, 1.0],
                [1.0, 2e-06, 5e-06, 0.0, -2e-06, -0.610606, 0.791926, 0.375166, 4e-06, -0.791939, -0.610594, 0.0, 0.0, 0.0, 0.0, 1.0],
                [1.0, 2e-06, 4e-06, -0.0, -3e-06, -0.583676, 0.811977, 0.375166, 4e-06, -0.811993, -0.583663, 0.0, 0.0, 0.0, 0.0, 1.0],
                [1.0, 2e-06, 4e-06, 0.0, -3e-06, -0.541945, 0.840403, 0.375166, 4e-06, -0.840421, -0.541933, -0.0, 0.0, 0.0, 0.0, 1.0],
                [1.0, 2e-06, 4e-06, -0.0, -3e-06, -0.488059, 0.872799, 0.375166, 4e-06, -0.872819, -0.488047, 0.0, 0.0, 0.0, 0.0, 1.0],
                [1.0, 2e-06, 4e-06, 0.0, -3e-06, -0.417874, 0.908491, 0.375166, 4e-06, -0.908516, -0.417863, -0.0, 0.0, 0.0, 0.0, 1.0],
                [1.0, 2e-06, 4e-06, 0.0, -3e-06, -0.32303, 0.946373, 0.375166, 3e-06, -0.946402, -0.32302, 0.0, 0.0, 0.0, 0.0, 1.0],
                [1.0, 2e-06, 3e-06, 0.0, -3e-06, -0.154341, 0.988001, 0.375166, 3e-06, -0.988035, -0.154331, -0.0, 0.0, 0.0, 0.0, 1.0],
                [1.0, 2e-06, 3e-06, 0.0, -3e-06, 0.084649, 0.996393, 0.375166, 2e-06, -0.996433, 0.08466, -0.0, 0.0, 0.0, 0.0, 1.0],
                [1.0, 2e-06, 2e-06, 0.0, -3e-06, 0.356796, 0.934162, 0.375166, 1e-06, -0.934207, 0.35681, 0.0, 0.0, 0.0, 0.0, 1.0],
                [1.0, 2e-06, 2e-06, -0.0, -2e-06, 0.603582, 0.797278, 0.375166, 1e-06, -0.797323, 0.603597, -0.0, 0.0, 0.0, 0.0, 1.0],
                [1.0, 2e-06, 1e-06, -0.0, -2e-06, 0.767891, 0.640558, 0.375166, 0.0, -0.640597, 0.767903, -0.0, 0.0, 0.0, 0.0, 1.0],
                [1.0, 1e-06, 1e-06, 0.0, -2e-06, 0.813127, 0.582065, 0.375166, -0.0, -0.5821, 0.813137, 0.0, 0.0, 0.0, 0.0, 1.0],
                [1.0, 1e-06, 1e-06, 0.0, -2e-06, 0.842354, 0.538905, 0.375166, -0.0, -0.538937, 0.842363, -0.0, 0.0, 0.0, 0.0, 1.0],
                [1.0, 1e-06, 1e-06, 0.0, -1e-06, 0.941135, 0.338019, 0.375166, -1e-06, -0.338035, 0.941139, 0.0, 0.0, 0.0, 0.0, 1.0],
                [1.0, 0.0, 1e-06, 0.0, -0.0, 0.999987, 0.005361, 0.375166, -1e-06, -0.005346, 0.999986, 0.0, 0.0, 0.0, 0.0, 1.0],
                [1.0, 0.0, 1e-06, 0.0, -0.0, 0.999987, 0.005368, 0.375166, -1e-06, -0.005354, 0.999986, -0.0, 0.0, 0.0, 0.0, 1.0],
                [1.0, 0.0, 1e-06, -0.0, -0.0, 0.999987, 0.005364, 0.375166, -1e-06, -0.00535, 0.999986, -0.0, 0.0, 0.0, 0.0, 1.0],
                [1.0, 1e-06, 1e-06, 0.0, -1e-06, 0.921715, 0.387853, 0.375166, -0.0, -0.387874, 0.92172, -0.0, 0.0, 0.0, 0.0, 1.0],
                [1.0, 2e-06, 2e-06, 0.0, -3e-06, 0.355193, 0.934773, 0.375166, 1e-06, -0.934818, 0.355207, -0.0, 0.0, 0.0, 0.0, 1.0],
                [1.0, 2e-06, 3e-06, -0.0, -3e-06, -0.048636, 0.998799, 0.375166, 3e-06, -0.998836, -0.048627, 0.0, 0.0, 0.0, 0.0, 1.0],
                [1.0, 2e-06, 3e-06, 0.0, -3e-06, 0.040273, 0.99917, 0.375166, 2e-06, -0.999211, 0.040284, 0.0, 0.0, 0.0, 0.0, 1.0],
                [1.0, 2e-06, 2e-06, 0.0, -3e-06, 0.268965, 0.96313, 0.375166, 2e-06, -0.963176, 0.268978, 0.0, 0.0, 0.0, 0.0, 1.0],
                [1.0, 2e-06, 2e-06, -0.0, -3e-06, 0.509222, 0.860613, 0.375166, 1e-06, -0.860661, 0.509238, 0.0, 0.0, 0.0, 0.0, 1.0],
                [1.0, 2e-06, 1e-06, 0.0, -2e-06, 0.714842, 0.699263, 0.375166, 0.0, -0.699307, 0.714856, 0.0, 0.0, 0.0, 0.0, 1.0],
                [1.0, 1e-06, 1e-06, -0.0, -2e-06, 0.861996, 0.506895, 0.375166, -0.0, -0.506927, 0.862005, -0.0, 0.0, 0.0, 0.0, 1.0],
                [1.0, 1e-06, 1e-06, 0.0, -1e-06, 0.94555, 0.325465, 0.375166, -1e-06, -0.325481, 0.945553, -0.0, 0.0, 0.0, 0.0, 1.0],
                [1.0, 1e-06, 1e-06, 0.0, -1e-06, 0.971228, 0.238143, 0.375166, -1e-06, -0.238151, 0.97123, 0.0, 0.0, 0.0, 0.0, 1.0]
            ]
        },
        {
            "name": "Knee_L",
            "time": [0.0, 0.0167, 0.0333, 0.05, 0.0667, 0.0833, 0.1, 0.1167, 0.1333, 0.15, 0.1667, 0.1833, 0.2, 0.2167, 0.2333, 0.25, 0.2667, 0.2833, 0.3, 0.3167, 0.3333, 0.35, 0.3667, 0.3833, 0.4, 0.4167, 0.4333, 0.45, 0.4667, 0.4833, 0.5, 0.5167, 0.5333, 0.55, 0.5667, 0.5833, 0.6, 0.6167, 0.6333, 0.65, 0.6667, 0.6833, 0.7],
            "transform": [
                [1.0, 0.0, -0.0, 0.0, -0.0, 0.048757, -0.998811, 0.375166, -0.0, 0.998811, 0.048757, 0.0, 0.0, 0.0, 0.0, 1.0],
                [1.0, 0.0, -0.0, 0.0, -0.0, 0.048757, -0.998811, 0.375166, -0.0, 0.998811, 0.048757, -0.0, 0.0, 0.0, 0.0, 1.0],
                [1.0, 0.0, -0.0, 0.0, -0.0, 0.048757, -0.998811, 0.375166, -0.0, 0.998811, 0.048757, 0.0, 0.0, 0.0, 0.0, 1.0],
                [1.0, 0.0, -0.0, 0.0, -0.0, 0.048757, -0.998811, 0.375166, -0.0, 0.998811, 0.048757, -0.0, 0.0, 0.0, 0.0, 1.0],
