{
    "animation": [
        {
            "name": "Root",
            "time": [0.0, 0.0167, 0.0333, 0.05, 0.0667, 0.0833, 0.1, 0.1167, 0.1333, 0.15, 0.1667, 0.1833, 0.2, 0.2167, 0.2333, 0.25, 0.2667, 0.2833, 0.3, 0.3167, 0.3333, 0.35, 0.3667, 0.3833, 0.4, 0.4167, 0.4333, 0.45, 0.4667, 0.4833, 0.5, 0.5167, 0.5333, 0.55, 0.5667, 0.5833, 0.6, 0.6167, 0.6333, 0.65, 0.6667, 0.6833, 0.7, 0.7167, 0.7333, 0.75, 0.7667, 0.7833, 0.8, 0.8167, 0.8333, 0.85, 0.8667, 0.8833, 0.9],
            "transform": [
                [0.997126, 0.0, -0.075768, -5e-06, -0.075768, 0.0, -0.997126, 0.000946, 0.0, 1.0, 0.0, 0.621154, 0.0, 0.0, 0.0, 1.0],
                [0.997126, 0.0, -0.075768, 0.000229, -0.075768, 0.0, -0.997126, 0.00402, 0.0, 1.0, 0.0, 0.624679, 0.0, 0.0, 0.0, 1.0],
                [0.997126, 0.0, -0.075768, 0.000931, -0.075768, 0.0, -0.997126, 0.013254, 0.0, 1.0, 0.0, 0.635109, 0.0, 0.0, 0.0, 1.0],
                [0.997126, 0.0, -0.075768, 0.002026, -0.075768, 0.0, -0.997126, 0.027675, 0.0, 1.0, 0.0, 0.651, 0.0, 0.0, 0.0, 1.0],
                [0.997126, 0.0, -0.075768, 0.003321, -0.075768, 0.0, -0.997126, 0.044711, 0.0, 1.0, 0.0, 0.669025, 0.0, 0.0, 0.0, 1.0],
                [0.997126, 0.0, -0.075768, 0.004548, -0.075768, 0.0, -0.997126, 0.060863, 0.0, 1.0, 0.0, 0.684916, 0.0, 0.0, 0.0, 1.0],
                [0.997126, 0.0, -0.075768, 0.005489, -0.075768, 0.0, -0.997126, 0.073247, 0.0, 1.0, 0.0, 0.695346, 0.0, 0.0, 0.0, 1.0],
                [0.997126, 0.0, -0.075768, 0.006038, -0.075768, 0.0, -0.997126, 0.080468, 0.0, 1.0, 0.0, 0.698871, 0.0, 0.0, 0.0, 1.0],
                [0.997126, 0.0, -0.075768, 0.006355, -0.075768, 0.0, -0.997126, 0.084642, 0.0, 1.0, 0.0, 0.698198, 0.0, 0.0, 0.0, 1.0],
                [0.997126, 0.0, -0.075768, 0.006611, -0.075768, 0.0, -0.997126, 0.088009, 0.0, 1.0, 0.0, 0.695561, 0.0, 0.0, 0.0, 1.0],
                [0.997126, 0.0, -0.075768, 0.006794, -0.075768, 0.0, -0.997126, 0.090423, 0.0, 1.0, 0.0, 0.689912, 0.0, 0.0, 0.0, 1.0],
                [0.997126, 0.0, -0.075768, 0.006905, -0.075768, 0.0, -0.997126, 0.091877, 0.0, 1.0, 0.0, 0.680375, 0.0, 0.0, 0.0, 1.0],
                [0.997126, 0.0, -0.075768, 0.006957, -0.075768, 0.0, -0.997126, 0.092561, 0.0, 1.0, 0.0, 0.666743, 0.0, 0.0, 0.0, 1.0],
                [0.997126, 0.0, -0.075768, 0.006973, -0.075768, 0.0, -0.997126, 0.092778, 0.0, 1.0, 0.0, 0.649564, 0.0, 0.0, 0.0, 1.0],
                [0.997126, 0.0, -0.075768, 0.006975, -0.075768, 0.0, -0.997126, 0.092805, 0.0, 1.0, 0.0, 0.629748, 0.0, 0.0, 0.0, 1.0],
                [0.997126, 0.0, -0.075768, 0.006332, -0.075768, 0.0, -0.997126, 0.084342, 0.0, 1.0, 0.0, 0.600678, 0.0, 0.0, 0.0, 1.0],
                [0.997126, 0.0, -0.075768, 0.004521, -0.075768, 0.0, -0.997126, 0.060504, 0.0, 1.0, 0.0, 0.55812, 0.0, 0.0, 0.0, 1.0],
                [0.997126, 0.0, -0.075768, 0.002195, -0.075768, 0.0, -0.997126, 0.029897, 0.0, 1.0, 0.0, 0.513339, 0.0, 0.0, 0.0, 1.0],
                [0.997126, 0.0, -0.075768, 0.000384, -0.075768, 0.0, -0.997126, 0.00606, 0.0, 1.0, 0.0, 0.481537, 0.0, 0.0, 0.0, 1.0],
                [0.997126, 0.0, -0.075768, -0.000259, -0.075768, 0.0, -0.997126, -0.002403, 0.0, 1.0, 0.0, 0.470768, 0.0, 0.0, 0.0, 1.0],
                [0.997126, 0.0, -0.075768, -0.000259, -0.075768, 0.0, -0.997126, -0.002399, 0.0, 1.0, 0.0, 0.474432, 0.0, 0.0, 0.0, 1.0],
                [0.997126, 0.0, -0.075768, -0.000256, -0.075768, 0.0, -0.997126, -0.002361, 0.0, 1.0, 0.0, 0.485703, 0.0, 0.0, 0.0, 1.0],
                [0.997126, 0.0, -0.075768, -0.000247, -0.075768, 0.0, -0.997126, -0.002241, 0.0, 1.0, 0.0, 0.504273, 0.0, 0.0, 0.0, 1.0],
                [0.997126, 0.0, -0.075768, -0.000227, -0.075768, 0.0, -0.997126, -0.001985, 0.0, 1.0, 0.0, 0.528451, 0.0, 0.0, 0.0, 1.0],
                [0.997126, 0.0, -0.075768, -0.000194, -0.075768, 0.0, -0.997126, -0.001543, 0.0, 1.0, 0.0, 0.555211, 0.0, 0.0, 0.0, 1.0],
                [0.997126, 0.0, -0.075768, -0.000145, -0.075768, 0.0, -0.997126, -0.000896, 0.0, 1.0, 0.0, 0.581135, 0.0, 0.0, 0.0, 1.0],
                [0.997126, 0.0, -0.075768, -8.1e-05, -0.075768, 0.0, -0.997126, -5.6e-05, 0.0, 1.0, 0.0, 0.60358, 0.0, 0.0, 0.0, 1.0],
                [0.997126, 0.0, -0.075768, -5e-06, -0.075768, 0.0, -0.997126, 0.000946, 0.0, 1.0, 0.0, 0.621154, 0.0, 0.0, 0.0, 1.0],
                [0.997126, 0.0, -0.075768, 0.000294, -0.075768, 0.0, -0.997126, 0.004879, 0.0, 1.0, 0.0, 0.636649, 0.0, 0.0, 0.0, 1.0],
                [0.997126, 0.0, -0.075768, 0.001027, -0.075768, 0.0, -0.997126, 0.014519, 0.0, 1.0, 0.0, 0.652749, 0.0, 0.0, 0.0, 1.0],
                [0.997126, 0.0, -0.075768, 0.002121, -0.075768, 0.0, -0.997126, 0.028915, 0.0, 1.0, 0.0, 0.66828, 0.0, 0.0, 0.0, 1.0],
                [0.997126, 0.0, -0.075768, 0.00339, -0.075768, 0.0, -0.997126, 0.045616, 0.0, 1.0, 0.0, 0.681644, 0.0, 0.0, 0.0, 1.0],
                [0.997126, 0.0, -0.075768, 0.004584, -0.075768, 0.0, -0.997126, 0.061331, 0.0, 1.0, 0.0, 0.691447, 0.0, 0.0, 0.0, 1.0],
                [0.997126, 0.0, -0.075768, 0.005499, -0.075768, 0.0, -0.997126, 0.073373, 0.0, 1.0, 0.0, 0.697113, 0.0, 0.0, 0.0, 1.0],
                [0.997126, 0.0, -0.075768, 0.006038, -0.075768, 0.0, -0.997126, 0.080468, 0.0, 1.0, 0.0, 0.698871, 0.0, 0.0, 0.0, 1.0],
                [0.997126, 0.0, -0.075768, 0.006355, -0.075768, 0.0, -0.997126, 0.084642, 0.0, 1.0, 0.0, 0.698198, 0.0, 0.0, 0.0, 1.0],
                [0.997126, 0.0, -0.075768, 0.006611, -0.075768, 0.0, -0.997126, 0.088009, 0.0, 1.0, 0.0, 0.695561, 0.0, 0.0, 0.0, 1.0],
                [0.997126, 0.0, -0.075768, 0.006794, -0.075768, 0.0, -0.997126, 0.090423, 0.0, 1.0, 0.0, 0.689912, 0.0, 0.0, 0.0, 1.0],
                [0.997126, 0.0, -0.075768, 0.006905, -0.075768, 0.0, -0.997126, 0.091877, 0.0, 1.0, 0.0, 0.680375, 0.0, 0.0, 0.0, 1.0],
                [0.997126, 0.0, -0.075768, 0.006957, -0.075768, 0.0, -0.997126, 0.092561, 0.0, 1.0, 0.0, 0.666743, 0.0, 0.0, 0.0, 1.0],
                [0.997126, 0.0, -0.075768, 0.006973, -0.075768, 0.0, -0.997126, 0.092778, 0.0, 1.0, 0.0, 0.649564, 0.0, 0.0, 0.0, 1.0],
                [0.997126, 0.0, -0.075768, 0.006975, -0.075768, 0.0, -0.997126, 0.092805, 0.0, 1.0, 0.0, 0.629748, 0.0, 0.0, 0.0, 1.0],
                [0.997126, 0.0, -0.075768, 0.006332, -0.075768, 0.0, -0.997126, 0.084342, 0.0, 1.0, 0.0, 0.600678, 0.0, 0.0, 0.0, 1.0],
                [0.997126, 0.0, -0.075768, 0.004521, -0.075768, 0.0, -0.997126, 0.060504, 0.0, 1.0, 0.0, 0.55812, 0.0, 0.0, 0.0, 1.0],
                [0.997126, 0.0, -0.075768, 0.002195, -0.075768, 0.0, -0.997126, 0.029897, 0.0, 1.0, 0.0, 0.513339, 0.0, 0.0, 0.0, 1.0],
                [0.997126, 0.0, -0.075768, 0.000384, -0.075768, 0.0, -0.997126, 0.00606, 0.0, 1.0, 0.0, 0.481537, 0.0, 0.0, 0.0, 1.0],
                [0.997126, 0.0, -0.075768, -0.000259, -0.075768, 0.0, -0.997126, -0.002403, 0.0, 1.0, 0.0, 0.470768, 0.0, 0.0, 0.0, 1.0],
                [0.997126, 0.0, -0.075768, -0.00025, -0.075768, 0.0, -0.997126, -0.002287, 0.0, 1.0, 0.0, 0.475987, 0.0, 0.0, 0.0, 1.0],
                [0.997126, 0.0, -0.075768, -0.000224, -0.075768, 0.0, -0.997126, -0.00194, 0.0, 1.0, 0.0, 0.491564, 0.0, 0.0, 0.0, 1.0],
                [0.997126, 0.0, -0.075768, -0.000182, -0.075768, 0.0, -0.997126, -0.001394, 0.0, 1.0, 0.0, 0.516088, 0.0, 0.0, 0.0, 1.0],
                [0.997126, 0.0, -0.075768, -0.000132, -0.075768, 0.0, -0.997126, -0.000728, 0.0, 1.0, 0.0, 0.545961, 0.0, 0.0, 0.0, 1.0],
                [0.997126, 0.0, -0.075768, -8.1e-05, -0.075768, 0.0, -0.997126, -6.3e-05, 0.0, 1.0, 0.0, 0.575834, 0.0, 0.0, 0.0, 1.0],
                [0.997126, 0.0, -0.075768, -4e-05, -0.075768, 0.0, -0.997126, 0.000483, 0.0, 1.0, 0.0, 0.600358, 0.0, 0.0, 0.0, 1.0],
                [0.997126, 0.0, -0.075768, -1.3e-05, -0.075768, 0.0, -0.997126, 0.00083, 0.0, 1.0, 0.0, 0.615935, 0.0, 0.0, 0.0, 1.0],
                [0.997126, 0.0, -0.075768, -5e-06, -0.075768, 0.0, -0.997126, 0.000946, 0.0, 1.0, 0.0, 0.621154, 0.0, 0.0, 0.0, 1.0]
            ]
        },
        {
            "name": "Thigh_R",
            "time": [0.0, 0.0167, 0.0333, 0.05, 0.0667, 0.0833, 0.1, 0.1167, 0.1333, 0.15, 0.1667, 0.1833, 0.2, 0.2167, 0.2333, 0.25, 0.2667, 0.2833, 0.3, 0.3167, 0.3333, 0.35, 0.3667, 0.3833, 0.4, 0.4167, 0.4333, 0.45, 0.4667, 0.4833, 0.5, 0.5167, 0.5333, 0.55, 0.5667, 0.5833, 0.6, 0.6167, 0.6333, 0.65, 0.6667, 0.6833, 0.7, 0.7167, 0.7333, 0.75, 0.7667, 0.7833, 0.8, 0.8167, 0.8333, 0.85, 0.8667, 0.8833, 0.9],
            "transform": [
                [0.997133, 0.050691, -0.056188, 0.128578, 0.000325, -0.745356, -0.666667, 0.062392, -0.075674, 0.664737, -0.743235, 0.044124, 0.0, 0.0, 0.0, 1.0],
                [0.997128, 0.050804, -0.056165, 0.128552, -0.000145, -0.740333, -0.67224, 0.062233, -0.075733, 0.670317, -0.7382, 0.043799, 0.0, 0.0, 0.0, 1.0],
                [0.996855, 0.047801, -0.063204, 0.128476, 0.00244, -0.815719, -0.578442, 0.061755, -0.079206, 0.576469, -0.813271, 0.042819, 0.0, 0.0, 0.0, 1.0],
                [0.996668, 0.045503, -0.067695, 0.128349, 0.00276, -0.848272, -0.529553, 0.060954, -0.081519, 0.527602, -0.845571, 0.041178, 0.0, 0.0, 0.0, 1.0],
                [0.996503, 0.043241, -0.071502, 0.12817, 0.001918, -0.867306, -0.497772, 0.059831, -0.083539, 0.495894, -0.864355, 0.038876, 0.0, 0.0, 0.0, 1.0],
                [0.996361, 0.041034, -0.074701, 0.127941, 0.000428, -0.878872, -0.477057, 0.058391, -0.085228, 0.475289, -0.875692, 0.035924, 0.0, 0.0, 0.0, 1.0],
                [0.996244, 0.03894, -0.077336, 0.127663, -0.001024, -0.887804, -0.460221, 0.056642, -0.08658, 0.458572, -0.88443, 0.032339, 0.0, 0.0, 0.0, 1.0],
                [0.996149, 0.037035, -0.079469, 0.127337, -0.001837, -0.897387, -0.441241, 0.054598, -0.087656, 0.439687, -0.893863, 0.028151, 0.0, 0.0, 0.0, 1.0],
                [0.996073, 0.03575, -0.080995, 0.126969, -0.002498, -0.903131, -0.429357, 0.052281, -0.088499, 0.427874, -0.899495, 0.023401, 0.0, 0.0, 0.0, 1.0],
                [0.996008, 0.035211, -0.082021, 0.126561, -0.003581, -0.902402, -0.43088, 0.049717, -0.089187, 0.429454, -0.898674, 0.018146, 0.0, 0.0, 0.0, 1.0],
                [0.995945, 0.034838, -0.082945, 0.126118, -0.004734, -0.900407, -0.435023, 0.046939, -0.08984, 0.433651, -0.896591, 0.012453, 0.0, 0.0, 0.0, 1.0],
                [0.995872, 0.033793, -0.084248, 0.125649, -0.005567, -0.903636, -0.428265, 0.043988, -0.090602, 0.426966, -0.899717, 0.006404, 0.0, 0.0, 0.0, 1.0],
                [0.995782, 0.03127, -0.086255, 0.125159, -0.005853, -0.916559, -0.399856, 0.040908, -0.091561, 0.398674, -0.912511, 9.1e-05, 0.0, 0.0, 0.0, 1.0],
                [0.995683, 0.026806, -0.088858, 0.124656, -0.005665, -0.938046, -0.346464, 0.037749, -0.092641, 0.345472, -0.933845, -0.006384, 0.0, 0.0, 0.0, 1.0],
                [0.995593, 0.020235, -0.091572, 0.124149, -0.005307, -0.962721, -0.270442, 0.034563, -0.093631, 0.269736, -0.958371, -0.012913, 0.0, 0.0, 0.0, 1.0],
                [0.995632, 0.011115, -0.092698, 0.123646, 0.000838, -0.993913, -0.110168, 0.031404, -0.093359, 0.109609, -0.989581, -0.019388, 0.0, 0.0, 0.0, 1.0],
                [0.996035, -0.002077, -0.088941, 0.123156, 0.017397, -0.975878, 0.217622, 0.028324, -0.087247, -0.218307, -0.971972, -0.025701, 0.0, 0.0, 0.0, 1.0],
                [0.996891, -0.019636, -0.076309, 0.122686, 0.031647, -0.787129, 0.615976, 0.025372, -0.072161, -0.616476, -0.78406, -0.03175, 0.0, 0.0, 0.0, 1.0],
                [0.997736, -0.032451, -0.058897, 0.122244, 0.033696, -0.516697, 0.855505, 0.022595, -0.058194, -0.855553, -0.514434, -0.037443, 0.0, 0.0, 0.0, 1.0],
                [0.998228, -0.038688, -0.045203, 0.121836, 0.030174, -0.325613, 0.945021, 0.020031, -0.051279, -0.944711, -0.323869, -0.042698, 0.0, 0.0, 0.0, 1.0],
                [0.99855, -0.042097, -0.033565, 0.121467, 0.025568, -0.177884, 0.983719, 0.017713, -0.047382, -0.983151, -0.17655, -0.047448, 0.0, 0.0, 0.0, 1.0],
                [0.998772, -0.043868, -0.023014, 0.121142, 0.020869, -0.048747, 0.998593, 0.01567, -0.044928, -0.997847, -0.047772, -0.051636, 0.0, 0.0, 0.0, 1.0],
                [0.998901, -0.044643, -0.014284, 0.120864, 0.016652, 0.053123, 0.998449, 0.013921, -0.043815, -0.99759, 0.053808, -0.055221, 0.0, 0.0, 0.0, 1.0],
                [0.998954, -0.045051, -0.007798, 0.120634, 0.013313, 0.123448, 0.992262, 0.01248, -0.04374, -0.991328, 0.123918, -0.058174, 0.0, 0.0, 0.0, 1.0],
                [0.998957, -0.04552, -0.003621, 0.120456, 0.010989, 0.162658, 0.986621, 0.011357, -0.044321, -0.985632, 0.162988, -0.060475, 0.0, 0.0, 0.0, 1.0],
                [0.998929, -0.046241, -0.001583, 0.120328, 0.009599, 0.173659, 0.984759, 0.010557, -0.045261, -0.98372, 0.173917, -0.062116, 0.0, 0.0, 0.0, 1.0],
                [0.998883, -0.047225, -0.001369, 0.120252, 0.00895, 0.160706, 0.986962, 0.010078, -0.046389, -0.985872, 0.160949, -0.063096, 0.0, 0.0, 0.0, 1.0],
                [0.998825, -0.048399, -0.002661, 0.120227, 0.008835, 0.127806, 0.99176, 0.00992, -0.04766, -0.990618, 0.128083, -0.063421, 0.0, 0.0, 0.0, 1.0],
                [0.99876, -0.049572, -0.004628, 0.120252, 0.008557, 0.079356, 0.99681, 0.010078, -0.049046, -0.995613, 0.079682, -0.063096, 0.0, 0.0, 0.0, 1.0],
                [0.998692, -0.050683, -0.006767, 0.120328, 0.007655, 0.017355, 0.99982, 0.010557, -0.050557, -0.998564, 0.017721, -0.062116, 0.0, 0.0, 0.0, 1.0],
                [0.998612, -0.051833, -0.009368, 0.120456, 0.006415, -0.056856, 0.998362, 0.011357, -0.05228, -0.997036, -0.056445, -0.060475, 0.0, 0.0, 0.0, 1.0],
                [0.998513, -0.053038, -0.012622, 0.120634, 0.005159, -0.138554, 0.990341, 0.01248, -0.054274, -0.988934, -0.138074, -0.058174, 0.0, 0.0, 0.0, 1.0],
                [0.998395, -0.054201, -0.016426, 0.120864, 0.004086, -0.220347, 0.975413, 0.013921, -0.056488, -0.973914, -0.219772, -0.055221, 0.0, 0.0, 0.0, 1.0],
                [0.998266, -0.055192, -0.020455, 0.121142, 0.003242, -0.295435, 0.955357, 0.01567, -0.058772, -0.953767, -0.294744, -0.051636, 0.0, 0.0, 0.0, 1.0],
                [0.998135, -0.055948, -0.024426, 0.121467, 0.002597, -0.360846, 0.932622, 0.017713, -0.060992, -0.930945, -0.360028, -0.047448, 0.0, 0.0, 0.0, 1.0],
                [0.997975, -0.056496, -0.029231, 0.121836, 0.001906, -0.432761, 0.901507, 0.020031, -0.063581, -0.899737, -0.431777, -0.042698, 0.0, 0.0, 0.0, 1.0],
                [0.997751, -0.056595, -0.035905, 0.122244, 0.000688, -0.527026, 0.849849, 0.022595, -0.06702, -0.847963, -0.525802, -0.037443, 0.0, 0.0, 0.0, 1.0],
                [0.997448, -0.055654, -0.044714, 0.122686, -0.001715, -0.644821, 0.764331, 0.025372, -0.071371, -0.762304, -0.643271, -0.03175, 0.0, 0.0, 0.0, 1.0],
                [0.996884, -0.050687, -0.060434, 0.123156, -0.008884, -0.833472, 0.552489, 0.028324, -0.078374, -0.550231, -0.831326, -0.025701, 0.0, 0.0, 0.0, 1.0],
                [0.996874, -0.050617, -0.060669, 0.123646, -0.008559, -0.832514, 0.553937, 0.031404, -0.078546, -0.551686, -0.830345, -0.019388, 0.0, 0.0, 0.0, 1.0],
                [0.996865, -0.051075, -0.060423, 0.124149, -0.008406, -0.827762, 0.561016, 0.034563, -0.07867, -0.558749, -0.825597, -0.012913, 0.0, 0.0, 0.0, 1.0],
                [0.996858, -0.052054, -0.059701, 0.124656, -0.008445, -0.819277, 0.573335, 0.037749, -0.078756, -0.571029, -0.817143, -0.006384, 0.0, 0.0, 0.0, 1.0],
                [0.99705, -0.05273, -0.055772, 0.125159, -0.005442, -0.773383, 0.633916, 0.040908, -0.07656, -0.631742, -0.771388, 9.1e-05, 0.0, 0.0, 0.0, 1.0],
                [0.997818, -0.051475, -0.041334, 0.125649, 0.006523, -0.546174, 0.837646, 0.043988, -0.065694, -0.836089, -0.544647, 0.006404, 0.0, 0.0, 0.0, 1.0],
                [0.998014, -0.043423, -0.045639, 0.126118, 0.016623, -0.517265, 0.855664, 0.046939, -0.060763, -0.854723, -0.515516, 0.012453, 0.0, 0.0, 0.0, 1.0],
                [0.997692, -0.03154, -0.060124, 0.126561, 0.025751, -0.643603, 0.764926, 0.049717, -0.062822, -0.764709, -0.641306, 0.018146, 0.0, 0.0, 0.0, 1.0],
                [0.997221, -0.018428, -0.072185, 0.126969, 0.029328, -0.793584, 0.607754, 0.052281, -0.068484, -0.608182, -0.790838, 0.023401, 0.0, 0.0, 0.0, 1.0],
                [0.996857, -0.006185, -0.078981, 0.127337, 0.028527, -0.902046, 0.430696, 0.054598, -0.073908, -0.431595, -0.899035, 0.028151, 0.0, 0.0, 0.0, 1.0],
                [0.99659, 0.006801, -0.082234, 0.127663, 0.025703, -0.972601, 0.231056, 0.056641, -0.07841, -0.232382, -0.969459, 0.032339, 0.0, 0.0, 0.0, 1.0],
                [0.996461, 0.019105, -0.081861, 0.127941, 0.021448, -0.999382, 0.027833, 0.058391, -0.081279, -0.029491, -0.996255, 0.035924, 0.0, 0.0, 0.0, 1.0],
                [0.996467, 0.029691, -0.078557, 0.12817, 0.016508, -0.986416, -0.163435, 0.059831, -0.082342, 0.16156, -0.983422, 0.038876, 0.0, 0.0, 0.0, 1.0],
                [0.99658, 0.038086, -0.073328, 0.128349, 0.011512, -0.942782, -0.333211, 0.060954, -0.081823, 0.331227, -0.939997, 0.041178, 0.0, 0.0, 0.0, 1.0],
                [0.996764, 0.044341, -0.067055, 0.128476, 0.006827, -0.877802, -0.478975, 0.061755, -0.080099, 0.476967, -0.875264, 0.042819, 0.0, 0.0, 0.0, 1.0],
                [0.997019, 0.049171, -0.059458, 0.128552, 0.002098, -0.787608, -0.616172, 0.062233, -0.077127, 0.614211, -0.785364, 0.043799, 0.0, 0.0, 0.0, 1.0],
                [0.997133, 0.050691, -0.056188, 0.128578, 0.000325, -0.745356, -0.666667, 0.062392, -0.075674, 0.664737, -0.743235, 0.044124, 0.0, 0.0, 0.0, 1.0]
            ]
        },
        {
            "name": "Leg_R",
            "time": [0.0, 0.0167, 0.0333, 0.05, 0.0667, 0.0833, 0.1, 0.1167, 0.1333, 0.15, 0.1667, 0.1833, 0.2, 0.2167, 0.2333, 0.25, 0.2667, 0.2833, 0.3, 0.3167, 0.3333, 0.35, 0.3667, 0.3833, 0.4, 0.4167, 0.4333, 0.45, 0.4667, 0.4833, 0.5, 0.5167, 0.5333, 0.55, 0.5667, 0.5833, 0.6, 0.6167, 0.6333, 0.65, 0.6667, 0.6833, 0.7, 0.7167, 0.7333, 0.75, 0.7667, 0.7833, 0.8, 0.8167, 0.8333, 0.85, 0.8667, 0.8833, 0.9],
            "transform": [
                [1.0, -1.6e-05, -0.000115, -0.0, 1.6e-05, 1.0, 0.000434, 0.374721, 0.000115, -0.000435, 1.0, -0.0, 0.0, 0.0, 0.0, 1.0],
                [1.0, -1.6e-05, -0.000115, 0.0, 1.6e-05, 1.0, 0.000435, 0.374721, 0.000115, -0.000435, 1.0, -0.0, 0.0, 0.0, 0.0, 1.0],
                [0.999945, -0.010346, -0.001609, -0.0, 0.010379, 0.959086, 0.282925, 0.374721, -0.001384, -0.282927, 0.959141, -0.0, 0.0, 0.0, 0.0, 1.0],
                [0.99985, -0.016822, -0.004214, -0.0, 0.016875, 0.887748, 0.460019, 0.374721, -0.003997, -0.460021, 0.887899, -0.0, 0.0, 0.0, 0.0, 1.0],
                [0.999731, -0.02196, -0.007444, -0.0, 0.022029, 0.79932, 0.600502, 0.374721, -0.007237, -0.600504, 0.799589, 0.0, 0.0, 0.0, 0.0, 1.0],
                [0.999606, -0.025884, -0.010855, 0.0, 0.025965, 0.705928, 0.707808, 0.374721, -0.010658, -0.707811, 0.706322, -0.0, 0.0, 0.0, 0.0, 1.0],
                [0.999485, -0.028807, -0.014164, -0.0, 0.028898, 0.615308, 0.787757, 0.374721, -0.013978, -0.78776, 0.615823, -0.0, 0.0, 0.0, 0.0, 1.0],
                [0.99937, -0.030987, -0.017275, 0.0, 0.031084, 0.530121, 0.847352, 0.374721, -0.017099, -0.847356, 0.53075, -0.0, 0.0, 0.0, 0.0, 1.0],
                [0.999278, -0.032424, -0.019788, -0.0, 0.032526, 0.461297, 0.886649, 0.374721, -0.01962, -0.886653, 0.462019, 0.0, 0.0, 0.0, 0.0, 1.0],
                [0.999214, -0.033281, -0.021549, -0.0, 0.033385, 0.413084, 0.910081, 0.374721, -0.021387, -0.910085, 0.41387, -0.0, 0.0, 0.0, 0.0, 1.0],
                [0.999157, -0.033941, -0.023098, -0.0, 0.034048, 0.370663, 0.928143, 0.374721, -0.022941, -0.928147, 0.371507, -0.0, 0.0, 0.0, 0.0, 1.0],
                [0.999078, -0.03472, -0.025242, -0.0, 0.03483, 0.311972, 0.949453, 0.374721, -0.025091, -0.949457, 0.312894, -0.0, 0.0, 0.0, 0.0, 1.0],
                [0.998951, -0.03567, -0.028695, -0.0, 0.035782, 0.217423, 0.975422, 0.374721, -0.028555, -0.975426, 0.218471, 0.0, 0.0, 0.0, 0.0, 1.0],
                [0.998769, -0.036424, -0.033679, -0.0, 0.036539, 0.080947, 0.996049, 0.374721, -0.033554, -0.996053, 0.082179, 0.0, 0.0, 0.0, 0.0, 1.0],
                [0.99854, -0.036397, -0.03991, -0.0, 0.036512, -0.089681, 0.995301, 0.374721, -0.039805, -0.995305, -0.088222, 0.0, 0.0, 0.0, 0.0, 1.0],
                [0.998259, -0.034867, -0.047571, -0.0, 0.034977, -0.299444, 0.953473, 0.374721, -0.04749, -0.953477, -0.297703, -0.0, 0.0, 0.0, 0.0, 1.0],
                [0.997979, -0.031463, -0.055212, 0.0, 0.031562, -0.508677, 0.860379, 0.374721, -0.055155, -0.860382, -0.506656, 0.0, 0.0, 0.0, 0.0, 1.0],
                [0.997841, -0.028914, -0.058968, -0.0, 0.029005, -0.611543, 0.790679, 0.374721, -0.058924, -0.790683, -0.609385, -0.0, 0.0, 0.0, 0.0, 1.0],
                [0.997865, -0.02941, -0.058312, -0.0, 0.029503, -0.593568, 0.804243, 0.374721, -0.058265, -0.804247, -0.591433, 0.0, 0.0, 0.0, 0.0, 1.0],
                [0.99792, -0.030453, -0.056823, -0.0, 0.030549, -0.552789, 0.832761, 0.374721, -0.056771, -0.832765, -0.550709, -0.0, 0.0, 0.0, 0.0, 1.0],
                [0.997957, -0.031099, -0.055815, 0.0, 0.031196, -0.525195, 0.85041, 0.374721, -0.05576, -0.850414, -0.523151, -0.0, 0.0, 0.0, 0.0, 1.0],
                [0.998016, -0.032045, -0.054191, -0.0, 0.032146, -0.480723, 0.876283, 0.374721, -0.054131, -0.876287, -0.47874, -0.0, 0.0, 0.0, 0.0, 1.0],
                [0.998095, -0.033134, -0.05204, -0.0, 0.033238, -0.421838, 0.906062, 0.374721, -0.051974, -0.906066, -0.419933, 0.0, 0.0, 0.0, 0.0, 1.0],
                [0.998188, -0.034192, -0.049526, -0.0, 0.034299, -0.352994, 0.934997, 0.374721, -0.049452, -0.935001, -0.351181, -0.0, 0.0, 0.0, 0.0, 1.0],
                [0.998285, -0.035079, -0.046871, -0.0, 0.03519, -0.280299, 0.959267, 0.374721, -0.046789, -0.959272, -0.278584, -0.0, 0.0, 0.0, 0.0, 1.0],
                [0.998382, -0.035744, -0.044236, -0.0, 0.035857, -0.20813, 0.977444, 0.374721, -0.044145, -0.977448, -0.206512, 0.0, 0.0, 0.0, 0.0, 1.0],
                [0.998475, -0.036195, -0.041675, -0.0, 0.036309, -0.138017, 0.989764, 0.374721, -0.041576, -0.989769, -0.136492, -0.0, 0.0, 0.0, 0.0, 1.0],
                [0.998568, -0.036458, -0.03914, -0.0, 0.036573, -0.068588, 0.996975, 0.374721, -0.039033, -0.996979, -0.067156, 0.0, 0.0, 0.0, 0.0, 1.0],
                [0.998656, -0.036544, -0.03675, -0.0, 0.036659, -0.003142, 0.999323, 0.374721, -0.036635, -0.999327, -0.001798, 0.0, 0.0, 0.0, 0.0, 1.0],
                [0.998733, -0.03649, -0.034651, -0.0, 0.036605, 0.054327, 0.997852, 0.374721, -0.03453, -0.997856, 0.055594, 0.0, 0.0, 0.0, 0.0, 1.0],
                [0.998805, -0.03633, -0.032682, -0.0, 0.036444, 0.108233, 0.993457, 0.374721, -0.032555, -0.993462, 0.109428, -0.0, 0.0, 0.0, 0.0, 1.0],
                [0.998882, -0.036039, -0.030584, 0.0, 0.036153, 0.165694, 0.985514, 0.374721, -0.03045, -0.985519, 0.166812, 0.0, 0.0, 0.0, 0.0, 1.0],
                [0.998973, -0.035535, -0.028112, -0.0, 0.035647, 0.233379, 0.971732, 0.374721, -0.02797, -0.971737, 0.234406, -0.0, 0.0, 0.0, 0.0, 1.0],
                [0.99908, -0.034701, -0.025182, 0.0, 0.03481, 0.313609, 0.948914, 0.374721, -0.025031, -0.948918, 0.314528, -0.0, 0.0, 0.0, 0.0, 1.0],
                [0.999203, -0.033412, -0.021841, -0.0, 0.033517, 0.405085, 0.913664, 0.374721, -0.02168, -0.913668, 0.405882, 0.0, 0.0, 0.0, 0.0, 1.0],
                [0.999359, -0.031189, -0.017603, -0.0, 0.031288, 0.521149, 0.852892, 0.374721, -0.017428, -0.852896, 0.52179, 0.0, 0.0, 0.0, 0.0, 1.0],
                [0.999562, -0.027026, -0.012053, -0.0, 0.027111, 0.673121, 0.739036, 0.374721, -0.01186, -0.739039, 0.673559, -0.0, 0.0, 0.0, 0.0, 1.0],
                [0.999795, -0.019425, -0.005702, -0.0, 0.019486, 0.847025, 0.531196, 0.374721, -0.005489, -0.531198, 0.84723, -0.0, 0.0, 0.0, 0.0, 1.0],
                [1.0, -1.6e-05, -0.000115, 0.0, 1.6e-05, 1.0, 0.000435, 0.374721, 0.000115, -0.000435, 1.0, -0.0, 0.0, 0.0, 0.0, 1.0],
                [1.0, -1.6e-05, -0.000115, -0.0, 1.6e-05, 1.0, 0.000435, 0.374721, 0.000115, -0.000435, 1.0, -0.0, 0.0, 0.0, 0.0, 1.0],
                [1.0, -1.6e-05, -0.000115, -0.0, 1.6e-05, 1.0, 0.000435, 0.374721, 0.000115, -0.000435, 1.0, 0.0, 0.0, 0.0, 0.0, 1.0],
                [1.0, -1.6e-05, -0.000115, -0.0, 1.6e-05, 1.0, 0.000435, 0.374721, 0.000115, -0.000435, 1.0, 0.0, 0.0, 0.0, 0.0, 1.0],
                [0.999979, -0.006509, -0.000699, -0.0, 0.006529, 0.984011, 0.177987, 0.374721, -0.000471, -0.177988, 0.984033, -0.0, 0.0, 0.0, 0.0, 1.0],
                [0.999411, -0.030267, -0.016169, 0.0, 0.030362, 0.560398, 0.827666, 0.374721, -0.01599, -0.82767, 0.560987, 0.0, 0.0, 0.0, 0.0, 1.0],
                [0.998846, -0.036192, -0.031579, 0.0, 0.036306, 0.138453, 0.989703, 0.374721, -0.031448, -0.989708, 0.139608, 0.0, 0.0, 0.0, 0.0, 1.0],
                [0.998562, -0.036446, -0.039312, -0.0, 0.036561, -0.073308, 0.996639, 0.374721, -0.039205, -0.996643, -0.07187, -0.0, 0.0, 0.0, 0.0, 1.0],
                [0.998555, -0.036432, -0.039493, 0.0, 0.036547, -0.078273, 0.996262, 0.374721, -0.039387, -0.996266, -0.076829, -0.0, 0.0, 0.0, 0.0, 1.0],
                [0.998683, -0.036539, -0.036013, -0.0, 0.036654, 0.017036, 0.999183, 0.374721, -0.035896, -0.999187, 0.018352, 0.0, 0.0, 0.0, 0.0, 1.0],
                [0.99889, -0.036001, -0.030363, -0.0, 0.036115, 0.171729, 0.984482, 0.374721, -0.030229, -0.984486, 0.172839, -0.0, 0.0, 0.0, 0.0, 1.0],
                [0.999154, -0.033973, -0.023177, 0.0, 0.034079, 0.368508, 0.929, 0.374721, -0.02302, -0.929004, 0.369354, -0.0, 0.0, 0.0, 0.0, 1.0],
                [0.999435, -0.029809, -0.015509, -0.0, 0.029903, 0.578485, 0.815145, 0.374721, -0.015327, -0.815148, 0.57905, -0.0, 0.0, 0.0, 0.0, 1.0],
                [0.999689, -0.023414, -0.008595, -0.0, 0.023488, 0.767786, 0.640276, 0.374721, -0.008392, -0.640278, 0.768098, 0.0, 0.0, 0.0, 0.0, 1.0],
                [0.999879, -0.015196, -0.003422, -0.0, 0.015243, 0.90945, 0.415534, 0.374721, -0.003202, -0.415536, 0.909571, -0.0, 0.0, 0.0, 0.0, 1.0],
                [0.99999, -0.004567, -0.000401, -0.0, 0.004582, 0.99216, 0.124892, 0.374721, -0.000172, -0.124893, 0.99217, 0.0, 0.0, 0.0, 0.0, 1.0],
                [1.0, -1.6e-05, -0.000115, -0.0, 1.6e-05, 1.0, 0.000434, 0.374721, 0.000115, -0.000435, 1.0, -0.0, 0.0, 0.0, 0.0, 1.0]
            ]
        },
        {
            "name": "Knee_R",
            "time": [0.0, 0.0167, 0.0333, 0.05, 0.0667, 0.0833, 0.1, 0.1167, 0.1333, 0.15, 0.1667, 0.1833, 0.2, 0.2167, 0.2333, 0.25, 0.2667, 0.2833, 0.3, 0.3167, 0.3333, 0.35, 0.3667, 0.3833, 0.4, 0.4167, 0.4333, 0.45, 0.4667, 0.4833, 0.5, 0.5167, 0.5333, 0.55, 0.5667, 0.5833, 0.6, 0.6167, 0.6333, 0.65, 0.6667, 0.6833, 0.7, 0.7167, 0.7333, 0.75, 0.7667, 0.7833, 0.8, 0.8167, 0.8333, 0.85, 0.8667, 0.8833, 0.9],
            "transform": [
                [1.0, -5.7e-05, 5.7e-05, -0.0, 5.7e-05, 0.001565, -0.999999, 0.374721, 5.7e-05, 0.999999, 0.001565, -0.0, 0.0, 0.0, 0.0, 1.0],
                [1.0, -5.7e-05, 5.7e-05, 0.0, 5.7e-05, 0.001565, -0.999999, 0.374721, 5.7e-05, 0.999999, 0.001565, -0.0, 0.0, 0.0, 0.0, 1.0],
                [1.0, -5.7e-05, 5.7e-05, 0.0, 5.7e-05, 0.001565, -0.999999, 0.374721, 5.7e-05, 0.999999, 0.001565, -0.0, 0.0, 0.0, 0.0, 1.0],
                [1.0, -5.7e-05, 5.7e-05, -0.0, 5.7e-05, 0.001565, -0.999999, 0.374721, 5.7e-05, 0.999999, 0.001565, -0.0, 0.0, 0.0, 0.0, 1.0],
                [1.0, -5.7e-05, 5.7e-05, -1e-06, 5.7e-05, 0.001565, -0.999999, 0.384812, 5.7e-05, 0.999999, 0.001565, -1.6e-05, 0.0, 0.0, 0.0, 1.0],
                [1.0, -5.7e-05, 5.7e-05, -1e-06, 5.7e-05, 0.001565, -0.999999, 0.397042, 5.7e-05, 0.999999, 0.001565, -3.5e-05, 0.0, 0.0, 0.0, 1.0],
                [1.0, -5.7e-05, 5.7e-05, -2e-06, 5.7e-05, 0.001565, -0.999999, 0.407427, 5.7e-05, 0.999999, 0.001565, -5.1e-05, 0.0, 0.0, 0.0, 1.0],
                [1.0, -5.7e-05, 5.7e-05, -2e-06, 5.7e-05, 0.001565, -0.999999, 0.416359, 5.7e-05, 0.999999, 0.001565, -6.5e-05, 0.0, 0.0, 0.0, 1.0],
                [1.0, -5.7e-05, 5.7e-05, -3e-06, 5.7e-05, 0.001565, -0.999999, 0.423167, 5.7e-05, 0.999999, 0.001565, -7.6e-05, 0.0, 0.0, 0.0, 1.0],
                [1.0, -5.7e-05, 5.7e-05, -3e-06, 5.7e-05, 0.001565, -0.999999, 0.42777, 5.7e-05, 0.999999, 0.001565, -8.3e-05, 0.0, 0.0, 0.0, 1.0],
                [1.0, -5.7e-05, 5.7e-05, -3e-06, 5.7e-05, 0.001565, -0.999999, 0.43173, 5.7e-05, 0.999999, 0.001565, -8.9e-05, 0.0, 0.0, 0.0, 1.0],
                [1.0, -5.7e-05, 5.7e-05, -4e-06, 5.7e-05, 0.001565, -0.999999, 0.437092, 5.7e-05, 0.999999, 0.001565, -9.8e-05, 0.0, 0.0, 0.0, 1.0],
                [1.0, -5.7e-05, 5.7e-05, -4e-06, 5.7e-05, 0.001565, -0.999999, 0.445515, 5.7e-05, 0.999999, 0.001565, -0.000111, 0.0, 0.0, 0.0, 1.0],
                [1.0, -5.7e-05, 5.7e-05, -5e-06, 5.7e-05, 0.001565, -0.999999, 0.457377, 5.7e-05, 0.999999, 0.001565, -0.000129, 0.0, 0.0, 0.0, 1.0],
                [1.0, -5.7e-05, 5.7e-05, -5e-06, 5.7e-05, 0.001565, -0.999999, 0.464721, 5.7e-05, 0.999999, 0.001565, -0.000141, 0.0, 0.0, 0.0, 1.0],
                [1.0, -5.7e-05, 5.7e-05, -5e-06, 5.7e-05, 0.001565, -0.999999, 0.46472, 5.7e-05, 0.999999, 0.001565, -0.000141, 0.0, 0.0, 0.0, 1.0],
                [1.0, -5.7e-05, 5.7e-05, -5e-06, 5.7e-05, 0.001565, -0.999999, 0.464721, 5.7e-05, 0.999999, 0.001565, -0.000141, 0.0, 0.0, 0.0, 1.0],
                [1.0, -5.7e-05, 5.7e-05, -5e-06, 5.7e-05, 0.001565, -0.999999, 0.464721, 5.7e-05, 0.999999, 0.001565, -0.000141, 0.0, 0.0, 0.0, 1.0],
                [1.0, -5.7e-05, 5.7e-05, -5e-06, 5.7e-05, 0.001565, -0.999999, 0.46472, 5.7e-05, 0.999999, 0.001565, -0.000141, 0.0, 0.0, 0.0, 1.0],
                [1.0, -5.7e-05, 5.7e-05, -5e-06, 5.7e-05, 0.001565, -0.999999, 0.46472, 5.7e-05, 0.999999, 0.001565, -0.000141, 0.0, 0.0, 0.0, 1.0],
                [1.0, -5.7e-05, 5.7e-05, -5e-06, 5.7e-05, 0.001565, -0.999999, 0.46472, 5.7e-05, 0.999999, 0.001565, -0.000141, 0.0, 0.0, 0.0, 1.0],
                [1.0, -5.7e-05, 5.7e-05, -5e-06, 5.7e-05, 0.001565, -0.999999, 0.46472, 5.7e-05, 0.999999, 0.001565, -0.000141, 0.0, 0.0, 0.0, 1.0],
                [1.0, -5.7e-05, 5.7e-05, -5e-06, 5.7e-05, 0.001565, -0.999999, 0.46472, 5.7e-05, 0.999999, 0.001565, -0.000141, 0.0, 0.0, 0.0, 1.0],
                [1.0, -5.7e-05, 5.7e-05, -5e-06, 5.7e-05, 0.001565, -0.999999, 0.464721, 5.7e-05, 0.999999, 0.001565, -0.000141, 0.0, 0.0, 0.0, 1.0],
                [1.0, -5.7e-05, 5.7e-05, -5e-06, 5.7e-05, 0.001565, -0.999999, 0.46472, 5.7e-05, 0.999999, 0.001565, -0.000141, 0.0, 0.0, 0.0, 1.0],
                [1.0, -5.7e-05, 5.7e-05, -5e-06, 5.7e-05, 0.001565, -0.999999, 0.46472, 5.7e-05, 0.999999, 0.001565, -0.000141, 0.0, 0.0, 0.0, 1.0],
                [1.0, -5.7e-05, 5.7e-05, -5e-06, 5.7e-05, 0.001565, -0.999999, 0.464721, 5.7e-05, 0.999999, 0.001565, -0.000141, 0.0, 0.0, 0.0, 1.0],
                [1.0, -5.7e-05, 5.7e-05, -5e-06, 5.7e-05, 0.001565, -0.999999, 0.46472, 5.7e-05, 0.999999, 0.001565, -0.000141, 0.0, 0.0, 0.0, 1.0],
                [1.0, -5.7e-05, 5.7e-05, -5e-06, 5.7e-05, 0.001565, -0.999999, 0.464606, 5.7e-05, 0.999999, 0.001565, -0.000141, 0.0, 0.0, 0.0, 1.0],
                [1.0, -5.7e-05, 5.7e-05, -5e-06, 5.7e-05, 0.001565, -0.999999, 0.459668, 5.7e-05, 0.999999, 0.001565, -0.000133, 0.0, 0.0, 0.0, 1.0],
                [1.0, -5.7e-05, 5.7e-05, -5e-06, 5.7e-05, 0.001565, -0.999999, 0.455023, 5.7e-05, 0.999999, 0.001565, -0.000126, 0.0, 0.0, 0.0, 1.0],
                [1.0, -5.7e-05, 5.7e-05, -4e-06, 5.7e-05, 0.001565, -0.999999, 0.450041, 5.7e-05, 0.999999, 0.001565, -0.000118, 0.0, 0.0, 0.0, 1.0],
                [1.0, -5.7e-05, 5.7e-05, -4e-06, 5.7e-05, 0.001565, -0.999999, 0.444108, 5.7e-05, 0.999999, 0.001565, -0.000109, 0.0, 0.0, 0.0, 1.0],
                [1.0, -5.7e-05, 5.7e-05, -4e-06, 5.7e-05, 0.001565, -0.999999, 0.436944, 5.7e-05, 0.999999, 0.001565, -9.7e-05, 0.0, 0.0, 0.0, 1.0],
                [1.0, -5.7e-05, 5.7e-05, -3e-06, 5.7e-05, 0.001565, -0.999999, 0.428523, 5.7e-05, 0.999999, 0.001565, -8.4e-05, 0.0, 0.0, 0.0, 1.0],
                [1.0, -5.7e-05, 5.7e-05, -2e-06, 5.7e-05, 0.001565, -0.999999, 0.417265, 5.7e-05, 0.999999, 0.001565, -6.6e-05, 0.0, 0.0, 0.0, 1.0],
                [1.0, -5.7e-05, 5.7e-05, -1e-06, 5.7e-05, 0.001565, -0.999999, 0.400933, 5.7e-05, 0.999999, 0.001565, -4.1e-05, 0.0, 0.0, 0.0, 1.0],
                [1.0, -5.7e-05, 5.7e-05, -0.0, 5.7e-05, 0.001565, -0.999999, 0.377582, 5.7e-05, 0.999999, 0.001565, -5e-06, 0.0, 0.0, 0.0, 1.0],
                [1.0, -5.7e-05, 5.7e-05, -0.0, 5.7e-05, 0.001565, -0.999999, 0.374721, 5.7e-05, 0.999999, 0.001565, -0.0, 0.0, 0.0, 0.0, 1.0],
                [1.0, -5.7e-05, 5.7e-05, -0.0, 5.7e-05, 0.001565, -0.999999, 0.374721, 5.7e-05, 0.999999, 0.001565, -0.0, 0.0, 0.0, 0.0, 1.0],
                [1.0, -5.7e-05, 5.7e-05, 0.0, 5.7e-05, 0.001565, -0.999999, 0.374721, 5.7e-05, 0.999999, 0.001565, -0.0, 0.0, 0.0, 0.0, 1.0],
                [1.0, -5.7e-05, 5.7e-05, -0.0, 5.7e-05, 0.001565, -0.999999, 0.374721, 5.7e-05, 0.999999, 0.001565, -0.0, 0.0, 0.0, 0.0, 1.0],
                [1.0, -5.7e-05, 5.7e-05, 0.0, 5.7e-05, 0.001565, -0.999999, 0.374721, 5.7e-05, 0.999999, 0.001565, -0.0, 0.0, 0.0, 0.0, 1.0],
                [1.0, -5.7e-05, 5.7e-05, -2e-06, 5.7e-05, 0.001565, -0.999999, 0.413258, 5.7e-05, 0.999999, 0.001565, -6e-05, 0.0, 0.0, 0.0, 1.0],
                [1.0, -5.7e-05, 5.7e-05, -4e-06, 5.7e-05, 0.001565, -0.999999, 0.452408, 5.7e-05, 0.999999, 0.001565, -0.000122, 0.0, 0.0, 0.0, 1.0],
                [1.0, -5.7e-05, 5.7e-05, -5e-06, 5.7e-05, 0.001565, -0.999999, 0.464721, 5.7e-05, 0.999999, 0.001565, -0.000141, 0.0, 0.0, 0.0, 1.0],
                [1.0, -5.7e-05, 5.7e-05, -5e-06, 5.7e-05, 0.001565, -0.999999, 0.464721, 5.7e-05, 0.999999, 0.001565, -0.000141, 0.0, 0.0, 0.0, 1.0],
                [1.0, -5.7e-05, 5.7e-05, -5e-06, 5.7e-05, 0.001565, -0.999999, 0.462873, 5.7e-05, 0.999999, 0.001565, -0.000138, 0.0, 0.0, 0.0, 1.0],
                [1.0, -5.7e-05, 5.7e-05, -4e-06, 5.7e-05, 0.001565, -0.999999, 0.449515, 5.7e-05, 0.999999, 0.001565, -0.000117, 0.0, 0.0, 0.0, 1.0],
                [1.0, -5.7e-05, 5.7e-05, -3e-06, 5.7e-05, 0.001565, -0.999999, 0.431929, 5.7e-05, 0.999999, 0.001565, -9e-05, 0.0, 0.0, 0.0, 1.0],
                [1.0, -5.7e-05, 5.7e-05, -2e-06, 5.7e-05, 0.001565, -0.999999, 0.411369, 5.7e-05, 0.999999, 0.001565, -5.7e-05, 0.0, 0.0, 0.0, 1.0],
                [1.0, -5.7e-05, 5.7e-05, -1e-06, 5.7e-05, 0.001565, -0.999999, 0.389173, 5.7e-05, 0.999999, 0.001565, -2.3e-05, 0.0, 0.0, 0.0, 1.0],
                [1.0, -5.7e-05, 5.7e-05, -0.0, 5.7e-05, 0.001565, -0.999999, 0.374721, 5.7e-05, 0.999999, 0.001565, -0.0, 0.0, 0.0, 0.0, 1.0],
                [1.0, -5.7e-05, 5.7e-05, 0.0, 5.7e-05, 0.001565, -0.999999, 0.374721, 5.7e-05, 0.999999, 0.001565, 0.0, 0.0, 0.0, 0.0, 1.0],
                [1.0, -5.7e-05, 5.7e-05, -0.0, 5.7e-05, 0.001565, -0.999999, 0.374721, 5.7e-05, 0.999999, 0.001565, -0.0, 0.0, 0.0, 0.0, 1.0]
            ]
        },
        {
            "name": "Thigh_L",
            "time": [0.0, 0.0167, 0.0333, 0.05, 0.0667, 0.0833, 0.1, 0.1167, 0.1333, 0.15, 0.1667, 0.1833, 0.2, 0.2167, 0.2333, 0.25, 0.2667, 0.2833, 0.3, 0.3167, 0.3333, 0.35, 0.3667, 0.3833, 0.4, 0.4167, 0.4333, 0.45, 0.4667, 0.4833, 0.5, 0.5167, 0.5333, 0.55, 0.5667, 0.5833, 0.6, 0.6167, 0.6333, 0.65, 0.6667, 0.6833, 0.7, 0.7167, 0.7333, 0.75, 0.7667, 0.7833, 0.8, 0.8167, 0.8333, 0.85, 0.8667, 0.8833, 0.9],
            "transform": [
                [0.996563, -0.0738, 0.037637, -0.120236, -0.027842, 0.12952, 0.991186, 0.00992, -0.078024, -0.988827, 0.12702, -0.063421, 0.0, 0.0, 0.0, 1.0],
                [0.996556, -0.074423, 0.036581, -0.120236, -0.027921, 0.114246, 0.99306, 0.010054, -0.078086, -0.990661, 0.111774, -0.063047, 0.0, 0.0, 0.0, 1.0],
                [0.996535, -0.076255, 0.033213, -0.120236, -0.028101, 0.067166, 0.997346, 0.010457, -0.078284, -0.994824, 0.06479, -0.06192, 0.0, 0.0, 0.0, 1.0],
                [0.996505, -0.078911, 0.027412, -0.120236, -0.028232, -0.009302, 0.999558, 0.011132, -0.078621, -0.996838, -0.011497, -0.060033, 0.0, 0.0, 0.0, 1.0],
                [0.996472, -0.081598, 0.019605, -0.120236, -0.02813, -0.104666, 0.99411, 0.012078, -0.079066, -0.991154, -0.106592, -0.057386, 0.0, 0.0, 0.0, 1.0],
                [0.996447, -0.083513, 0.010898, -0.120236, -0.02766, -0.20229, 0.978935, 0.013292, -0.079549, -0.975758, -0.203882, -0.053991, 0.0, 0.0, 0.0, 1.0],
                [0.996436, -0.084319, 0.002474, -0.120235, -0.026785, -0.288453, 0.957119, 0.014765, -0.07999, -0.953774, -0.289684, -0.049868, 0.0, 0.0, 0.0, 1.0],
                [0.996442, -0.084146, -0.004863, -0.120235, -0.025528, -0.356277, 0.934031, 0.016487, -0.080327, -0.930584, -0.357158, -0.045052, 0.0, 0.0, 0.0, 1.0],
                [0.996459, -0.083112, -0.012742, -0.120235, -0.023869, -0.424906, 0.904923, 0.01844, -0.080625, -0.901414, -0.425386, -0.03959, 0.0, 0.0, 0.0, 1.0],
                [0.996478, -0.080661, -0.022917, -0.120234, -0.0219, -0.514157, 0.857416, 0.0206, -0.080943, -0.853895, -0.514113, -0.033547, 0.0, 0.0, 0.0, 1.0],
                [0.996498, -0.075905, -0.035087, -0.120234, -0.019878, -0.622576, 0.782307, 0.022941, -0.081225, -0.778869, -0.621905, -0.027, 0.0, 0.0, 0.0, 1.0],
                [0.996517, -0.066608, -0.050176, -0.120233, -0.018049, -0.759696, 0.650027, 0.025428, -0.081415, -0.646858, -0.758253, -0.020044, 0.0, 0.0, 0.0, 1.0],
                [0.996536, -0.058292, -0.059313, -0.120233, -0.016585, -0.838198, 0.545114, 0.028023, -0.081492, -0.542242, -0.836261, -0.012784, 0.0, 0.0, 0.0, 1.0],
                [0.996555, -0.058005, -0.059273, -0.120232, -0.015539, -0.832651, 0.55358, 0.030685, -0.081465, -0.550752, -0.830684, -0.005338, 0.0, 0.0, 0.0, 1.0],
                [0.996574, -0.058365, -0.058593, -0.120232, -0.014875, -0.823427, 0.567227, 0.033369, -0.081353, -0.564413, -0.821474, 0.002171, 0.0, 0.0, 0.0, 1.0],
                [0.996625, -0.066406, -0.048259, -0.120231, -0.014091, -0.717544, 0.69637, 0.036031, -0.080871, -0.69334, -0.716059, 0.009617, 0.0, 0.0, 0.0, 1.0],
                [0.996734, -0.074169, -0.031945, -0.120231, -0.012415, -0.531609, 0.846899, 0.038627, -0.079796, -0.843736, -0.530793, 0.016876, 0.0, 0.0, 0.0, 1.0],
                [0.99687, -0.072307, -0.031961, -0.12023, -0.009562, -0.5116, 0.859171, 0.041113, -0.078475, -0.856176, -0.51069, 0.023833, 0.0, 0.0, 0.0, 1.0],
                [0.996981, -0.063299, -0.044967, -0.12023, -0.006371, -0.643863, 0.765114, 0.043454, -0.077383, -0.762518, -0.642323, 0.030379, 0.0, 0.0, 0.0, 1.0],
                [0.997034, -0.050116, -0.058416, -0.120229, -0.004518, -0.795764, 0.60559, 0.045615, -0.076836, -0.60353, -0.79363, 0.036423, 0.0, 0.0, 0.0, 1.0],
                [0.997054, -0.036088, -0.067676, -0.120229, -0.003752, -0.904278, 0.426927, 0.047567, -0.076605, -0.425416, -0.90175, 0.041884, 0.0, 0.0, 0.0, 1.0],
                [0.997073, -0.020141, -0.07376, -0.120229, -0.003001, -0.974247, 0.225462, 0.049289, -0.076401, -0.22458, -0.971456, 0.046701, 0.0, 0.0, 0.0, 1.0],
                [0.997087, -0.003849, -0.076172, -0.120228, -0.002324, -0.999795, 0.020094, 0.050763, -0.076234, -0.019859, -0.996892, 0.050823, 0.0, 0.0, 0.0, 1.0],
                [0.997098, 0.01156, -0.075247, -0.120228, -0.001774, -0.984608, -0.174769, 0.051977, -0.076109, 0.174395, -0.98173, 0.054219, 0.0, 0.0, 0.0, 1.0],
                [0.997105, 0.025316, -0.071701, -0.120228, -0.001382, -0.936762, -0.349964, 0.052923, -0.076027, 0.34905, -0.934015, 0.056865, 0.0, 0.0, 0.0, 1.0],
                [0.997109, 0.037148, -0.066292, -0.120228, -0.001158, -0.86484, -0.502047, 0.053598, -0.075982, 0.500671, -0.862296, 0.058753, 0.0, 0.0, 0.0, 1.0],
                [0.99711, 0.047964, -0.058921, -0.120228, -0.001095, -0.766371, -0.642398, 0.054001, -0.075967, 0.640605, -0.764103, 0.05988, 0.0, 0.0, 0.0, 1.0],
