{
    "animation": [
        {
            "name": "Root",
            "time": [0.0, 0.0417, 0.0833, 0.125, 0.1667, 0.2083, 0.25, 0.2917, 0.3333, 0.375, 0.4167, 0.4583, 0.5, 0.5417, 0.5833, 0.625, 0.6667, 0.7083, 0.75, 0.7917, 0.8333, 0.875, 0.9167],
            "transform": [
                [0.997126, 0.0, -0.075768, 0.031141, -0.075768, 0.0, -0.997126, 0.000946, 0.0, 1.0, 0.0, 0.621154, 0.0, 0.0, 0.0, 1.0],
                [0.997126, 0.0, -0.075768, 0.02665, -0.075768, 0.0, -0.997126, 0.017579, 0.0, 1.0, 0.0, 0.639927, 0.0, 0.0, 0.0, 1.0],
                [0.997126, 0.0, -0.075768, 0.012806, -0.075768, 0.0, -0.997126, 0.055783, 0.0, 1.0, 0.0, 0.680099, 0.0, 0.0, 0.0, 1.0],
                [0.997126, 0.0, -0.075768, -0.009393, -0.075768, 0.0, -0.997126, 0.080468, 0.0, 1.0, 0.0, 0.698871, 0.0, 0.0, 0.0, 1.0],
                [0.997126, 0.0, -0.075768, -0.032826, -0.075768, 0.0, -0.997126, 0.088924, 0.0, 1.0, 0.0, 0.689904, 0.0, 0.0, 0.0, 1.0],
                [0.997126, 0.0, -0.075768, -0.049309, -0.075768, 0.0, -0.997126, 0.092401, 0.0, 1.0, 0.0, 0.662876, 0.0, 0.0, 0.0, 1.0],
                [0.997126, 0.0, -0.075768, -0.055033, -0.075768, 0.0, -0.997126, 0.092805, 0.0, 1.0, 0.0, 0.629748, 0.0, 0.0, 0.0, 1.0],
                [0.997126, 0.0, -0.075768, -0.058578, -0.075768, 0.0, -0.997126, 0.045201, 0.0, 1.0, 0.0, 0.57885, 0.0, 0.0, 0.0, 1.0],
                [0.997126, 0.0, -0.075768, -0.061571, -0.075768, 0.0, -0.997126, -0.002403, 0.0, 1.0, 0.0, 0.549414, 0.0, 0.0, 0.0, 1.0],
                [0.997126, 0.0, -0.075768, -0.059632, -0.075768, 0.0, -0.997126, -0.002294, 0.0, 1.0, 0.0, 0.560651, 0.0, 0.0, 0.0, 1.0],
                [0.997126, 0.0, -0.075768, -0.055859, -0.075768, 0.0, -0.997126, -0.00135, 0.0, 1.0, 0.0, 0.590874, 0.0, 0.0, 0.0, 1.0],
                [0.997126, 0.0, -0.075768, -0.050376, -0.075768, 0.0, -0.997126, 0.000946, 0.0, 1.0, 0.0, 0.621154, 0.0, 0.0, 0.0, 1.0],
                [0.997126, 0.0, -0.075768, -0.035787, -0.075768, 0.0, -0.997126, 0.020637, 0.0, 1.0, 0.0, 0.654532, 0.0, 0.0, 0.0, 1.0],
                [0.997126, 0.0, -0.075768, -0.014892, -0.075768, 0.0, -0.997126, 0.057221, 0.0, 1.0, 0.0, 0.686969, 0.0, 0.0, 0.0, 1.0],
                [0.997126, 0.0, -0.075768, 0.006061, -0.075768, 0.0, -0.997126, 0.080468, 0.0, 1.0, 0.0, 0.698871, 0.0, 0.0, 0.0, 1.0],
                [0.997126, 0.0, -0.075768, 0.023148, -0.075768, 0.0, -0.997126, 0.088924, 0.0, 1.0, 0.0, 0.689904, 0.0, 0.0, 0.0, 1.0],
                [0.997126, 0.0, -0.075768, 0.034302, -0.075768, 0.0, -0.997126, 0.092401, 0.0, 1.0, 0.0, 0.662876, 0.0, 0.0, 0.0, 1.0],
                [0.997126, 0.0, -0.075768, 0.038121, -0.075768, 0.0, -0.997126, 0.092805, 0.0, 1.0, 0.0, 0.629748, 0.0, 0.0, 0.0, 1.0],
                [0.997126, 0.0, -0.075768, 0.034504, -0.075768, 0.0, -0.997126, 0.045201, 0.0, 1.0, 0.0, 0.57885, 0.0, 0.0, 0.0, 1.0],
                [0.997126, 0.0, -0.075768, 0.030886, -0.075768, 0.0, -0.997126, -0.002403, 0.0, 1.0, 0.0, 0.549414, 0.0, 0.0, 0.0, 1.0],
                [0.997126, 0.0, -0.075768, 0.030948, -0.075768, 0.0, -0.997126, -0.001594, 0.0, 1.0, 0.0, 0.566743, 0.0, 0.0, 0.0, 1.0],
                [0.997126, 0.0, -0.075768, 0.031079, -0.075768, 0.0, -0.997126, 0.000137, 0.0, 1.0, 0.0, 0.603825, 0.0, 0.0, 0.0, 1.0],
                [0.997126, 0.0, -0.075768, 0.031141, -0.075768, 0.0, -0.997126, 0.000946, 0.0, 1.0, 0.0, 0.621154, 0.0, 0.0, 0.0, 1.0]
            ]
        },
        {
            "name": "Thigh_R",
            "time": [0.0, 0.0417, 0.0833, 0.125, 0.1667, 0.2083, 0.25, 0.2917, 0.3333, 0.375, 0.4167, 0.4583, 0.5, 0.5417, 0.5833, 0.625, 0.6667, 0.7083, 0.75, 0.7917, 0.8333, 0.875, 0.9167],
            "transform": [
                [0.997134, 0.04781, -0.058645, 0.128578, 0.00082, -0.781868, -0.623418, 0.060236, -0.075661, 0.62161, -0.779636, 0.047152, 0.0, 0.0, 0.0, 1.0],
                [0.997104, 0.038708, -0.065464, 0.128512, -0.001649, -0.849589, -0.527413, 0.059081, -0.076036, 0.526022, -0.847038, 0.046289, 0.0, 0.0, 0.0, 1.0],
                [0.997043, 0.02713, -0.071908, 0.128314, -0.008619, -0.890255, -0.455342, 0.0556, -0.076372, 0.454646, -0.887368, 0.043685, 0.0, 0.0, 0.0, 1.0],
                [0.996987, 0.017385, -0.075603, 0.12799, -0.014905, -0.913475, -0.406575, 0.049893, -0.076133, 0.406508, -0.910449, 0.039417, 0.0, 0.0, 0.0, 1.0],
                [0.996937, 0.011189, -0.077407, 0.127558, -0.019066, -0.925084, -0.37923, 0.042288, -0.075854, 0.379576, -0.922026, 0.03373, 0.0, 0.0, 0.0, 1.0],
                [0.996858, 0.00497, -0.079057, 0.127052, -0.023464, -0.934705, -0.354589, 0.033385, -0.07566, 0.35536, -0.931644, 0.027072, 0.0, 0.0, 0.0, 1.0],
                [0.996744, -0.012521, -0.079661, 0.12652, -0.028242, -0.979495, -0.199377, 0.02402, -0.075534, 0.201005, -0.976655, 0.020068, 0.0, 0.0, 0.0, 1.0],
                [0.997056, -0.051368, -0.056931, 0.126014, -0.008933, -0.815193, 0.579104, 0.015118, -0.07616, -0.576872, -0.813241, 0.013411, 0.0, 0.0, 0.0, 1.0],
                [0.997198, -0.069313, -0.028151, 0.125582, 0.002166, -0.349406, 0.936955, 0.007513, -0.074783, -0.934385, -0.348254, 0.007723, 0.0, 0.0, 0.0, 1.0],
                [0.997205, -0.073327, -0.014334, 0.125257, 0.001814, -0.168057, 0.985756, 0.001805, -0.074694, -0.983031, -0.167429, 0.003455, 0.0, 0.0, 0.0, 1.0],
                [0.997198, -0.073633, -0.013197, 0.12506, 0.001449, -0.157396, 0.987512, -0.001676, -0.074793, -0.984774, -0.156822, 0.000852, 0.0, 0.0, 0.0, 1.0],
                [0.997186, -0.072927, -0.01739, 0.124994, 0.000969, -0.219422, 0.975605, -0.002831, -0.074966, -0.972891, -0.218707, -1.2e-05, 0.0, 0.0, 0.0, 1.0],
                [0.997141, -0.071956, -0.023096, 0.125193, -0.001736, -0.327363, 0.944873, 0.000671, -0.075553, -0.942148, -0.326523, 0.002607, 0.0, 0.0, 0.0, 1.0],
                [0.997054, -0.071502, -0.027771, 0.12558, -0.006184, -0.435816, 0.899992, 0.007488, -0.076457, -0.897185, -0.434945, 0.007705, 0.0, 0.0, 0.0, 1.0],
                [0.996991, -0.071055, -0.030993, 0.126032, -0.008769, -0.500627, 0.865597, 0.015434, -0.077024, -0.862737, -0.499713, 0.013647, 0.0, 0.0, 0.0, 1.0],
                [0.996948, -0.065451, -0.042555, 0.126499, -0.00915, -0.639317, 0.768866, 0.023661, -0.077532, -0.76615, -0.637934, 0.0198, 0.0, 0.0, 0.0, 1.0],
                [0.996907, -0.053533, -0.057542, 0.126956, -0.008651, -0.802456, 0.596625, 0.031701, -0.078117, -0.594304, -0.800407, 0.025813, 0.0, 0.0, 0.0, 1.0],
                [0.996894, -0.054045, -0.05729, 0.127384, -0.008362, -0.795936, 0.605299, 0.039233, -0.078316, -0.602962, -0.793886, 0.031445, 0.0, 0.0, 0.0, 1.0],
                [0.99706, -0.063257, -0.043236, 0.127768, -0.004063, -0.607162, 0.794551, 0.045995, -0.076515, -0.792049, -0.605602, 0.036502, 0.0, 0.0, 0.0, 1.0],
                [0.997159, -0.038552, -0.064721, 0.128095, 0.00182, -0.846554, 0.532293, 0.051743, -0.075313, -0.530886, -0.844049, 0.040801, 0.0, 0.0, 0.0, 1.0],
                [0.997133, 0.00084, -0.075671, 0.12835, 0.001631, -0.999939, 0.010415, 0.056228, -0.07566, -0.010486, -0.997046, 0.044155, 0.0, 0.0, 0.0, 1.0],
                [0.997128, 0.033612, -0.067877, 0.128517, 0.00111, -0.902536, -0.430584, 0.059169, -0.075737, 0.429298, -0.899953, 0.046354, 0.0, 0.0, 0.0, 1.0],
                [0.997134, 0.04781, -0.058645, 0.128578, 0.00082, -0.781868, -0.623418, 0.060236, -0.075661, 0.62161, -0.779636, 0.047152, 0.0, 0.0, 0.0, 1.0]
            ]
        },
        {
            "name": "Leg_R",
            "time": [0.0, 0.0417, 0.0833, 0.125, 0.1667, 0.2083, 0.25, 0.2917, 0.3333, 0.375, 0.4167, 0.4583, 0.5, 0.5417, 0.5833, 0.625, 0.6667, 0.7083, 0.75, 0.7917, 0.8333, 0.875, 0.9167],
            "transform": [
                [1.0, -0.000124, -0.000122, -0.0, 0.000137, 0.993801, 0.111174, 0.375166, 0.000107, -0.11117, 0.993801, -0.0, 0.0, 0.0, 0.0, 1.0],
                [1.0, -0.000464, -0.000216, -0.0, 0.000512, 0.909793, 0.415049, 0.375166, 4e-06, -0.415069, 0.909797, 0.0, 0.0, 0.0, 0.0, 1.0],
                [1.0, -0.000802, -0.000454, -0.0, 0.000884, 0.697006, 0.717045, 0.375166, -0.000259, -0.717082, 0.697018, 0.0, 0.0, 0.0, 0.0, 1.0],
                [1.0, -0.000986, -0.000706, 0.0, 0.001088, 0.471352, 0.881926, 0.375166, -0.000537, -0.881966, 0.471366, 0.0, 0.0, 0.0, 0.0, 1.0],
                [0.999999, -0.001068, -0.000903, 0.0, 0.001178, 0.294981, 0.955485, 0.375166, -0.000754, -0.955524, 0.294993, 0.0, 0.0, 0.0, 0.0, 1.0],
                [0.999999, -0.00111, -0.001097, -0.0, 0.001224, 0.121637, 0.992557, 0.375166, -0.000968, -0.992594, 0.121648, 0.0, 0.0, 0.0, 0.0, 1.0],
                [0.999999, -0.001093, -0.001469, 0.0, 0.001206, -0.210658, 0.977544, 0.375166, -0.001378, -0.977574, -0.210648, 0.0, 0.0, 0.0, 0.0, 1.0],
                [0.999998, -0.00091, -0.001883, 0.0, 0.001004, -0.580775, 0.814055, 0.375166, -0.001835, -0.814068, -0.580762, -0.0, 0.0, 0.0, 0.0, 1.0],
                [0.999999, -0.00105, -0.001619, 0.0, 0.001158, -0.344653, 0.938717, 0.375166, -0.001543, -0.93874, -0.344643, -0.0, 0.0, 0.0, 0.0, 1.0],
                [0.999999, -0.001101, -0.001427, -0.0, 0.001215, -0.17326, 0.984861, 0.375166, -0.001332, -0.984889, -0.173251, -0.0, 0.0, 0.0, 0.0, 1.0],
                [0.999999, -0.001116, -0.001169, -0.0, 0.001231, 0.057269, 0.998343, 0.375166, -0.001048, -0.998376, 0.057279, 0.0, 0.0, 0.0, 0.0, 1.0],
                [0.999999, -0.001069, -0.000905, -0.0, 0.001179, 0.293343, 0.95599, 0.375166, -0.000756, -0.956027, 0.293355, -0.0, 0.0, 0.0, 0.0, 1.0],
                [1.0, -0.000986, -0.000706, 0.0, 0.001087, 0.471714, 0.881733, 0.375166, -0.000537, -0.881771, 0.471727, 0.0, 0.0, 0.0, 0.0, 1.0],
                [1.0, -0.000908, -0.000581, 0.0, 0.001001, 0.583692, 0.811956, 0.375166, -0.000398, -0.811993, 0.583705, 0.0, 0.0, 0.0, 0.0, 1.0],
                [1.0, -0.000825, -0.000479, -0.0, 0.00091, 0.674692, 0.73808, 0.375166, -0.000286, -0.738116, 0.674704, -0.0, 0.0, 0.0, 0.0, 1.0],
                [1.0, -0.000518, -0.000242, -0.0, 0.000571, 0.886329, 0.46304, 0.375166, -2.5e-05, -0.463062, 0.886335, -0.0, 0.0, 0.0, 0.0, 1.0],
                [1.0, -6e-06, -0.000115, -0.0, 7e-06, 0.999986, 0.005397, 0.375166, 0.000115, -0.005385, 0.999986, 0.0, 0.0, 0.0, 0.0, 1.0],
                [1.0, -5e-06, -0.000115, -0.0, 6e-06, 0.99999, 0.004563, 0.375166, 0.000115, -0.004551, 0.99999, -0.0, 0.0, 0.0, 0.0, 1.0],
                [1.0, -0.000923, -0.000602, -0.0, 0.001018, 0.564859, 0.825169, 0.375166, -0.000422, -0.825206, 0.564872, 0.0, 0.0, 0.0, 0.0, 1.0],
                [0.999999, -0.001093, -0.000999, 0.0, 0.001206, 0.209625, 0.977766, 0.375166, -0.00086, -0.977801, 0.209636, -0.0, 0.0, 0.0, 0.0, 1.0],
                [1.0, -0.000949, -0.000642, 0.0, 0.001047, 0.529051, 0.848571, 0.375166, -0.000466, -0.84861, 0.529065, 0.0, 0.0, 0.0, 0.0, 1.0],
                [1.0, -0.000515, -0.000241, -0.0, 0.000568, 0.887734, 0.460341, 0.375166, -2.3e-05, -0.460364, 0.88774, -0.0, 0.0, 0.0, 0.0, 1.0],
                [1.0, -0.000124, -0.000122, -0.0, 0.000137, 0.993801, 0.111174, 0.375166, 0.000107, -0.11117, 0.993801, -0.0, 0.0, 0.0, 0.0, 1.0]
            ]
        },
        {
            "name": "Knee_R",
            "time": [0.0, 0.0417, 0.0833, 0.125, 0.1667, 0.2083, 0.25, 0.2917, 0.3333, 0.375, 0.4167, 0.4583, 0.5, 0.5417, 0.5833, 0.625, 0.6667, 0.7083, 0.75, 0.7917, 0.8333, 0.875, 0.9167],
            "transform": [
                [1.0, -5.9e-05, 5.2e-05, -0.0, 5.7e-05, 0.087098, -0.9962, 0.375166, 5.4e-05, 0.9962, 0.087098, -0.0, 0.0, 0.0, 0.0, 1.0],
                [1.0, -6e-05, 5.1e-05, -0.0, 5.7e-05, 0.113362, -0.993554, 0.375261, 5.4e-05, 0.993554, 0.113362, 0.000649, 0.0, 0.0, 0.0, 1.0],
                [1.0, -6.4e-05, 4.6e-05, -0.0, 5.7e-05, 0.192756, -0.981247, 0.375892, 5.4e-05, 0.981247, 0.192756, 0.002782, 0.0, 0.0, 0.0, 1.0],
                [1.0, -6.9e-05, 3.7e-05, -0.0, 5.7e-05, 0.313368, -0.949632, 0.377735, 5.4e-05, 0.949632, 0.313368, 0.006489, 0.0, 0.0, 0.0, 1.0],
                [1.0, -7.4e-05, 2.7e-05, -1e-06, 5.7e-05, 0.445221, -0.895421, 0.381391, 5.4e-05, 0.895421, 0.445221, 0.011441, 0.0, 0.0, 0.0, 1.0],
                [1.0, -7.7e-05, 1.7e-05, -2e-06, 5.7e-05, 0.557218, -0.830367, 0.387007, 5.4e-05, 0.830367, 0.557218, 0.016992, 0.0, 0.0, 0.0, 1.0],
                [1.0, -7.8e-05, 1e-05, -2e-06, 5.7e-05, 0.635289, -0.772275, 0.394283, 5.4e-05, 0.772275, 0.635289, 0.022566, 0.0, 0.0, 0.0, 1.0],
                [1.0, -7.9e-05, 3e-06, -4e-06, 5.7e-05, 0.694713, -0.719287, 0.413955, 5.4e-05, 0.719287, 0.694713, 0.031387, 0.0, 0.0, 0.0, 1.0],
                [1.0, -7.9e-05, 1e-06, -5e-06, 5.7e-05, 0.719064, -0.694944, 0.426745, 5.4e-05, 0.694945, 0.719063, 0.036531, 0.0, 0.0, 0.0, 1.0],
                [1.0, -7.9e-05, 5e-06, -4e-06, 5.7e-05, 0.676786, -0.73618, 0.420702, 5.4e-05, 0.73618, 0.676786, 0.033972, 0.0, 0.0, 0.0, 1.0],
                [1.0, -7.7e-05, 1.7e-05, -3e-06, 5.7e-05, 0.559941, -0.828533, 0.405948, 5.4e-05, 0.828533, 0.559941, 0.027671, 0.0, 0.0, 0.0, 1.0],
                [1.0, -7.4e-05, 2.7e-05, -2e-06, 5.7e-05, 0.448722, -0.893671, 0.394283, 5.4e-05, 0.893671, 0.448722, 0.022566, 0.0, 0.0, 0.0, 1.0],
                [1.0, -7.1e-05, 3.3e-05, -2e-06, 5.7e-05, 0.368582, -0.929595, 0.3882, 5.4e-05, 0.929595, 0.368581, 0.020183, 0.0, 0.0, 0.0, 1.0],
                [1.0, -6.9e-05, 3.8e-05, -2e-06, 5.7e-05, 0.307536, -0.951536, 0.385188, 5.4e-05, 0.951536, 0.307536, 0.019085, 0.0, 0.0, 0.0, 1.0],
                [1.0, -6.7e-05, 4.2e-05, -1e-06, 5.7e-05, 0.251021, -0.967982, 0.382615, 5.4e-05, 0.967982, 0.251021, 0.016545, 0.0, 0.0, 0.0, 1.0],
                [1.0, -6.4e-05, 4.6e-05, -1e-06, 5.7e-05, 0.185026, -0.982734, 0.379501, 5.4e-05, 0.982734, 0.185026, 0.010454, 0.0, 0.0, 0.0, 1.0],
                [1.0, -6.1e-05, 5e-05, -0.0, 5.7e-05, 0.118818, -0.992916, 0.376347, 5.4e-05, 0.992916, 0.118818, 0.003011, 0.0, 0.0, 0.0, 1.0],
                [1.0, -5.9e-05, 5.2e-05, -0.0, 5.7e-05, 0.094141, -0.995559, 0.375166, 5.4e-05, 0.995559, 0.094141, -0.0, 0.0, 0.0, 0.0, 1.0],
                [1.0, -7.3e-05, 3e-05, -2e-06, 5.7e-05, 0.404932, -0.914347, 0.388921, 5.4e-05, 0.914347, 0.404932, 0.015352, 0.0, 0.0, 0.0, 1.0],
                [1.0, -7.9e-05, 6e-06, -3e-06, 5.7e-05, 0.67394, -0.738786, 0.402677, 5.4e-05, 0.738786, 0.67394, 0.030704, 0.0, 0.0, 0.0, 1.0],
                [1.0, -7.8e-05, 1.1e-05, -3e-06, 5.7e-05, 0.623566, -0.78177, 0.400649, 5.4e-05, 0.781771, 0.623566, 0.028738, 0.0, 0.0, 0.0, 1.0],
                [1.0, -7.6e-05, 2.2e-05, -3e-06, 5.7e-05, 0.506885, -0.862014, 0.39631, 5.4e-05, 0.862014, 0.506885, 0.024532, 0.0, 0.0, 0.0, 1.0],
                [1.0, -7.4e-05, 2.7e-05, -2e-06, 5.7e-05, 0.448722, -0.893671, 0.394283, 5.4e-05, 0.893672, 0.448722, 0.022566, 0.0, 0.0, 0.0, 1.0]
            ]
        },
        {
            "name": "Thigh_L",
            "time": [0.0, 0.0417, 0.0833, 0.125, 0.1667, 0.2083, 0.25, 0.2917, 0.3333, 0.375, 0.4167, 0.4583, 0.5, 0.5417, 0.5833, 0.625, 0.6667, 0.7083, 0.75, 0.7917, 0.8333, 0.875, 0.9167],
            "transform": [
                [0.997111, -0.074287, -0.015852, -0.125006, -0.000634, -0.216851, 0.976176, -0.002831, -0.075958, -0.973362, -0.216238, -1.2e-05, 0.0, 0.0, 0.0, 1.0],
                [0.997075, -0.074326, -0.017777, -0.124919, -0.00294, -0.269789, 0.962887, -0.001841, -0.076367, -0.960035, -0.269185, 0.001139, 0.0, 0.0, 0.0, 1.0],
                [0.996983, -0.074151, -0.02293, -0.124655, -0.007653, -0.387935, 0.921629, 0.001143, -0.077238, -0.91869, -0.387296, 0.004611, 0.0, 0.0, 0.0, 1.0],
                [0.996917, -0.073765, -0.026748, -0.124222, -0.010323, -0.461261, 0.887179, 0.006035, -0.077784, -0.884185, -0.460563, 0.010302, 0.0, 0.0, 0.0, 1.0],
                [0.996885, -0.069983, -0.036369, -0.123646, -0.010509, -0.574912, 0.818121, 0.012554, -0.078167, -0.815212, -0.573819, 0.017885, 0.0, 0.0, 0.0, 1.0],
                [0.996859, -0.054155, -0.05779, -0.122972, -0.009676, -0.807503, 0.589755, 0.020184, -0.078607, -0.587371, -0.805454, 0.026761, 0.0, 0.0, 0.0, 1.0],
                [0.996845, -0.054797, -0.057417, -0.122262, -0.009328, -0.799304, 0.600826, 0.028212, -0.078821, -0.598423, -0.797257, 0.0361, 0.0, 0.0, 0.0, 1.0],
                [0.996992, -0.066025, -0.040582, -0.121588, -0.005589, -0.58355, 0.812038, 0.035842, -0.0773, -0.809379, -0.582125, 0.044977, 0.0, 0.0, 0.0, 1.0],
                [0.997118, -0.040765, -0.063978, -0.121011, -0.0002, -0.844764, 0.53513, 0.042361, -0.075864, -0.53356, -0.842303, 0.05256, 0.0, 0.0, 0.0, 1.0],
                [0.997119, -0.000274, -0.075857, -0.120579, -0.00025, -0.999993, 0.000356, 0.047253, -0.07586, -0.000308, -0.997079, 0.058251, 0.0, 0.0, 0.0, 1.0],
                [0.997117, 0.035494, -0.067057, -0.120315, -0.000409, -0.881301, -0.472523, 0.050237, -0.075873, 0.47122, -0.878711, 0.061722, 0.0, 0.0, 0.0, 1.0],
                [0.997115, 0.043251, -0.06238, -0.120228, -0.000781, -0.815911, -0.578144, 0.051226, -0.075905, 0.576558, -0.813489, 0.062873, 0.0, 0.0, 0.0, 1.0],
                [0.997088, 0.033446, -0.068529, -0.120493, -0.004157, -0.873504, -0.48676, 0.048225, -0.076144, 0.485664, -0.870793, 0.059382, 0.0, 0.0, 0.0, 1.0],
                [0.997024, 0.025675, -0.072694, -0.12101, -0.011606, -0.882184, -0.470715, 0.042381, -0.076218, 0.470196, -0.879238, 0.052584, 0.0, 0.0, 0.0, 1.0],
                [0.996953, 0.017259, -0.076074, -0.121612, -0.018179, -0.896964, -0.441675, 0.035571, -0.075862, 0.441751, -0.8939, 0.044661, 0.0, 0.0, 0.0, 1.0],
                [0.996886, 0.011346, -0.078031, -0.122235, -0.022839, -0.905624, -0.423404, 0.02852, -0.075475, 0.423907, -0.902533, 0.036458, 0.0, 0.0, 0.0, 1.0],
                [0.99678, 0.00484, -0.080041, -0.122844, -0.027965, -0.914521, -0.403503, 0.021628, -0.075156, 0.404479, -0.911433, 0.028441, 0.0, 0.0, 0.0, 1.0],
                [0.996622, -0.013493, -0.081012, -0.123415, -0.033618, -0.966998, -0.252453, 0.015172, -0.074935, 0.254357, -0.964182, 0.020931, 0.0, 0.0, 0.0, 1.0],
                [0.996986, -0.051408, -0.05811, -0.123927, -0.012882, -0.848252, 0.529413, 0.009376, -0.076512, -0.527044, -0.846346, 0.014188, 0.0, 0.0, 0.0, 1.0],
                [0.997118, -0.070394, -0.028291, -0.124363, -0.000236, -0.375801, 0.926684, 0.004449, -0.075869, -0.924, -0.374707, 0.008456, 0.0, 0.0, 0.0, 1.0],
                [0.997116, -0.07466, -0.013623, -0.124702, -0.000327, -0.183756, 0.982948, 0.000605, -0.075894, -0.980114, -0.183219, 0.003985, 0.0, 0.0, 0.0, 1.0],
                [0.997112, -0.074684, -0.013753, -0.124925, -0.00054, -0.188107, 0.982121, -0.001916, -0.075939, -0.979291, -0.187571, 0.001052, 0.0, 0.0, 0.0, 1.0],
                [0.997111, -0.074287, -0.015852, -0.125006, -0.000634, -0.216851, 0.976176, -0.002831, -0.075958, -0.973362, -0.216238, -1.2e-05, 0.0, 0.0, 0.0, 1.0]
            ]
        },
        {
            "name": "Leg_L",
            "time": [0.0, 0.0417, 0.0833, 0.125, 0.1667, 0.2083, 0.25, 0.2917, 0.3333, 0.375, 0.4167, 0.4583, 0.5, 0.5417, 0.5833, 0.625, 0.6667, 0.7083, 0.75, 0.7917, 0.8333, 0.875, 0.9167],
            "transform": [
                [1.0, 2e-06, 3e-06, -0.0, -3e-06, 0.241585, 0.97036, 0.375166, 2e-06, -0.970404, 0.241598, 0.0, 0.0, 0.0, 0.0, 1.0],
                [1.0, 2e-06, 2e-06, -0.0, -3e-06, 0.298645, 0.954344, 0.375166, 1e-06, -0.954389, 0.298658, 0.0, 0.0, 0.0, 0.0, 1.0],
                [1.0, 2e-06, 2e-06, -0.0, -3e-06, 0.447425, 0.8943, 0.375166, 1e-06, -0.894346, 0.44744, -0.0, 0.0, 0.0, 0.0, 1.0],
                [1.0, 2e-06, 2e-06, 0.0, -3e-06, 0.575656, 0.81767, 0.375166, 1e-06, -0.817715, 0.575671, 0.0, 0.0, 0.0, 0.0, 1.0],
                [1.0, 1e-06, 1e-06, 0.0, -2e-06, 0.786452, 0.617629, 0.375166, -0.0, -0.617666, 0.786463, -0.0, 0.0, 0.0, 0.0, 1.0],
                [1.0, 0.0, 1e-06, -0.0, -0.0, 0.999987, 0.005366, 0.375166, -1e-06, -0.005352, 0.999986, 0.0, 0.0, 0.0, 0.0, 1.0],
                [1.0, 0.0, 1e-06, -0.0, -0.0, 0.999987, 0.005379, 0.375166, -1e-06, -0.005364, 0.999986, 0.0, 0.0, 0.0, 0.0, 1.0],
                [1.0, 2e-06, 2e-06, -0.0, -3e-06, 0.501615, 0.86507, 0.375166, 1e-06, -0.865115, 0.50163, -0.0, 0.0, 0.0, 0.0, 1.0],
                [1.0, 2e-06, 3e-06, -0.0, -3e-06, 0.175042, 0.984542, 0.375166, 2e-06, -0.984585, 0.175054, 0.0, 0.0, 0.0, 0.0, 1.0],
                [1.0, 2e-06, 2e-06, 0.0, -3e-06, 0.536184, 0.844079, 0.375166, 1e-06, -0.844126, 0.5362, -0.0, 0.0, 0.0, 0.0, 1.0],
                [1.0, 1e-06, 1e-06, 0.0, -1e-06, 0.9312, 0.364495, 0.375166, -0.0, -0.364514, 0.931204, 0.0, 0.0, 0.0, 0.0, 1.0],
                [1.0, 1e-06, 1e-06, -0.0, -1e-06, 0.969619, 0.244611, 0.375166, -1e-06, -0.244619, 0.969621, 0.0, 0.0, 0.0, 0.0, 1.0],
                [1.0, 1e-06, 1e-06, 0.0, -2e-06, 0.82312, 0.567846, 0.375166, -0.0, -0.567882, 0.82313, 0.0, 0.0, 0.0, 0.0, 1.0],
                [1.0, 2e-06, 2e-06, -0.0, -2e-06, 0.668202, 0.743956, 0.375166, 0.0, -0.744001, 0.668217, -0.0, 0.0, 0.0, 0.0, 1.0],
                [1.0, 2e-06, 2e-06, -0.0, -3e-06, 0.486356, 0.873738, 0.375166, 1e-06, -0.873787, 0.486371, -0.0, 0.0, 0.0, 0.0, 1.0],
                [1.0, 2e-06, 2e-06, -0.0, -3e-06, 0.330382, 0.943826, 0.375166, 1e-06, -0.943874, 0.330396, 0.0, 0.0, 0.0, 0.0, 1.0],
                [1.0, 2e-06, 3e-06, 0.0, -3e-06, 0.165635, 0.986167, 0.375166, 2e-06, -0.986212, 0.165647, 0.0, 0.0, 0.0, 0.0, 1.0],
                [1.0, 2e-06, 3e-06, -0.0, -3e-06, -0.169123, 0.985576, 0.375166, 3e-06, -0.985613, -0.169113, -0.0, 0.0, 0.0, 0.0, 1.0],
                [1.0, 2e-06, 4e-06, -0.0, -3e-06, -0.571514, 0.820581, 0.375166, 4e-06, -0.820598, -0.571502, 0.0, 0.0, 0.0, 0.0, 1.0],
                [1.0, 2e-06, 4e-06, -0.0, -3e-06, -0.366342, 0.930466, 0.375166, 4e-06, -0.930492, -0.366332, -0.0, 0.0, 0.0, 0.0, 1.0],
                [1.0, 2e-06, 3e-06, -0.0, -3e-06, -0.165278, 0.98623, 0.375166, 3e-06, -0.986264, -0.165269, 0.0, 0.0, 0.0, 0.0, 1.0],
                [1.0, 2e-06, 3e-06, -0.0, -3e-06, 0.126319, 0.991971, 0.375166, 2e-06, -0.992013, 0.12633, -0.0, 0.0, 0.0, 0.0, 1.0],
                [1.0, 2e-06, 3e-06, -0.0, -3e-06, 0.241585, 0.97036, 0.375166, 2e-06, -0.970404, 0.241598, 0.0, 0.0, 0.0, 0.0, 1.0]
            ]
        },
        {
            "name": "Knee_L",
            "time": [0.0, 0.0417, 0.0833, 0.125, 0.1667, 0.2083, 0.25, 0.2917, 0.3333, 0.375, 0.4167, 0.4583, 0.5, 0.5417, 0.5833, 0.625, 0.6667, 0.7083, 0.75, 0.7917, 0.8333, 0.875, 0.9167],
            "transform": [
                [1.0, 0.0, -0.0, 0.0, -0.0, 0.471162, -0.882047, 0.398781, -0.0, 0.882047, 0.471162, 0.02731, 0.0, 0.0, 0.0, 1.0],
                [1.0, 0.0, -0.0, 0.0, -0.0, 0.45791, -0.888999, 0.397322, -0.0, 0.888999, 0.457909, 0.025623, 0.0, 0.0, 0.0, 1.0],
                [1.0, 0.0, -0.0, 0.0, -0.0, 0.418766, -0.908094, 0.393077, -0.0, 0.908094, 0.418765, 0.020713, 0.0, 0.0, 0.0, 1.0],
                [1.0, 0.0, -0.0, 0.0, -0.0, 0.361121, -0.932519, 0.386974, -0.0, 0.932519, 0.361121, 0.013655, 0.0, 0.0, 0.0, 1.0],
                [1.0, 0.0, -0.0, 0.0, -0.0, 0.302062, -0.953288, 0.380871, -0.0, 0.953288, 0.302061, 0.006597, 0.0, 0.0, 0.0, 1.0],
                [1.0, 0.0, -0.0, -0.0, -0.0, 0.260266, -0.965537, 0.376625, -0.0, 0.965537, 0.260266, 0.001687, 0.0, 0.0, 0.0, 1.0],
                [1.0, 0.0, -0.0, -0.0, -0.0, 0.245788, -0.969324, 0.375166, -0.0, 0.969324, 0.245787, 0.0, 0.0, 0.0, 0.0, 1.0],
                [1.0, 0.0, -0.0, -0.0, -0.0, 0.42138, -0.906884, 0.388712, -0.0, 0.906884, 0.42138, 0.013851, 0.0, 0.0, 0.0, 1.0],
                [1.0, 0.0, -0.0, 0.0, -0.0, 0.582338, -0.812947, 0.402257, -0.0, 0.812947, 0.582338, 0.027703, 0.0, 0.0, 0.0, 1.0],
                [1.0, 0.0, -0.0, 0.0, -0.0, 0.467619, -0.88393, 0.395713, -0.0, 0.88393, 0.467619, 0.021011, 0.0, 0.0, 0.0, 1.0],
                [1.0, 0.0, -0.0, 0.0, -0.0, 0.196413, -0.980521, 0.38171, -0.0, 0.980521, 0.196413, 0.006692, 0.0, 0.0, 0.0, 1.0],
                [1.0, 0.0, -0.0, -0.0, -0.0, 0.062651, -0.998035, 0.375166, -0.0, 0.998035, 0.062651, 0.0, 0.0, 0.0, 0.0, 1.0],
                [1.0, 0.0, -0.0, 0.0, -0.0, 0.095359, -0.995443, 0.376206, -0.0, 0.995443, 0.095359, 0.001909, 0.0, 0.0, 0.0, 1.0],
                [1.0, 0.0, -0.0, 0.0, -0.0, 0.182435, -0.983218, 0.379112, -0.0, 0.983218, 0.182435, 0.006913, 0.0, 0.0, 0.0, 1.0],
                [1.0, 0.0, -0.0, -0.0, -0.0, 0.300855, -0.95367, 0.383392, -0.0, 0.95367, 0.300855, 0.013632, 0.0, 0.0, 0.0, 1.0],
                [1.0, 0.0, -0.0, -0.0, -0.0, 0.424698, -0.905335, 0.388441, -0.0, 0.905335, 0.424698, 0.020587, 0.0, 0.0, 0.0, 1.0],
                [1.0, 0.0, -0.0, 0.0, -0.0, 0.533553, -0.845767, 0.393696, -0.0, 0.845767, 0.533553, 0.026567, 0.0, 0.0, 0.0, 1.0],
                [1.0, 0.0, -0.0, 0.0, -0.0, 0.616804, -0.787116, 0.398738, -0.0, 0.787116, 0.616804, 0.030785, 0.0, 0.0, 0.0, 1.0],
                [1.0, 0.0, -0.0, 0.0, -0.0, 0.693306, -0.720643, 0.406063, -0.0, 0.720644, 0.693306, 0.03281, 0.0, 0.0, 0.0, 1.0],
                [1.0, 0.0, -0.0, 0.0, -0.0, 0.728094, -0.685477, 0.410229, -0.0, 0.685477, 0.728094, 0.033241, 0.0, 0.0, 0.0, 1.0],
                [1.0, 0.0, -0.0, 0.0, -0.0, 0.672106, -0.740455, 0.407464, -0.0, 0.740455, 0.672106, 0.031808, 0.0, 0.0, 0.0, 1.0],
                [1.0, 0.0, -0.0, 0.0, -0.0, 0.538871, -0.842388, 0.401546, -0.0, 0.842389, 0.538871, 0.028743, 0.0, 0.0, 0.0, 1.0],
                [1.0, 0.0, -0.0, 0.0, -0.0, 0.471162, -0.882047, 0.398781, -0.0, 0.882047, 0.471162, 0.02731, 0.0, 0.0, 0.0, 1.0]
            ]
        },
        {
            "name": "Torso",
            "time": [0.0, 0.0417, 0.0833, 0.125, 0.1667, 0.2083, 0.25, 0.2917, 0.3333, 0.375, 0.4167, 0.4583, 0.5, 0.5417, 0.5833, 0.625, 0.6667, 0.7083, 0.75, 0.7917, 0.8333, 0.875, 0.9167],
            "transform": [
                [0.998995, 0.031713, -0.03166, 0.0, 0.0, 0.706508, 0.707705, 0.05, 0.044811, -0.706994, 0.705799, 0.0, 0.0, 0.0, 0.0, 1.0],
                [0.999046, 0.0311, -0.030655, -0.0, -0.000491, 0.709947, 0.704255, 0.05, 0.043666, -0.703568, 0.709285, -0.0, 0.0, 0.0, 0.0, 1.0],
                [0.999207, 0.028966, -0.027336, 0.0, -0.001879, 0.719862, 0.694115, 0.05, 0.039783, -0.693513, 0.719345, -0.0, 0.0, 0.0, 0.0, 1.0],
                [0.999456, 0.025004, -0.021514, 0.0, -0.003738, 0.733869, 0.679281, 0.05, 0.032773, -0.678831, 0.733563, -0.0, 0.0, 0.0, 0.0, 1.0],
                [0.999721, 0.019288, -0.013659, -0.0, -0.00535, 0.747583, 0.664147, 0.05, 0.023022, -0.663888, 0.747477, 0.0, 0.0, 0.0, 0.0, 1.0],
                [0.999913, 0.012258, -0.004797, 0.0, -0.006145, 0.756954, 0.653439, 0.05, 0.011641, -0.653353, 0.756964, 0.0, 0.0, 0.0, 0.0, 1.0],
                [0.999982, 0.004406, 0.004078, 0.0, -0.005998, 0.760158, 0.649711, 0.05, -0.000237, -0.649724, 0.76017, -0.0, 0.0, 0.0, 0.0, 1.0],
                [0.999837, -0.008044, 0.016176, -0.0, -0.004518, 0.755611, 0.655005, 0.05, -0.017491, -0.654971, 0.755451, -0.0, 0.0, 0.0, 0.0, 1.0],
                [0.999211, -0.024652, 0.031129, 0.0, -0.002548, 0.742523, 0.669816, 0.05, -0.039627, -0.669367, 0.741875, 0.0, 0.0, 0.0, 0.0, 1.0],
                [0.998111, -0.041595, 0.045216, -0.0, -0.000965, 0.725255, 0.68848, 0.05, -0.06143, -0.687223, 0.723844, -0.0, 0.0, 0.0, 0.0, 1.0],
                [0.997082, -0.053512, 0.054451, 0.0, -0.000192, 0.71147, 0.702716, 0.05, -0.076344, -0.700676, 0.709383, -0.0, 0.0, 0.0, 0.0, 1.0],
                [0.996691, -0.057526, 0.057429, 0.0, 0.0, 0.706508, 0.707705, 0.05, -0.081286, -0.705363, 0.704171, 0.0, 0.0, 0.0, 0.0, 1.0],
                [0.997049, -0.053799, 0.054755, -0.0, -0.000255, 0.710983, 0.703209, 0.05, -0.076762, -0.701148, 0.708872, 0.0, 0.0, 0.0, 0.0, 1.0],
                [0.997905, -0.044002, 0.047423, 0.0, -0.001029, 0.72216, 0.691725, 0.05, -0.064684, -0.690325, 0.720602, 0.0, 0.0, 0.0, 0.0, 1.0],
                [0.998844, -0.030819, 0.036899, 0.0, -0.002301, 0.735988, 0.67699, 0.05, -0.048022, -0.676292, 0.735066, 0.0, 0.0, 0.0, 0.0, 1.0],
                [0.999541, -0.017048, 0.025039, -0.0, -0.003842, 0.748578, 0.663035, 0.05, -0.030047, -0.662827, 0.74817, -0.0, 0.0, 0.0, 0.0, 1.0],
                [0.999895, -0.004869, 0.013642, -0.0, -0.005225, 0.757144, 0.653228, 0.05, -0.013509, -0.65323, 0.757039, 0.0, 0.0, 0.0, 0.0, 1.0],
                [0.999982, 0.004406, 0.004078, 0.0, -0.005998, 0.760158, 0.649711, 0.05, -0.000237, -0.649724, 0.76017, -0.0, 0.0, 0.0, 0.0, 1.0],
                [0.999915, 0.011919, -0.00525, 0.0, -0.005567, 0.755557, 0.655059, 0.05, 0.011775, -0.654974, 0.755559, 0.0, 0.0, 0.0, 0.0, 1.0],
                [0.999689, 0.019585, -0.015411, -0.0, -0.004218, 0.742443, 0.669895, 0.05, 0.024562, -0.669622, 0.742296, 0.0, 0.0, 0.0, 0.0, 1.0],
                [0.999361, 0.026196, -0.024305, -0.0, -0.002264, 0.725198, 0.688537, 0.05, 0.035663, -0.688042, 0.724794, 0.0, 0.0, 0.0, 0.0, 1.0],
                [0.999091, 0.030388, -0.029899, 0.0, -0.000609, 0.711453, 0.702734, 0.05, 0.042627, -0.702076, 0.710825, -0.0, 0.0, 0.0, 0.0, 1.0],
                [0.998995, 0.031713, -0.03166, 0.0, 0.0, 0.706508, 0.707705, 0.05, 0.044811, -0.706994, 0.705799, 0.0, 0.0, 0.0, 0.0, 1.0]
            ]
        },
        {
            "name": "Chest",
            "time": [0.0, 0.0417, 0.0833, 0.125, 0.1667, 0.2083, 0.25, 0.2917, 0.3333, 0.375, 0.4167, 0.4583, 0.5, 0.5417, 0.5833, 0.625, 0.6667, 0.7083, 0.75, 0.7917, 0.8333, 0.875, 0.9167],
            "transform": [
                [0.957628, -0.063578, -0.280904, -0.0, 0.108937, 0.982829, 0.148926, 0.300523, 0.266612, -0.173217, 0.948111, -0.0, 0.0, 0.0, 0.0, 1.0],
                [0.957656, -0.063004, -0.280938, -0.0, 0.107522, 0.983428, 0.145972, 0.300523, 0.267086, -0.169998, 0.94856, 0.0, 0.0, 0.0, 0.0, 1.0],
                [0.95758, -0.060154, -0.281818, -0.0, 0.102348, 0.985203, 0.137476, 0.300523, 0.269378, -0.160488, 0.949568, 0.0, 0.0, 0.0, 0.0, 1.0],
                [0.957014, -0.052999, -0.285159, 0.0, 0.092113, 0.987802, 0.125549, 0.300523, 0.275027, -0.146419, 0.950222, 0.0, 0.0, 0.0, 0.0, 1.0],
                [0.955416, -0.039964, -0.292546, 0.0, 0.076421, 0.990506, 0.114269, 0.300523, 0.285202, -0.131531, 0.9494, 0.0, 0.0, 0.0, 0.0, 1.0],
                [0.952291, -0.020967, -0.304472, 0.0, 0.056282, 0.992591, 0.107679, 0.300523, 0.299958, -0.119678, 0.946415, 0.0, 0.0, 0.0, 0.0, 1.0],
                [0.947353, 0.00285, -0.320178, 0.0, 0.033438, 0.993612, 0.107783, 0.300523, 0.31844, -0.112814, 0.941206, 0.0, 0.0, 0.0, 0.0, 1.0],
                [0.935663, 0.044509, -0.350078, -0.0, -0.00149, 0.992504, 0.122204, 0.300523, 0.352893, -0.11382, 0.928715, -0.0, 0.0, 0.0, 0.0, 1.0],
                [0.915516, 0.102309, -0.389055, 0.0, -0.044243, 0.98686, 0.155401, 0.300523, 0.399842, -0.125059, 0.908012, -0.0, 0.0, 0.0, 0.0, 1.0],
                [0.890361, 0.161927, -0.425485, 0.0, -0.083577, 0.97686, 0.196873, 0.300523, 0.447518, -0.139727, 0.883291, 0.0, 0.0, 0.0, 0.0, 1.0],
                [0.8702, 0.203795, -0.448575, 0.0, -0.108574, 0.967383, 0.228872, 0.300523, 0.480587, -0.150461, 0.863943, 0.0, 0.0, 0.0, 0.0, 1.0],
                [0.862985, 0.217867, -0.455841, -0.0, -0.116457, 0.963728, 0.240136, 0.300523, 0.491625, -0.154148, 0.857055, 0.0, 0.0, 0.0, 0.0, 1.0],
                [0.869807, 0.204719, -0.448915, -0.0, -0.108988, 0.967103, 0.229855, 0.300523, 0.481203, -0.151003, 0.863505, 0.0, 0.0, 0.0, 0.0, 1.0],
                [0.886781, 0.170137, -0.429736, 0.0, -0.088328, 0.975029, 0.203756, 0.300523, 0.453672, -0.142729, 0.879665, -0.0, 0.0, 0.0, 0.0, 1.0],
                [0.907343, 0.123566, -0.401821, 0.0, -0.058337, 0.983588, 0.17074, 0.300523, 0.416324, -0.131479, 0.89966, 0.0, 0.0, 0.0, 0.0, 1.0],
                [0.925794, 0.075201, -0.370473, -0.0, -0.02445, 0.989873, 0.139832, 0.300523, 0.377236, -0.120397, 0.918258, 0.0, 0.0, 0.0, 0.0, 1.0],
                [0.939244, 0.033274, -0.341634, 0.0, 0.007626, 0.993022, 0.117682, 0.300523, 0.343166, -0.113138, 0.932436, -0.0, 0.0, 0.0, 0.0, 1.0],
                [0.947353, 0.00285, -0.320178, -0.0, 0.033438, 0.993612, 0.107783, 0.300523, 0.31844, -0.112814, 0.941206, -0.0, 0.0, 0.0, 0.0, 1.0],
                [0.951861, -0.018848, -0.305951, 0.0, 0.054774, 0.992502, 0.109266, 0.300523, 0.301598, -0.120764, 0.945756, -0.0, 0.0, 0.0, 0.0, 1.0],
                [0.955029, -0.038356, -0.294019, 0.0, 0.076462, 0.989919, 0.119223, 0.300523, 0.286483, -0.136342, 0.948335, -0.0, 0.0, 0.0, 0.0, 1.0],
                [0.956781, -0.053028, -0.285933, 0.0, 0.094542, 0.986544, 0.133393, 0.300523, 0.275012, -0.154661, 0.94892, -0.0, 0.0, 0.0, 0.0, 1.0],
                [0.957478, -0.061223, -0.281935, 0.0, 0.105548, 0.983813, 0.144815, 0.300523, 0.268505, -0.168415, 0.948441, 0.0, 0.0, 0.0, 0.0, 1.0],
                [0.957628, -0.063578, -0.280904, -0.0, 0.108937, 0.982829, 0.148926, 0.300523, 0.266612, -0.173217, 0.948111, -0.0, 0.0, 0.0, 0.0, 1.0]
            ]
        },
        {
            "name": "Head",
            "time": [0.0, 0.0417, 0.0833, 0.125, 0.1667, 0.2083, 0.25, 0.2917, 0.3333, 0.375, 0.4167, 0.4583, 0.5, 0.5417, 0.5833, 0.625, 0.6667, 0.7083, 0.75, 0.7917, 0.8333, 0.875, 0.9167],
            "transform": [
                [0.93364, 0.265362, 0.240623, -0.024893, 0.044719, 0.580135, -0.813292, 0.480654, -0.355411, 0.770082, 0.52977, -0.046006, 0.0, 0.0, 0.0, 1.0],
                [0.933346, 0.262626, 0.244728, -0.024893, 0.043548, 0.593868, -0.803383, 0.480653, -0.356326, 0.760492, 0.542847, -0.046005, 0.0, 0.0, 0.0, 1.0],
                [0.932541, 0.254922, 0.2557, -0.024893, 0.040923, 0.628999, -0.776328, 0.480654, -0.358738, 0.734422, 0.576135, -0.046005, 0.0, 0.0, 0.0, 1.0],
                [0.93164, 0.244572, 0.26876, -0.024893, 0.039704, 0.666665, -0.744299, 0.480654, -0.361208, 0.70409, 0.611381, -0.046005, 0.0, 0.0, 0.0, 1.0],
                [0.929943, 0.234669, 0.283086, -0.024893, 0.042727, 0.695693, -0.717067, 0.480653, -0.365214, 0.678926, 0.636928, -0.046005, 0.0, 0.0, 0.0, 1.0],
                [0.926638, 0.227775, 0.299099, -0.024893, 0.051594, 0.711001, -0.701296, 0.480654, -0.372397, 0.66528, 0.647088, -0.046005, 0.0, 0.0, 0.0, 1.0],
                [0.921426, 0.225144, 0.316678, -0.024893, 0.06614, 0.712237, -0.698816, 0.480654, -0.382884, 0.664852, 0.641383, -0.046006, 0.0, 0.0, 0.0, 1.0],
                [0.909066, 0.234303, 0.34453, -0.024893, 0.093408, 0.691246, -0.716557, 0.480654, -0.406047, 0.683579, 0.606503, -0.046005, 0.0, 0.0, 0.0, 1.0],
                [0.888196, 0.255332, 0.381987, -0.024893, 0.132179, 0.654233, -0.744653, 0.480653, -0.440042, 0.711888, 0.547338, -0.046006, 0.0, 0.0, 0.0, 1.0],
                [0.862077, 0.281464, 0.421427, -0.024893, 0.173457, 0.617475, -0.767227, 0.480654, -0.476167, 0.734508, 0.48349, -0.046005, 0.0, 0.0, 0.0, 1.0],
                [0.841478, 0.300857, 0.448775, -0.024893, 0.202681, 0.594183, -0.778375, 0.480653, -0.500834, 0.745943, 0.439014, -0.046006, 0.0, 0.0, 0.0, 1.0],
                [0.833682, 0.30631, 0.459508, -0.024893, 0.211283, 0.591853, -0.777862, 0.480654, -0.510229, 0.745576, 0.428699, -0.046006, 0.0, 0.0, 0.0, 1.0],
                [0.838199, 0.299498, 0.455767, -0.024893, 0.196825, 0.613256, -0.764969, 0.480654, -0.508608, 0.730902, 0.455082, -0.046005, 0.0, 0.0, 0.0, 1.0],
                [0.852551, 0.283836, 0.438854, -0.024893, 0.16581, 0.649415, -0.742137, 0.480653, -0.495644, 0.705476, 0.506597, -0.046005, 0.0, 0.0, 0.0, 1.0],
                [0.872542, 0.265433, 0.410141, -0.024893, 0.129438, 0.683918, -0.717985, 0.480654, -0.47108, 0.679559, 0.56239, -0.046005, 0.0, 0.0, 0.0, 1.0],
                [0.892255, 0.250083, 0.375952, -0.024893, 0.096087, 0.70838, -0.69926, 0.480653, -0.44119, 0.660042, 0.608027, -0.046006, 0.0, 0.0, 0.0, 1.0],
                [0.907777, 0.241306, 0.343093, -0.024893, 0.070705, 0.718217, -0.692218, 0.480653, -0.413451, 0.652638, 0.634919, -0.046005, 0.0, 0.0, 0.0, 1.0],
                [0.917701, 0.239876, 0.316678, -0.024893, 0.054722, 0.713205, -0.698816, 0.480654, -0.393485, 0.658633, 0.641383, -0.046006, 0.0, 0.0, 0.0, 1.0],
                [0.924281, 0.245244, 0.292507, -0.024893, 0.047837, 0.685839, -0.72618, 0.480654, -0.378703, 0.685186, 0.622176, -0.046006, 0.0, 0.0, 0.0, 1.0],
                [0.929718, 0.252275, 0.268296, -0.024893, 0.044999, 0.645247, -0.762648, 0.480654, -0.365514, 0.72112, 0.588545, -0.046005, 0.0, 0.0, 0.0, 1.0],
                [0.932568, 0.259024, 0.251443, -0.024893, 0.044578, 0.608568, -0.792249, 0.480654, -0.358231, 0.750034, 0.555984, -0.046006, 0.0, 0.0, 0.0, 1.0],
                [0.933545, 0.263659, 0.242855, -0.024893, 0.044665, 0.586657, -0.808603, 0.480654, -0.355668, 0.765714, 0.535894, -0.046005, 0.0, 0.0, 0.0, 1.0],
                [0.93364, 0.265362, 0.240623, -0.024893, 0.044719, 0.580135, -0.813292, 0.480654, -0.355411, 0.770082, 0.52977, -0.046006, 0.0, 0.0, 0.0, 1.0]
            ]
        },
        {
            "name": "Shoulder_R",
            "time": [0.0, 0.0417, 0.0833, 0.125, 0.1667, 0.2083, 0.25, 0.2917, 0.3333, 0.375, 0.4167, 0.4583, 0.5, 0.5417, 0.5833, 0.625, 0.6667, 0.7083, 0.75, 0.7917, 0.8333, 0.875, 0.9167],
            "transform": [
                [0.0, 0.952114, 0.305743, 0.00717, -0.044253, -0.305444, 0.951181, 0.341549, 0.99902, -0.01353, 0.042133, 0.050421, 0.0, 0.0, 0.0, 1.0],
                [-0.0, 0.952114, 0.305743, 0.007518, -0.044253, -0.305444, 0.951181, 0.341203, 0.99902, -0.01353, 0.042134, 0.050924, 0.0, 0.0, 0.0, 1.0],
                [0.0, 0.952114, 0.305743, 0.008568, -0.044253, -0.305444, 0.951181, 0.340163, 0.99902, -0.01353, 0.042134, 0.052438, 0.0, 0.0, 0.0, 1.0],
                [-0.0, 0.952114, 0.305743, 0.010289, -0.044253, -0.305444, 0.951181, 0.338458, 0.99902, -0.01353, 0.042134, 0.05492, 0.0, 0.0, 0.0, 1.0],
                [-0.0, 0.952114, 0.305743, 0.012583, -0.044253, -0.305444, 0.951181, 0.336185, 0.99902, -0.01353, 0.042134, 0.058228, 0.0, 0.0, 0.0, 1.0],
                [-0.0, 0.952114, 0.305743, 0.015268, -0.044253, -0.305444, 0.951181, 0.333525, 0.99902, -0.01353, 0.042134, 0.0621, 0.0, 0.0, 0.0, 1.0],
                [-0.0, 0.952114, 0.305743, 0.018093, -0.044253, -0.305444, 0.951181, 0.330726, 0.99902, -0.01353, 0.042134, 0.066173, 0.0, 0.0, 0.0, 1.0],
                [-0.0, 0.952114, 0.305743, 0.020778, -0.044253, -0.305444, 0.951181, 0.328066, 0.99902, -0.01353, 0.042134, 0.070045, 0.0, 0.0, 0.0, 1.0],
                [0.0, 0.952114, 0.305743, 0.023072, -0.044253, -0.305444, 0.951181, 0.325794, 0.99902, -0.01353, 0.042134, 0.073353, 0.0, 0.0, 0.0, 1.0],
                [0.0, 0.952114, 0.305743, 0.024793, -0.044253, -0.305444, 0.951181, 0.324088, 0.99902, -0.01353, 0.042134, 0.075835, 0.0, 0.0, 0.0, 1.0],
                [-0.0, 0.952114, 0.305743, 0.025843, -0.044253, -0.305444, 0.951181, 0.323048, 0.99902, -0.01353, 0.042134, 0.077349, 0.0, 0.0, 0.0, 1.0],
                [0.0, 0.952114, 0.305743, 0.026192, -0.044253, -0.305444, 0.951181, 0.322703, 0.99902, -0.01353, 0.042134, 0.077851, 0.0, 0.0, 0.0, 1.0],
                [-0.0, 0.952114, 0.305743, 0.025135, -0.044253, -0.305444, 0.951181, 0.323749, 0.99902, -0.01353, 0.042134, 0.076328, 0.0, 0.0, 0.0, 1.0],
                [-0.0, 0.952114, 0.305743, 0.023079, -0.044253, -0.305444, 0.951181, 0.325786, 0.99902, -0.01353, 0.042134, 0.073363, 0.0, 0.0, 0.0, 1.0],
                [-0.0, 0.952114, 0.305743, 0.020683, -0.044253, -0.305444, 0.951181, 0.328161, 0.99902, -0.01353, 0.042134, 0.069907, 0.0, 0.0, 0.0, 1.0],
                [-0.0, 0.952114, 0.305743, 0.018201, -0.044253, -0.305444, 0.951181, 0.330619, 0.99902, -0.01353, 0.042133, 0.066329, 0.0, 0.0, 0.0, 1.0],
                [-0.0, 0.952114, 0.305743, 0.015776, -0.044253, -0.305444, 0.951181, 0.333022, 0.99902, -0.01353, 0.042134, 0.062832, 0.0, 0.0, 0.0, 1.0],
                [-0.0, 0.952114, 0.305743, 0.013504, -0.044253, -0.305444, 0.951181, 0.335273, 0.99902, -0.01353, 0.042134, 0.059556, 0.0, 0.0, 0.0, 1.0],
