{
    "animation": [
        {
            "name": "Root",
            "time": [0.0, 0.0167, 0.0333, 0.05, 0.0667, 0.0833, 0.1, 0.1167, 0.1333, 0.15, 0.1667, 0.1833, 0.2, 0.2167, 0.2333, 0.25, 0.2667, 0.2833, 0.3, 0.3167, 0.3333, 0.35, 0.3667, 0.3833, 0.4, 0.4167, 0.4333, 0.45, 0.4667, 0.4833, 0.5, 0.5167, 0.5333, 0.55, 0.5667, 0.5833, 0.6, 0.6167, 0.6333, 0.65, 0.6667, 0.6833, 0.7, 0.7167, 0.7333, 0.75, 0.7667, 0.7833, 0.8, 0.8167, 0.8333, 0.85, 0.8667, 0.8833, 0.9],
            "transform": [
                [0.997126, 0.0, -0.075768, -5e-06, -0.075768, 0.0, -0.997126, 0.000946, 0.0, 1.0, 0.0, 0.621154, 0.0, 0.0, 0.0, 1.0],
                [0.997126, 0.0, -0.075768, 0.000229, -0.075768, 0.0, -0.997126, 0.00402, 0.0, 1.0, 0.0, 0.624679, 0.0, 0.0, 0.0, 1.0],
                [0.997126, 0.0, -0.075768, 0.000931, -0.075768, 0.0, -0.997126, 0.013254, 0.0, 1.0, 0.0, 0.635109, 0.0, 0.0, 0.0, 1.0],
                [0.997126, 0.0, -0.075768, 0.002026, -0.075768, 0.0, -0.997126, 0.027675, 0.0, 1.0, 0.0, 0.651, 0.0, 0.0, 0.0, 1.0],
                [0.997126, 0.0, -0.075768, 0.003321, -0.075768, 0.0, -0.997126, 0.044711, 0.0, 1.0, 0.0, 0.669025, 0.0, 0.0, 0.0, 1.0],
                [0.997126, 0.0, -0.075768, 0.004548, -0.075768, 0.0, -0.997126, 0.060863, 0.0, 1.0, 0.0, 0.684916, 0.0, 0.0, 0.0, 1.0],
                [0.997126, 0.0, -0.075768, 0.005489, -0.075768, 0.0, -0.997126, 0.073247, 0.0, 1.0, 0.0, 0.695346, 0.0, 0.0, 0.0, 1.0],
                [0.997126, 0.0, -0.075768, 0.006038, -0.075768, 0.0, -0.997126, 0.080468, 0.0, 1.0, 0.0, 0.698871, 0.0, 0.0, 0.0, 1.0],
                [0.997126, 0.0, -0.075768, 0.006337, -0.075768, 0.0, -0.997126, 0.084404, 0.0, 1.0, 0.0, 0.697721, 0.0, 0.0, 0.0, 1.0],
                [0.997126, 0.0, -0.075768, 0.006563, -0.075768, 0.0, -0.997126, 0.087374, 0.0, 1.0, 0.0, 0.693996, 0.0, 0.0, 0.0, 1.0],
                [0.997126, 0.0, -0.075768, 0.006729, -0.075768, 0.0, -0.997126, 0.089557, 0.0, 1.0, 0.0, 0.687405, 0.0, 0.0, 0.0, 1.0],
                [0.997126, 0.0, -0.075768, 0.006845, -0.075768, 0.0, -0.997126, 0.091092, 0.0, 1.0, 0.0, 0.677765, 0.0, 0.0, 0.0, 1.0],
                [0.997126, 0.0, -0.075768, 0.006921, -0.075768, 0.0, -0.997126, 0.092089, 0.0, 1.0, 0.0, 0.664972, 0.0, 0.0, 0.0, 1.0],
                [0.997126, 0.0, -0.075768, 0.006963, -0.075768, 0.0, -0.997126, 0.092636, 0.0, 1.0, 0.0, 0.648972, 0.0, 0.0, 0.0, 1.0],
                [0.997126, 0.0, -0.075768, 0.006975, -0.075768, 0.0, -0.997126, 0.092805, 0.0, 1.0, 0.0, 0.629748, 0.0, 0.0, 0.0, 1.0],
                [0.997126, 0.0, -0.075768, 0.006332, -0.075768, 0.0, -0.997126, 0.084342, 0.0, 1.0, 0.0, 0.597326, 0.0, 0.0, 0.0, 1.0],
                [0.997126, 0.0, -0.075768, 0.004521, -0.075768, 0.0, -0.997126, 0.060504, 0.0, 1.0, 0.0, 0.55415, 0.0, 0.0, 0.0, 1.0],
                [0.997126, 0.0, -0.075768, 0.002195, -0.075768, 0.0, -0.997126, 0.029897, 0.0, 1.0, 0.0, 0.510789, 0.0, 0.0, 0.0, 1.0],
                [0.997126, 0.0, -0.075768, 0.000384, -0.075768, 0.0, -0.997126, 0.00606, 0.0, 1.0, 0.0, 0.480783, 0.0, 0.0, 0.0, 1.0],
                [0.997126, 0.0, -0.075768, -0.000259, -0.075768, 0.0, -0.997126, -0.002403, 0.0, 1.0, 0.0, 0.470768, 0.0, 0.0, 0.0, 1.0],
                [0.997126, 0.0, -0.075768, -0.000258, -0.075768, 0.0, -0.997126, -0.00239, 0.0, 1.0, 0.0, 0.477964, 0.0, 0.0, 0.0, 1.0],
                [0.997126, 0.0, -0.075768, -0.000252, -0.075768, 0.0, -0.997126, -0.002313, 0.0, 1.0, 0.0, 0.494454, 0.0, 0.0, 0.0, 1.0],
                [0.997126, 0.0, -0.075768, -0.000239, -0.075768, 0.0, -0.997126, -0.002136, 0.0, 1.0, 0.0, 0.515597, 0.0, 0.0, 0.0, 1.0],
                [0.997126, 0.0, -0.075768, -0.000216, -0.075768, 0.0, -0.997126, -0.001837, 0.0, 1.0, 0.0, 0.538726, 0.0, 0.0, 0.0, 1.0],
                [0.997126, 0.0, -0.075768, -0.000183, -0.075768, 0.0, -0.997126, -0.001396, 0.0, 1.0, 0.0, 0.562065, 0.0, 0.0, 0.0, 1.0],
                [0.997126, 0.0, -0.075768, -0.000137, -0.075768, 0.0, -0.997126, -0.000797, 0.0, 1.0, 0.0, 0.584288, 0.0, 0.0, 0.0, 1.0],
                [0.997126, 0.0, -0.075768, -7.8e-05, -0.075768, 0.0, -0.997126, -2.2e-05, 0.0, 1.0, 0.0, 0.604308, 0.0, 0.0, 0.0, 1.0],
                [0.997126, 0.0, -0.075768, -5e-06, -0.075768, 0.0, -0.997126, 0.000946, 0.0, 1.0, 0.0, 0.621154, 0.0, 0.0, 0.0, 1.0],
                [0.997126, 0.0, -0.075768, 0.000501, -0.075768, 0.0, -0.997126, 0.007596, 0.0, 1.0, 0.0, 0.636279, 0.0, 0.0, 0.0, 1.0],
                [0.997126, 0.0, -0.075768, 0.001437, -0.075768, 0.0, -0.997126, 0.019915, 0.0, 1.0, 0.0, 0.652245, 0.0, 0.0, 0.0, 1.0],
                [0.997126, 0.0, -0.075768, 0.002563, -0.075768, 0.0, -0.997126, 0.034739, 0.0, 1.0, 0.0, 0.667343, 0.0, 0.0, 0.0, 1.0],
                [0.997126, 0.0, -0.075768, 0.003703, -0.075768, 0.0, -0.997126, 0.04974, 0.0, 1.0, 0.0, 0.680339, 0.0, 0.0, 0.0, 1.0],
                [0.997126, 0.0, -0.075768, 0.004724, -0.075768, 0.0, -0.997126, 0.063181, 0.0, 1.0, 0.0, 0.690336, 0.0, 0.0, 0.0, 1.0],
                [0.997126, 0.0, -0.075768, 0.005528, -0.075768, 0.0, -0.997126, 0.073755, 0.0, 1.0, 0.0, 0.696674, 0.0, 0.0, 0.0, 1.0],
                [0.997126, 0.0, -0.075768, 0.006038, -0.075768, 0.0, -0.997126, 0.080468, 0.0, 1.0, 0.0, 0.698871, 0.0, 0.0, 0.0, 1.0],
                [0.997126, 0.0, -0.075768, 0.006324, -0.075768, 0.0, -0.997126, 0.084233, 0.0, 1.0, 0.0, 0.697721, 0.0, 0.0, 0.0, 1.0],
                [0.997126, 0.0, -0.075768, 0.006546, -0.075768, 0.0, -0.997126, 0.087154, 0.0, 1.0, 0.0, 0.693996, 0.0, 0.0, 0.0, 1.0],
                [0.997126, 0.0, -0.075768, 0.006714, -0.075768, 0.0, -0.997126, 0.089361, 0.0, 1.0, 0.0, 0.687405, 0.0, 0.0, 0.0, 1.0],
                [0.997126, 0.0, -0.075768, 0.006835, -0.075768, 0.0, -0.997126, 0.090955, 0.0, 1.0, 0.0, 0.677765, 0.0, 0.0, 0.0, 1.0],
                [0.997126, 0.0, -0.075768, 0.006916, -0.075768, 0.0, -0.997126, 0.092018, 0.0, 1.0, 0.0, 0.664972, 0.0, 0.0, 0.0, 1.0],
                [0.997126, 0.0, -0.075768, 0.006961, -0.075768, 0.0, -0.997126, 0.092616, 0.0, 1.0, 0.0, 0.648972, 0.0, 0.0, 0.0, 1.0],
                [0.997126, 0.0, -0.075768, 0.006975, -0.075768, 0.0, -0.997126, 0.092805, 0.0, 1.0, 0.0, 0.629748, 0.0, 0.0, 0.0, 1.0],
                [0.997126, 0.0, -0.075768, 0.006332, -0.075768, 0.0, -0.997126, 0.084342, 0.0, 1.0, 0.0, 0.597326, 0.0, 0.0, 0.0, 1.0],
                [0.997126, 0.0, -0.075768, 0.004521, -0.075768, 0.0, -0.997126, 0.060504, 0.0, 1.0, 0.0, 0.55415, 0.0, 0.0, 0.0, 1.0],
                [0.997126, 0.0, -0.075768, 0.002195, -0.075768, 0.0, -0.997126, 0.029897, 0.0, 1.0, 0.0, 0.510789, 0.0, 0.0, 0.0, 1.0],
                [0.997126, 0.0, -0.075768, 0.000384, -0.075768, 0.0, -0.997126, 0.00606, 0.0, 1.0, 0.0, 0.480783, 0.0, 0.0, 0.0, 1.0],
                [0.997126, 0.0, -0.075768, -0.000259, -0.075768, 0.0, -0.997126, -0.002403, 0.0, 1.0, 0.0, 0.470768, 0.0, 0.0, 0.0, 1.0],
                [0.997126, 0.0, -0.075768, -0.000242, -0.075768, 0.0, -0.997126, -0.002177, 0.0, 1.0, 0.0, 0.480933, 0.0, 0.0, 0.0, 1.0],
                [0.997126, 0.0, -0.075768, -0.000204, -0.075768, 0.0, -0.997126, -0.001679, 0.0, 1.0, 0.0, 0.503289, 0.0, 0.0, 0.0, 1.0],
                [0.997126, 0.0, -0.075768, -0.000158, -0.075768, 0.0, -0.997126, -0.001075, 0.0, 1.0, 0.0, 0.530382, 0.0, 0.0, 0.0, 1.0],
                [0.997126, 0.0, -0.075768, -0.000112, -0.075768, 0.0, -0.997126, -0.000463, 0.0, 1.0, 0.0, 0.557876, 0.0, 0.0, 0.0, 1.0],
                [0.997126, 0.0, -0.075768, -7e-05, -0.075768, 0.0, -0.997126, 9.2e-05, 0.0, 1.0, 0.0, 0.582817, 0.0, 0.0, 0.0, 1.0],
                [0.997126, 0.0, -0.075768, -3.5e-05, -0.075768, 0.0, -0.997126, 0.000541, 0.0, 1.0, 0.0, 0.602937, 0.0, 0.0, 0.0, 1.0],
                [0.997126, 0.0, -0.075768, -1.3e-05, -0.075768, 0.0, -0.997126, 0.000838, 0.0, 1.0, 0.0, 0.616308, 0.0, 0.0, 0.0, 1.0],
                [0.997126, 0.0, -0.075768, -5e-06, -0.075768, 0.0, -0.997126, 0.000946, 0.0, 1.0, 0.0, 0.621154, 0.0, 0.0, 0.0, 1.0]
            ]
        },
        {
            "name": "Thigh_R",
            "time": [0.0, 0.0167, 0.0333, 0.05, 0.0667, 0.0833, 0.1, 0.1167, 0.1333, 0.15, 0.1667, 0.1833, 0.2, 0.2167, 0.2333, 0.25, 0.2667, 0.2833, 0.3, 0.3167, 0.3333, 0.35, 0.3667, 0.3833, 0.4, 0.4167, 0.4333, 0.45, 0.4667, 0.4833, 0.5, 0.5167, 0.5333, 0.55, 0.5667, 0.5833, 0.6, 0.6167, 0.6333, 0.65, 0.6667, 0.6833, 0.7, 0.7167, 0.7333, 0.75, 0.7667, 0.7833, 0.8, 0.8167, 0.8333, 0.85, 0.8667, 0.8833, 0.9],
            "transform": [
                [0.997134, 0.04781, -0.058645, 0.128578, 0.00082, -0.781868, -0.623418, 0.060236, -0.075661, 0.62161, -0.779636, 0.047152, 0.0, 0.0, 0.0, 1.0],
                [0.997127, 0.045258, -0.060741, 0.128553, 0.000396, -0.804995, -0.593255, 0.060093, -0.075749, 0.591553, -0.802672, 0.04682, 0.0, 0.0, 0.0, 1.0],
                [0.997111, 0.040734, -0.064111, 0.128476, -0.000976, -0.837106, -0.547012, 0.059662, -0.075953, 0.545522, -0.834621, 0.045819, 0.0, 0.0, 0.0, 1.0],
                [0.997088, 0.035896, -0.067278, 0.128349, -0.003312, -0.861061, -0.508459, 0.058939, -0.076185, 0.50723, -0.858411, 0.044142, 0.0, 0.0, 0.0, 1.0],
                [0.997062, 0.031198, -0.069964, 0.12817, -0.006385, -0.876293, -0.4817, 0.057926, -0.07634, 0.480762, -0.873497, 0.04179, 0.0, 0.0, 0.0, 1.0],
                [0.997034, 0.026851, -0.072129, 0.127941, -0.009698, -0.885872, -0.46379, 0.056626, -0.076353, 0.463145, -0.882965, 0.038773, 0.0, 0.0, 0.0, 1.0],
                [0.997009, 0.022955, -0.073806, 0.127663, -0.012657, -0.893501, -0.448842, 0.055048, -0.076252, 0.448465, -0.89052, 0.035109, 0.0, 0.0, 0.0, 1.0],
                [0.996989, 0.019528, -0.075046, 0.127337, -0.014794, -0.902101, -0.431226, 0.053205, -0.076123, 0.43107, -0.899081, 0.030829, 0.0, 0.0, 0.0, 1.0],
                [0.996973, 0.017086, -0.075846, 0.126969, -0.016283, -0.908024, -0.418554, 0.051115, -0.076024, 0.418554, -0.904984, 0.025976, 0.0, 0.0, 0.0, 1.0],
                [0.996956, 0.01594, -0.076319, 0.126561, -0.01773, -0.90688, -0.420968, 0.048801, -0.075926, 0.421072, -0.903824, 0.020605, 0.0, 0.0, 0.0, 1.0],
                [0.996936, 0.014714, -0.076826, 0.126119, -0.019187, -0.906141, -0.422491, 0.046295, -0.075835, 0.422702, -0.903071, 0.014788, 0.0, 0.0, 0.0, 1.0],
                [0.996911, 0.012468, -0.077542, 0.125649, -0.020725, -0.910555, -0.412816, 0.043633, -0.075756, 0.41318, -0.907475, 0.008606, 0.0, 0.0, 0.0, 1.0],
                [0.99688, 0.008574, -0.078473, 0.125159, -0.022431, -0.922334, -0.385686, 0.040854, -0.075688, 0.386274, -0.919255, 0.002155, 0.0, 0.0, 0.0, 1.0],
                [0.996837, 0.002582, -0.079428, 0.124656, -0.024421, -0.94115, -0.337041, 0.038004, -0.075627, 0.337945, -0.938104, -0.004462, 0.0, 0.0, 0.0, 1.0],
                [0.996779, -0.005849, -0.079981, 0.124149, -0.02686, -0.964071, -0.264205, 0.03513, -0.075565, 0.265531, -0.961119, -0.011134, 0.0, 0.0, 0.0, 1.0],
                [0.996784, -0.019565, -0.077717, 0.123646, -0.025749, -0.996495, -0.079356, 0.03228, -0.075895, 0.081128, -0.99379, -0.017751, 0.0, 0.0, 0.0, 1.0],
                [0.996941, -0.035343, -0.069708, 0.123156, -0.016179, -0.965897, 0.258367, 0.029501, -0.076465, -0.256426, -0.963509, -0.024202, 0.0, 0.0, 0.0, 1.0],
                [0.997089, -0.052907, -0.054899, 0.122686, -0.005243, -0.765916, 0.642905, 0.026839, -0.076066, -0.640727, -0.763953, -0.030384, 0.0, 0.0, 0.0, 1.0],
                [0.997172, -0.064276, -0.038959, 0.122244, 0.000951, -0.507511, 0.861633, 0.024333, -0.075158, -0.85922, -0.505998, -0.036201, 0.0, 0.0, 0.0, 1.0],
                [0.997204, -0.069779, -0.026757, 0.121836, 0.002562, -0.325912, 0.945383, 0.02202, -0.074691, -0.9428, -0.324803, -0.041571, 0.0, 0.0, 0.0, 1.0],
                [0.997213, -0.072838, -0.016193, 0.121467, 0.002404, -0.185555, 0.982615, 0.019929, -0.07458, -0.979911, -0.184842, -0.046425, 0.0, 0.0, 0.0, 1.0],
                [0.997218, -0.074275, -0.006374, 0.121142, 0.002248, -0.055524, 0.998436, 0.018086, -0.074515, -0.995672, -0.055181, -0.050705, 0.0, 0.0, 0.0, 1.0],
                [0.997219, -0.074515, 0.001424, 0.120864, 0.002096, 0.04711, 0.998866, 0.016508, -0.074501, -0.996088, 0.047157, -0.054368, 0.0, 0.0, 0.0, 1.0],
                [0.997218, -0.074242, 0.006772, 0.120634, 0.001946, 0.116704, 0.993141, 0.015208, -0.074526, -0.990371, 0.116545, -0.057385, 0.0, 0.0, 0.0, 1.0],
                [0.997214, -0.073952, 0.009779, 0.120456, 0.001788, 0.154724, 0.98793, 0.014195, -0.074575, -0.98517, 0.154447, -0.059737, 0.0, 0.0, 0.0, 1.0],
                [0.99721, -0.073872, 0.010766, 0.120328, 0.001609, 0.16542, 0.986194, 0.013473, -0.074637, -0.983437, 0.1651, -0.061414, 0.0, 0.0, 0.0, 1.0],
                [0.997205, -0.074027, 0.010084, 0.120252, 0.001396, 0.153377, 0.988139, 0.013041, -0.074699, -0.985377, 0.153074, -0.062416, 0.0, 0.0, 0.0, 1.0],
                [0.997201, -0.074343, 0.007939, 0.120227, 0.001147, 0.121359, 0.99258, 0.012898, -0.074758, -0.989807, 0.121127, -0.062748, 0.0, 0.0, 0.0, 1.0],
                [0.997192, -0.074709, 0.00526, 0.12048, -0.000225, 0.067212, 0.997711, 0.014332, -0.074894, -0.994925, 0.06703, -0.059419, 0.0, 0.0, 0.0, 1.0],
                [0.997172, -0.075132, 0.002088, 0.120868, -0.002453, -0.004799, 0.999959, 0.016531, -0.075122, -0.99715, -0.004945, -0.054315, 0.0, 0.0, 0.0, 1.0],
                [0.997141, -0.075542, -0.00172, 0.121289, -0.004753, -0.085452, 0.996305, 0.018921, -0.075413, -0.993463, -0.085542, -0.048765, 0.0, 0.0, 0.0, 1.0],
                [0.997105, -0.075792, -0.006167, 0.121724, -0.006727, -0.168731, 0.985615, 0.021383, -0.075745, -0.982734, -0.168726, -0.043049, 0.0, 0.0, 0.0, 1.0],
                [0.997068, -0.075725, -0.011077, 0.122162, -0.008208, -0.249739, 0.968255, 0.023867, -0.07609, -0.965338, -0.249601, -0.037282, 0.0, 0.0, 0.0, 1.0],
                [0.997034, -0.075227, -0.016256, 0.122599, -0.00914, -0.325488, 0.945479, 0.026346, -0.07642, -0.942541, -0.325181, -0.031527, 0.0, 0.0, 0.0, 1.0],
                [0.997009, -0.074231, -0.021529, 0.123033, -0.009515, -0.394336, 0.918895, 0.028803, -0.076703, -0.915956, -0.393833, -0.025824, 0.0, 0.0, 0.0, 1.0],
                [0.996987, -0.071914, -0.029082, 0.12346, -0.009362, -0.483733, 0.875144, 0.031225, -0.077006, -0.872251, -0.482918, -0.020201, 0.0, 0.0, 0.0, 1.0],
                [0.996963, -0.067363, -0.039084, 0.123879, -0.009072, -0.598904, 0.800748, 0.033602, -0.077351, -0.797979, -0.597665, -0.014681, 0.0, 0.0, 0.0, 1.0],
                [0.996935, -0.056969, -0.053626, 0.12429, -0.008856, -0.763196, 0.646085, 0.035928, -0.077737, -0.64365, -0.761329, -0.009281, 0.0, 0.0, 0.0, 1.0],
                [0.996918, -0.051411, -0.059261, 0.12469, -0.008619, -0.822577, 0.568567, 0.038195, -0.07798, -0.566325, -0.820453, -0.004018, 0.0, 0.0, 0.0, 1.0],
                [0.996908, -0.051379, -0.05945, 0.125078, -0.008401, -0.821968, 0.569449, 0.040397, -0.078127, -0.56721, -0.819828, 0.001094, 0.0, 0.0, 0.0, 1.0],
                [0.9969, -0.051747, -0.059266, 0.125454, -0.008311, -0.818329, 0.574668, 0.042527, -0.078239, -0.572415, -0.816191, 0.00604, 0.0, 0.0, 0.0, 1.0],
                [0.996894, -0.052622, -0.058606, 0.125816, -0.008372, -0.810663, 0.585431, 0.04458, -0.078319, -0.583143, -0.808554, 0.010805, 0.0, 0.0, 0.0, 1.0],
                [0.996912, -0.051565, -0.059222, 0.126163, -0.007984, -0.816838, 0.576789, 0.046548, -0.07812, -0.574557, -0.814697, 0.015375, 0.0, 0.0, 0.0, 1.0],
                [0.99701, -0.067718, -0.037221, 0.126494, -0.005858, -0.546552, 0.837386, 0.048426, -0.077053, -0.834676, -0.545283, 0.019733, 0.0, 0.0, 0.0, 1.0],
                [0.997107, -0.066776, -0.03632, 0.126808, -0.002576, -0.507228, 0.861794, 0.050205, -0.075973, -0.859208, -0.505902, 0.023863, 0.0, 0.0, 0.0, 1.0],
                [0.997161, -0.057952, -0.048079, 0.127103, 0.000729, -0.631059, 0.775724, 0.051877, -0.075299, -0.773549, -0.629199, 0.027746, 0.0, 0.0, 0.0, 1.0],
                [0.997166, -0.045107, -0.060219, 0.127378, 0.002139, -0.783043, 0.621955, 0.053434, -0.075212, -0.620307, -0.780703, 0.031362, 0.0, 0.0, 0.0, 1.0],
                [0.997152, -0.032165, -0.068218, 0.127631, 0.002122, -0.892169, 0.451686, 0.054867, -0.075393, -0.450527, -0.889536, 0.034688, 0.0, 0.0, 0.0, 1.0],
                [0.99714, -0.017909, -0.073432, 0.127859, 0.001982, -0.964984, 0.26228, 0.056164, -0.075561, -0.261654, -0.962165, 0.037699, 0.0, 0.0, 0.0, 1.0],
                [0.997131, -0.003743, -0.075611, 0.128062, 0.001774, -0.997339, 0.072788, 0.057313, -0.075685, -0.072689, -0.994447, 0.040365, 0.0, 0.0, 0.0, 1.0],
                [0.997125, 0.009615, -0.075159, 0.128236, 0.001539, -0.994276, -0.106748, 0.058299, -0.075759, 0.106351, -0.991408, 0.042655, 0.0, 0.0, 0.0, 1.0],
                [0.997124, 0.021813, -0.072586, 0.128378, 0.001307, -0.962494, -0.271262, 0.059106, -0.075784, 0.270413, -0.959728, 0.044528, 0.0, 0.0, 0.0, 1.0],
                [0.997125, 0.032678, -0.068364, 0.128486, 0.001096, -0.908357, -0.418165, 0.059714, -0.075767, 0.416915, -0.905754, 0.04594, 0.0, 0.0, 0.0, 1.0],
                [0.997129, 0.042016, -0.062992, 0.128554, 0.000921, -0.8386, -0.54472, 0.0601, -0.075715, 0.543125, -0.836203, 0.046836, 0.0, 0.0, 0.0, 1.0],
                [0.997134, 0.04781, -0.058645, 0.128578, 0.00082, -0.781868, -0.623418, 0.060236, -0.075661, 0.62161, -0.779636, 0.047152, 0.0, 0.0, 0.0, 1.0]
            ]
        },
        {
            "name": "Leg_R",
            "time": [0.0, 0.0167, 0.0333, 0.05, 0.0667, 0.0833, 0.1, 0.1167, 0.1333, 0.15, 0.1667, 0.1833, 0.2, 0.2167, 0.2333, 0.25, 0.2667, 0.2833, 0.3, 0.3167, 0.3333, 0.35, 0.3667, 0.3833, 0.4, 0.4167, 0.4333, 0.45, 0.4667, 0.4833, 0.5, 0.5167, 0.5333, 0.55, 0.5667, 0.5833, 0.6, 0.6167, 0.6333, 0.65, 0.6667, 0.6833, 0.7, 0.7167, 0.7333, 0.75, 0.7667, 0.7833, 0.8, 0.8167, 0.8333, 0.85, 0.8667, 0.8833, 0.9],
            "transform": [
                [1.0, -0.000124, -0.000122, 0.0, 0.000137, 0.993801, 0.111174, 0.375166, 0.000107, -0.11117, 0.993801, -0.0, 0.0, 0.0, 0.0, 1.0],
                [1.0, -0.000225, -0.000138, -0.0, 0.000248, 0.979576, 0.201068, 0.375166, 9e-05, -0.201072, 0.979577, -0.0, 0.0, 0.0, 0.0, 1.0],
                [1.0, -0.000395, -0.000187, -0.0, 0.000435, 0.935593, 0.35307, 0.375166, 3.6e-05, -0.353085, 0.935596, 0.0, 0.0, 0.0, 0.0, 1.0],
                [1.0, -0.000561, -0.000266, 0.0, 0.000619, 0.865011, 0.501736, 0.375166, -5.1e-05, -0.501762, 0.865018, 0.0, 0.0, 0.0, 0.0, 1.0],
                [1.0, -0.000703, -0.000363, 0.0, 0.000775, 0.777824, 0.628463, 0.375166, -0.000159, -0.628496, 0.777834, -0.0, 0.0, 0.0, 0.0, 1.0],
                [1.0, -0.000814, -0.000467, -0.0, 0.000898, 0.685577, 0.727979, 0.375166, -0.000273, -0.728017, 0.685589, -0.0, 0.0, 0.0, 0.0, 1.0],
                [1.0, -0.000898, -0.000566, 0.0, 0.00099, 0.596309, 0.802735, 0.375166, -0.000383, -0.802774, 0.596322, 0.0, 0.0, 0.0, 0.0, 1.0],
                [1.0, -0.00096, -0.00066, 0.0, 0.001059, 0.512634, 0.858588, 0.375166, -0.000486, -0.858628, 0.512648, -0.0, 0.0, 0.0, 0.0, 1.0],
                [1.0, -0.000999, -0.000732, 0.0, 0.001102, 0.448522, 0.893753, 0.375166, -0.000565, -0.893793, 0.448535, 0.0, 0.0, 0.0, 0.0, 1.0],
                [1.0, -0.001022, -0.00078, -0.0, 0.001128, 0.405068, 0.914268, 0.375166, -0.000619, -0.914308, 0.405081, -0.0, 0.0, 0.0, 0.0, 1.0],
                [1.0, -0.001044, -0.000832, -0.0, 0.001151, 0.359035, 0.933306, 0.375166, -0.000675, -0.933345, 0.359048, 0.0, 0.0, 0.0, 0.0, 1.0],
                [0.999999, -0.001069, -0.000905, 0.0, 0.001179, 0.293869, 0.955828, 0.375166, -0.000756, -0.955867, 0.293881, 0.0, 0.0, 0.0, 0.0, 1.0],
                [0.999999, -0.001096, -0.001011, -0.0, 0.001209, 0.198899, 0.980002, 0.375166, -0.000873, -0.980041, 0.198911, 0.0, 0.0, 0.0, 0.0, 1.0],
                [0.999999, -0.001116, -0.001157, -0.0, 0.00123, 0.068474, 0.997636, 0.375166, -0.001034, -0.997672, 0.068484, 0.0, 0.0, 0.0, 0.0, 1.0],
                [0.999999, -0.001113, -0.001341, 0.0, 0.001228, -0.096761, 0.995291, 0.375166, -0.001238, -0.995324, -0.096752, 0.0, 0.0, 0.0, 0.0, 1.0],
                [0.999999, -0.001052, -0.001612, -0.0, 0.00116, -0.339029, 0.940761, 0.375166, -0.001536, -0.940787, -0.339018, -0.0, 0.0, 0.0, 0.0, 1.0],
                [0.999998, -0.000939, -0.00184, -0.0, 0.001036, -0.54242, 0.840097, 0.375166, -0.001787, -0.840113, -0.542408, -0.0, 0.0, 0.0, 0.0, 1.0],
                [0.999998, -0.000873, -0.001931, 0.0, 0.000963, -0.6244, 0.781097, 0.375166, -0.001888, -0.781108, -0.624387, 0.0, 0.0, 0.0, 0.0, 1.0],
                [0.999998, -0.000901, -0.001896, -0.0, 0.000993, -0.59283, 0.805319, 0.375166, -0.001849, -0.805331, -0.592818, 0.0, 0.0, 0.0, 0.0, 1.0],
                [0.999998, -0.000935, -0.001847, 0.0, 0.001031, -0.548456, 0.83617, 0.375166, -0.001795, -0.836184, -0.548444, 0.0, 0.0, 0.0, 0.0, 1.0],
                [0.999998, -0.000949, -0.001824, 0.0, 0.001047, -0.528289, 0.849055, 0.375166, -0.00177, -0.84907, -0.528277, 0.0, 0.0, 0.0, 0.0, 1.0],
                [0.999998, -0.000972, -0.001786, -0.0, 0.001072, -0.494655, 0.869078, 0.375166, -0.001728, -0.869096, -0.494644, -0.0, 0.0, 0.0, 0.0, 1.0],
                [0.999998, -0.001002, -0.001729, -0.0, 0.001105, -0.443419, 0.896302, 0.375166, -0.001665, -0.896322, -0.443408, -0.0, 0.0, 0.0, 0.0, 1.0],
                [0.999998, -0.001036, -0.001654, 0.0, 0.001142, -0.376674, 0.926333, 0.375166, -0.001583, -0.926355, -0.376663, 0.0, 0.0, 0.0, 0.0, 1.0],
                [0.999999, -0.001067, -0.001568, 0.0, 0.001177, -0.299238, 0.954164, 0.375166, -0.001487, -0.95419, -0.299228, 0.0, 0.0, 0.0, 0.0, 1.0],
                [0.999999, -0.001092, -0.001476, 0.0, 0.001204, -0.21703, 0.97615, 0.375166, -0.001386, -0.976178, -0.21702, -0.0, 0.0, 0.0, 0.0, 1.0],
                [0.999999, -0.001108, -0.001386, 0.0, 0.001222, -0.13642, 0.990635, 0.375166, -0.001287, -0.990666, -0.136411, -0.0, 0.0, 0.0, 0.0, 1.0],
                [0.999999, -0.001116, -0.001303, 0.0, 0.001231, -0.062139, 0.998052, 0.375166, -0.001195, -0.998084, -0.06213, -0.0, 0.0, 0.0, 0.0, 1.0],
                [0.999999, -0.001118, -0.001229, -0.0, 0.001233, 0.004133, 0.999975, 0.375166, -0.001113, -1.000009, 0.004143, 0.0, 0.0, 0.0, 0.0, 1.0],
                [0.999999, -0.001115, -0.001154, -0.0, 0.00123, 0.071133, 0.997451, 0.375166, -0.001031, -0.997485, 0.071143, -0.0, 0.0, 0.0, 0.0, 1.0],
                [0.999999, -0.001107, -0.001075, 0.0, 0.001221, 0.141724, 0.98989, 0.375166, -0.000943, -0.989925, 0.141735, 0.0, 0.0, 0.0, 0.0, 1.0],
                [0.999999, -0.001091, -0.000988, -0.0, 0.001203, 0.219664, 0.975559, 0.375166, -0.000847, -0.975595, 0.219675, -0.0, 0.0, 0.0, 0.0, 1.0],
                [0.999999, -0.001065, -0.000891, 0.0, 0.001174, 0.305809, 0.952075, 0.375166, -0.000741, -0.952113, 0.305821, -0.0, 0.0, 0.0, 0.0, 1.0],
                [0.999999, -0.001025, -0.000786, 0.0, 0.00113, 0.399964, 0.916513, 0.375166, -0.000625, -0.916551, 0.399977, -0.0, 0.0, 0.0, 0.0, 1.0],
                [1.0, -0.000968, -0.000673, 0.0, 0.001068, 0.500639, 0.865637, 0.375166, -0.000501, -0.865675, 0.500652, -0.0, 0.0, 0.0, 0.0, 1.0],
                [1.0, -0.000859, -0.000517, 0.0, 0.000947, 0.64065, 0.767813, 0.375166, -0.000328, -0.76785, 0.640663, -0.0, 0.0, 0.0, 0.0, 1.0],
                [1.0, -0.000656, -0.000327, -0.0, 0.000723, 0.810111, 0.586259, 0.375166, -0.000119, -0.586288, 0.81012, -0.0, 0.0, 0.0, 0.0, 1.0],
                [1.0, -0.000214, -0.000136, 0.0, 0.000236, 0.981567, 0.191113, 0.375166, 9.2e-05, -0.191116, 0.981568, 0.0, 0.0, 0.0, 0.0, 1.0],
                [1.0, -6e-06, -0.000115, 0.0, 7e-06, 0.999986, 0.005388, 0.375166, 0.000115, -0.005376, 0.999986, 0.0, 0.0, 0.0, 0.0, 1.0],
                [1.0, -6e-06, -0.000115, 0.0, 7e-06, 0.999986, 0.0054, 0.375166, 0.000115, -0.005388, 0.999986, 0.0, 0.0, 0.0, 0.0, 1.0],
                [1.0, -5e-06, -0.000115, -0.0, 6e-06, 0.99999, 0.004561, 0.375167, 0.000115, -0.004549, 0.99999, -0.0, 0.0, 0.0, 0.0, 1.0],
                [1.0, -5e-06, -0.000115, 0.0, 6e-06, 0.999991, 0.004559, 0.375166, 0.000115, -0.004547, 0.99999, 0.0, 0.0, 0.0, 0.0, 1.0],
                [1.0, -6e-06, -0.000115, -0.0, 7e-06, 0.999986, 0.005377, 0.375166, 0.000115, -0.005365, 0.999986, -0.0, 0.0, 0.0, 0.0, 1.0],
                [1.0, -0.000903, -0.000574, -0.0, 0.000996, 0.589631, 0.807654, 0.375166, -0.000391, -0.807691, 0.589644, 0.0, 0.0, 0.0, 0.0, 1.0],
                [0.999999, -0.001105, -0.001062, 0.0, 0.001219, 0.152847, 0.988234, 0.375166, -0.00093, -0.988268, 0.152858, -0.0, 0.0, 0.0, 0.0, 1.0],
                [0.999999, -0.001116, -0.00131, -0.0, 0.00123, -0.068527, 0.997634, 0.375166, -0.001203, -0.997664, -0.068518, -0.0, 0.0, 0.0, 0.0, 1.0],
                [0.999999, -0.001115, -0.001324, -0.0, 0.001229, -0.081178, 0.996685, 0.375166, -0.001218, -0.996715, -0.081169, -0.0, 0.0, 0.0, 0.0, 1.0],
                [0.999999, -0.001118, -0.001223, -0.0, 0.001233, 0.009485, 0.99994, 0.375166, -0.001107, -0.999972, 0.009495, -0.0, 0.0, 0.0, 0.0, 1.0],
                [0.999999, -0.001104, -0.001058, 0.0, 0.001218, 0.156925, 0.987594, 0.375166, -0.000925, -0.98763, 0.156936, -0.0, 0.0, 0.0, 0.0, 1.0],
                [1.0, -0.001053, -0.000856, -0.0, 0.001161, 0.337271, 0.94139, 0.375166, -0.000702, -0.941428, 0.337284, 0.0, 0.0, 0.0, 0.0, 1.0],
                [1.0, -0.000949, -0.000642, -0.0, 0.001047, 0.528416, 0.848966, 0.375166, -0.000467, -0.849005, 0.52843, 0.0, 0.0, 0.0, 0.0, 1.0],
                [1.0, -0.000789, -0.000441, -0.0, 0.00087, 0.708577, 0.705614, 0.375166, -0.000244, -0.70565, 0.708589, 0.0, 0.0, 0.0, 0.0, 1.0],
                [1.0, -0.000575, -0.000274, 0.0, 0.000634, 0.857599, 0.514302, 0.375166, -6.1e-05, -0.514328, 0.857606, 0.0, 0.0, 0.0, 0.0, 1.0],
                [1.0, -0.000322, -0.000162, -0.0, 0.000355, 0.957712, 0.287722, 0.375166, 6.3e-05, -0.287732, 0.957714, -0.0, 0.0, 0.0, 0.0, 1.0],
                [1.0, -0.000124, -0.000122, 0.0, 0.000137, 0.993801, 0.111174, 0.375166, 0.000107, -0.11117, 0.993801, -0.0, 0.0, 0.0, 0.0, 1.0]
            ]
        },
        {
            "name": "Knee_R",
            "time": [0.0, 0.0167, 0.0333, 0.05, 0.0667, 0.0833, 0.1, 0.1167, 0.1333, 0.15, 0.1667, 0.1833, 0.2, 0.2167, 0.2333, 0.25, 0.2667, 0.2833, 0.3, 0.3167, 0.3333, 0.35, 0.3667, 0.3833, 0.4, 0.4167, 0.4333, 0.45, 0.4667, 0.4833, 0.5, 0.5167, 0.5333, 0.55, 0.5667, 0.5833, 0.6, 0.6167, 0.6333, 0.65, 0.6667, 0.6833, 0.7, 0.7167, 0.7333, 0.75, 0.7667, 0.7833, 0.8, 0.8167, 0.8333, 0.85, 0.8667, 0.8833, 0.9],
            "transform": [
                [1.0, -5.9e-05, 5.2e-05, 0.0, 5.7e-05, 0.087098, -0.9962, 0.375166, 5.4e-05, 0.9962, 0.087098, -0.0, 0.0, 0.0, 0.0, 1.0],
                [1.0, -5.9e-05, 5.2e-05, -0.0, 5.7e-05, 0.091876, -0.995771, 0.375177, 5.4e-05, 0.99577, 0.091876, 0.00012, 0.0, 0.0, 0.0, 1.0],
                [1.0, -6e-05, 5.1e-05, -0.0, 5.7e-05, 0.106507, -0.994312, 0.375229, 5.4e-05, 0.994312, 0.106507, 0.000497, 0.0, 0.0, 0.0, 1.0],
                [1.0, -6.1e-05, 5e-05, -0.0, 5.7e-05, 0.131193, -0.991357, 0.375362, 5.4e-05, 0.991357, 0.131193, 0.001154, 0.0, 0.0, 0.0, 1.0],
                [1.0, -6.3e-05, 4.7e-05, -0.0, 5.7e-05, 0.165668, -0.986182, 0.375624, 5.4e-05, 0.986182, 0.165667, 0.002106, 0.0, 0.0, 0.0, 1.0],
                [1.0, -6.5e-05, 4.5e-05, -0.0, 5.7e-05, 0.209018, -0.977912, 0.376071, 5.4e-05, 0.977912, 0.209018, 0.003359, 0.0, 0.0, 0.0, 1.0],
                [1.0, -6.7e-05, 4.1e-05, -0.0, 5.7e-05, 0.259573, -0.965723, 0.37676, 5.4e-05, 0.965723, 0.259573, 0.004905, 0.0, 0.0, 0.0, 1.0],
                [1.0, -6.9e-05, 3.7e-05, -1e-06, 5.7e-05, 0.314953, -0.949107, 0.377746, 5.4e-05, 0.949107, 0.314953, 0.006716, 0.0, 0.0, 0.0, 1.0],
                [1.0, -7.2e-05, 3.3e-05, -1e-06, 5.7e-05, 0.372322, -0.928104, 0.379071, 5.4e-05, 0.928104, 0.372321, 0.00875, 0.0, 0.0, 0.0, 1.0],
                [1.0, -7.3e-05, 2.8e-05, -1e-06, 5.7e-05, 0.428806, -0.903397, 0.38076, 5.4e-05, 0.903397, 0.428805, 0.010949, 0.0, 0.0, 0.0, 1.0],
                [1.0, -7.5e-05, 2.4e-05, -1e-06, 5.7e-05, 0.481925, -0.876213, 0.382816, 5.4e-05, 0.876213, 0.481925, 0.013257, 0.0, 0.0, 0.0, 1.0],
                [1.0, -7.6e-05, 2e-05, -1e-06, 5.7e-05, 0.529877, -0.848074, 0.385226, 5.4e-05, 0.848075, 0.529877, 0.015614, 0.0, 0.0, 0.0, 1.0],
                [1.0, -7.7e-05, 1.6e-05, -2e-06, 5.7e-05, 0.57161, -0.820526, 0.387964, 5.4e-05, 0.820526, 0.57161, 0.017975, 0.0, 0.0, 0.0, 1.0],
                [1.0, -7.8e-05, 1.3e-05, -2e-06, 5.7e-05, 0.606725, -0.794912, 0.390995, 5.4e-05, 0.794912, 0.606725, 0.020301, 0.0, 0.0, 0.0, 1.0],
                [1.0, -7.8e-05, 1e-05, -2e-06, 5.7e-05, 0.635289, -0.772275, 0.394283, 5.4e-05, 0.772275, 0.635289, 0.022566, 0.0, 0.0, 0.0, 1.0],
                [1.0, -7.8e-05, 7e-06, -3e-06, 5.7e-05, 0.65921, -0.75196, 0.400675, 5.4e-05, 0.75196, 0.659209, 0.025621, 0.0, 0.0, 0.0, 1.0],
                [1.0, -7.9e-05, 5e-06, -4e-06, 5.7e-05, 0.683279, -0.730157, 0.409449, 5.4e-05, 0.730157, 0.683279, 0.029451, 0.0, 0.0, 0.0, 1.0],
                [1.0, -7.9e-05, 2e-06, -4e-06, 5.7e-05, 0.70322, -0.710972, 0.418399, 5.4e-05, 0.710972, 0.70322, 0.033173, 0.0, 0.0, 0.0, 1.0],
                [1.0, -7.9e-05, 1e-06, -5e-06, 5.7e-05, 0.715331, -0.698786, 0.424649, 5.4e-05, 0.698787, 0.71533, 0.035698, 0.0, 0.0, 0.0, 1.0],
                [1.0, -7.9e-05, 1e-06, -5e-06, 5.7e-05, 0.719063, -0.694944, 0.426745, 5.4e-05, 0.694945, 0.719063, 0.036531, 0.0, 0.0, 0.0, 1.0],
                [1.0, -7.9e-05, 2e-06, -5e-06, 5.7e-05, 0.708136, -0.706077, 0.425119, 5.4e-05, 0.706077, 0.708136, 0.035846, 0.0, 0.0, 0.0, 1.0],
                [1.0, -7.9e-05, 5e-06, -5e-06, 5.7e-05, 0.682322, -0.731051, 0.421416, 5.4e-05, 0.731052, 0.682322, 0.034281, 0.0, 0.0, 0.0, 1.0],
                [1.0, -7.8e-05, 8e-06, -4e-06, 5.7e-05, 0.64773, -0.76187, 0.416707, 5.4e-05, 0.76187, 0.64773, 0.032284, 0.0, 0.0, 0.0, 1.0],
                [1.0, -7.8e-05, 1.2e-05, -4e-06, 5.7e-05, 0.607995, -0.793941, 0.411608, 5.4e-05, 0.793941, 0.607995, 0.030111, 0.0, 0.0, 0.0, 1.0],
                [1.0, -7.7e-05, 1.6e-05, -3e-06, 5.7e-05, 0.56588, -0.824488, 0.406531, 5.4e-05, 0.824488, 0.565879, 0.027935, 0.0, 0.0, 0.0, 1.0],
                [1.0, -7.6e-05, 2e-05, -3e-06, 5.7e-05, 0.523801, -0.851841, 0.401785, 5.4e-05, 0.851841, 0.523801, 0.025883, 0.0, 0.0, 0.0, 1.0],
                [1.0, -7.5e-05, 2.4e-05, -3e-06, 5.7e-05, 0.48402, -0.875057, 0.397626, 5.4e-05, 0.875057, 0.484019, 0.024062, 0.0, 0.0, 0.0, 1.0],
                [1.0, -7.4e-05, 2.7e-05, -2e-06, 5.7e-05, 0.448722, -0.893671, 0.394283, 5.4e-05, 0.893671, 0.448722, 0.022566, 0.0, 0.0, 0.0, 1.0],
                [1.0, -7.3e-05, 2.9e-05, -2e-06, 5.7e-05, 0.417907, -0.90849, 0.391993, 5.4e-05, 0.90849, 0.417906, 0.021632, 0.0, 0.0, 0.0, 1.0],
                [1.0, -7.2e-05, 3.2e-05, -2e-06, 5.7e-05, 0.38807, -0.92163, 0.390049, 5.4e-05, 0.92163, 0.38807, 0.021003, 0.0, 0.0, 0.0, 1.0],
                [1.0, -7.1e-05, 3.4e-05, -2e-06, 5.7e-05, 0.359127, -0.933289, 0.388345, 5.4e-05, 0.933289, 0.359126, 0.020462, 0.0, 0.0, 0.0, 1.0],
                [1.0, -7e-05, 3.6e-05, -2e-06, 5.7e-05, 0.331004, -0.943629, 0.386803, 5.4e-05, 0.943629, 0.331004, 0.019849, 0.0, 0.0, 0.0, 1.0],
                [1.0, -6.9e-05, 3.8e-05, -2e-06, 5.7e-05, 0.303645, -0.952785, 0.385364, 5.4e-05, 0.952785, 0.303645, 0.019046, 0.0, 0.0, 0.0, 1.0],
                [1.0, -6.8e-05, 4e-05, -1e-06, 5.7e-05, 0.276998, -0.960871, 0.38398, 5.4e-05, 0.960871, 0.276998, 0.017967, 0.0, 0.0, 0.0, 1.0],
                [1.0, -6.7e-05, 4.2e-05, -1e-06, 5.7e-05, 0.251021, -0.967982, 0.382615, 5.4e-05, 0.967982, 0.251021, 0.016545, 0.0, 0.0, 0.0, 1.0],
                [1.0, -6.6e-05, 4.4e-05, -1e-06, 5.7e-05, 0.223378, -0.974732, 0.381249, 5.4e-05, 0.974732, 0.223378, 0.014055, 0.0, 0.0, 0.0, 1.0],
                [1.0, -6.4e-05, 4.6e-05, -1e-06, 5.7e-05, 0.192051, -0.981385, 0.379743, 5.4e-05, 0.981385, 0.192051, 0.010864, 0.0, 0.0, 0.0, 1.0],
                [1.0, -6.3e-05, 4.8e-05, -1e-06, 5.7e-05, 0.16121, -0.98692, 0.378284, 5.4e-05, 0.98692, 0.16121, 0.007548, 0.0, 0.0, 0.0, 1.0],
                [1.0, -6.1e-05, 4.9e-05, -0.0, 5.7e-05, 0.133962, -0.990987, 0.37701, 5.4e-05, 0.990987, 0.133962, 0.00453, 0.0, 0.0, 0.0, 1.0],
                [1.0, -6e-05, 5.1e-05, -0.0, 5.7e-05, 0.112627, -0.993637, 0.37602, 5.4e-05, 0.993637, 0.112627, 0.002121, 0.0, 0.0, 0.0, 1.0],
                [1.0, -6e-05, 5.1e-05, -0.0, 5.7e-05, 0.09893, -0.995095, 0.375387, 5.4e-05, 0.995095, 0.098929, 0.000553, 0.0, 0.0, 0.0, 1.0],
                [1.0, -5.9e-05, 5.2e-05, 0.0, 5.7e-05, 0.094141, -0.995559, 0.375166, 5.4e-05, 0.995559, 0.094141, 0.0, 0.0, 0.0, 0.0, 1.0],
                [1.0, -6.2e-05, 4.8e-05, -0.0, 5.7e-05, 0.151056, -0.988525, 0.377612, 5.4e-05, 0.988525, 0.151056, 0.002729, 0.0, 0.0, 0.0, 1.0],
                [1.0, -6.9e-05, 3.8e-05, -1e-06, 5.7e-05, 0.308094, -0.951356, 0.384499, 5.4e-05, 0.951356, 0.308094, 0.010417, 0.0, 0.0, 0.0, 1.0],
                [1.0, -7.5e-05, 2.3e-05, -2e-06, 5.7e-05, 0.497419, -0.867511, 0.393343, 5.4e-05, 0.867511, 0.497419, 0.020287, 0.0, 0.0, 0.0, 1.0],
                [1.0, -7.8e-05, 1e-05, -3e-06, 5.7e-05, 0.630481, -0.776204, 0.400231, 5.4e-05, 0.776205, 0.630481, 0.027974, 0.0, 0.0, 0.0, 1.0],
                [1.0, -7.9e-05, 6e-06, -3e-06, 5.7e-05, 0.67394, -0.738786, 0.402677, 5.4e-05, 0.738786, 0.67394, 0.030704, 0.0, 0.0, 0.0, 1.0],
                [1.0, -7.8e-05, 7e-06, -3e-06, 5.7e-05, 0.660133, -0.751149, 0.402109, 5.4e-05, 0.751149, 0.660133, 0.030154, 0.0, 0.0, 0.0, 1.0],
                [1.0, -7.8e-05, 1e-05, -3e-06, 5.7e-05, 0.628976, -0.777425, 0.400862, 5.4e-05, 0.777425, 0.628976, 0.028944, 0.0, 0.0, 0.0, 1.0],
                [1.0, -7.7e-05, 1.4e-05, -3e-06, 5.7e-05, 0.589821, -0.807534, 0.399349, 5.4e-05, 0.807534, 0.589821, 0.027478, 0.0, 0.0, 0.0, 1.0],
                [1.0, -7.7e-05, 1.8e-05, -3e-06, 5.7e-05, 0.548616, -0.836074, 0.397815, 5.4e-05, 0.836074, 0.548616, 0.02599, 0.0, 0.0, 0.0, 1.0],
                [1.0, -7.6e-05, 2.1e-05, -3e-06, 5.7e-05, 0.510042, -0.860149, 0.396423, 5.4e-05, 0.86015, 0.510042, 0.024641, 0.0, 0.0, 0.0, 1.0],
                [1.0, -7.5e-05, 2.4e-05, -2e-06, 5.7e-05, 0.478153, -0.878277, 0.3953, 5.4e-05, 0.878277, 0.478152, 0.023552, 0.0, 0.0, 0.0, 1.0],
                [1.0, -7.4e-05, 2.6e-05, -2e-06, 5.7e-05, 0.4566, -0.889672, 0.394553, 5.4e-05, 0.889672, 0.4566, 0.022828, 0.0, 0.0, 0.0, 1.0],
                [1.0, -7.4e-05, 2.7e-05, -2e-06, 5.7e-05, 0.448722, -0.893671, 0.394283, 5.4e-05, 0.893672, 0.448722, 0.022566, 0.0, 0.0, 0.0, 1.0]
            ]
        },
        {
            "name": "Thigh_L",
            "time": [0.0, 0.0167, 0.0333, 0.05, 0.0667, 0.0833, 0.1, 0.1167, 0.1333, 0.15, 0.1667, 0.1833, 0.2, 0.2167, 0.2333, 0.25, 0.2667, 0.2833, 0.3, 0.3167, 0.3333, 0.35, 0.3667, 0.3833, 0.4, 0.4167, 0.4333, 0.45, 0.4667, 0.4833, 0.5, 0.5167, 0.5333, 0.55, 0.5667, 0.5833, 0.6, 0.6167, 0.6333, 0.65, 0.6667, 0.6833, 0.7, 0.7167, 0.7333, 0.75, 0.7667, 0.7833, 0.8, 0.8167, 0.8333, 0.85, 0.8667, 0.8833, 0.9],
            "transform": [
                [0.996593, -0.073723, 0.03699, -0.120236, -0.027747, 0.122658, 0.992028, 0.012899, -0.077676, -0.98969, 0.120222, -0.062747, 0.0, 0.0, 0.0, 1.0],
                [0.996586, -0.074326, 0.035947, -0.120236, -0.027832, 0.107448, 0.993788, 0.013014, -0.077731, -0.991412, 0.105041, -0.062368, 0.0, 0.0, 0.0, 1.0],
                [0.996567, -0.076098, 0.032621, -0.120236, -0.028034, 0.060561, 0.997739, 0.013364, -0.077905, -0.995243, 0.058248, -0.061223, 0.0, 0.0, 0.0, 1.0],
                [0.996539, -0.078664, 0.026883, -0.120236, -0.0282, -0.015701, 0.999448, 0.013949, -0.078203, -0.996762, -0.017835, -0.059306, 0.0, 0.0, 0.0, 1.0],
                [0.996509, -0.081243, 0.019194, -0.120236, -0.028137, -0.110426, 0.993457, 0.014769, -0.078595, -0.990544, -0.112295, -0.056618, 0.0, 0.0, 0.0, 1.0],
                [0.996488, -0.083064, 0.010606, -0.120236, -0.027708, -0.20757, 0.9778, 0.015821, -0.079023, -0.974674, -0.20911, -0.053169, 0.0, 0.0, 0.0, 1.0],
                [0.99648, -0.083803, 0.002322, -0.120235, -0.02687, -0.293049, 0.955693, 0.017099, -0.079413, -0.952406, -0.294235, -0.048981, 0.0, 0.0, 0.0, 1.0],
                [0.996488, -0.083593, -0.004895, -0.120235, -0.025646, -0.360342, 0.932442, 0.018591, -0.079713, -0.929056, -0.361185, -0.044089, 0.0, 0.0, 0.0, 1.0],
                [0.996509, -0.082311, -0.013942, -0.120235, -0.02376, -0.439757, 0.897777, 0.020284, -0.080032, -0.894328, -0.440141, -0.038542, 0.0, 0.0, 0.0, 1.0],
                [0.996531, -0.079402, -0.024911, -0.120234, -0.021687, -0.536814, 0.843397, 0.022157, -0.080343, -0.83995, -0.536636, -0.032403, 0.0, 0.0, 0.0, 1.0],
                [0.996552, -0.074301, -0.036924, -0.120234, -0.019761, -0.644796, 0.764075, 0.024186, -0.080584, -0.760731, -0.644002, -0.025753, 0.0, 0.0, 0.0, 1.0],
                [0.996571, -0.06455, -0.051757, -0.120233, -0.018118, -0.780647, 0.624685, 0.026342, -0.080731, -0.621629, -0.7791, -0.018688, 0.0, 0.0, 0.0, 1.0],
                [0.99659, -0.058362, -0.058327, -0.120233, -0.016796, -0.835595, 0.549063, 0.028591, -0.080786, -0.546236, -0.833687, -0.011314, 0.0, 0.0, 0.0, 1.0],
                [0.996608, -0.058099, -0.058274, -0.120232, -0.015802, -0.830126, 0.557325, 0.030899, -0.080759, -0.55454, -0.82819, -0.00375, 0.0, 0.0, 0.0, 1.0],
                [0.996626, -0.058445, -0.057616, -0.120232, -0.015138, -0.820918, 0.570819, 0.033226, -0.080664, -0.568047, -0.818996, 0.003877, 0.0, 0.0, 0.0, 1.0],
                [0.996671, -0.067393, -0.045885, -0.120231, -0.014335, -0.698901, 0.715049, 0.035534, -0.080262, -0.712034, -0.697501, 0.01144, 0.0, 0.0, 0.0, 1.0],
                [0.996772, -0.07432, -0.030374, -0.120231, -0.012474, -0.517097, 0.855814, 0.037784, -0.079314, -0.852685, -0.516316, 0.018814, 0.0, 0.0, 0.0, 1.0],
                [0.996899, -0.072316, -0.031017, -0.12023, -0.009384, -0.500652, 0.865581, 0.039939, -0.078128, -0.862606, -0.499743, 0.02588, 0.0, 0.0, 0.0, 1.0],
                [0.997002, -0.063312, -0.044481, -0.12023, -0.006022, -0.636623, 0.771139, 0.041968, -0.077144, -0.768549, -0.635065, 0.032529, 0.0, 0.0, 0.0, 1.0],
                [0.997049, -0.050179, -0.05809, -0.120229, -0.004095, -0.790449, 0.612503, 0.043841, -0.076656, -0.61044, -0.788294, 0.038668, 0.0, 0.0, 0.0, 1.0],
                [0.997068, -0.03659, -0.067204, -0.120229, -0.003277, -0.897866, 0.440243, 0.045534, -0.076452, -0.43871, -0.895325, 0.044215, 0.0, 0.0, 0.0, 1.0],
                [0.997084, -0.021459, -0.073232, -0.120229, -0.002502, -0.968315, 0.249693, 0.047026, -0.076273, -0.248756, -0.965517, 0.049108, 0.0, 0.0, 0.0, 1.0],
                [0.997096, -0.006357, -0.075884, -0.120228, -0.001839, -0.99822, 0.059479, 0.048304, -0.076131, -0.059138, -0.995304, 0.053295, 0.0, 0.0, 0.0, 1.0],
                [0.997105, 0.007905, -0.075623, -0.120228, -0.001321, -0.992625, -0.121136, 0.049356, -0.076027, 0.120916, -0.989711, 0.056744, 0.0, 0.0, 0.0, 1.0],
                [0.997111, 0.020926, -0.073021, -0.120228, -0.000955, -0.957773, -0.28748, 0.050176, -0.075957, 0.286751, -0.954954, 0.059432, 0.0, 0.0, 0.0, 1.0],
                [0.997114, 0.032385, -0.068665, -0.120228, -0.000745, -0.90024, -0.435357, 0.050761, -0.075917, 0.434185, -0.897585, 0.061349, 0.0, 0.0, 0.0, 1.0],
                [0.997115, 0.041391, -0.063624, -0.120228, -0.000686, -0.833288, -0.552806, 0.051111, -0.075901, 0.551288, -0.830822, 0.062494, 0.0, 0.0, 0.0, 1.0],
                [0.997115, 0.043251, -0.06238, -0.120228, -0.000781, -0.815911, -0.578144, 0.051226, -0.075905, 0.576558, -0.813489, 0.062873, 0.0, 0.0, 0.0, 1.0],
