{
    "animation": [
        {
            "name": "Root",
            "time": [0.0, 0.0167, 0.0333, 0.05, 0.0667, 0.0833, 0.1, 0.1167, 0.1333, 0.15, 0.1667, 0.1833, 0.2, 0.2167, 0.2333, 0.25, 0.2667, 0.2833, 0.3, 0.3167, 0.3333, 0.35, 0.3667, 0.3833, 0.4, 0.4167, 0.4333, 0.45, 0.4667, 0.4833, 0.5, 0.5167, 0.5333, 0.55, 0.5667, 0.5833, 0.6, 0.6167, 0.6333, 0.65, 0.6667, 0.6833, 0.7, 0.7167, 0.7333, 0.75, 0.7667, 0.7833, 0.8, 0.8167, 0.8333, 0.85, 0.8667, 0.8833, 0.9, 0.9167, 0.9333],
            "transform": [
                [0.997126, 0.0, -0.075768, -0.007513, -0.075768, 0.0, -0.997126, 0.000946, 0.0, 1.0, 0.0, 0.642667, 0.0, 0.0, 0.0, 1.0],
                [0.997223, 0.0, -0.074474, -0.007421, -0.074474, 0.0, -0.997223, 0.000946, 0.0, 1.0, 0.0, 0.635713, 0.0, 0.0, 0.0, 1.0],
                [0.997526, 0.0, -0.070296, -0.007134, -0.070296, 0.0, -0.997526, 0.000946, 0.0, 1.0, 0.0, 0.616125, 0.0, 0.0, 0.0, 1.0],
                [0.997982, 0.0, -0.063496, -0.006639, -0.063496, 0.0, -0.997982, 0.000946, 0.0, 1.0, 0.0, 0.590974, 0.0, 0.0, 0.0, 1.0],
                [0.998464, 0.0, -0.055406, -0.005941, -0.055406, 0.0, -0.998464, 0.000946, 0.0, 1.0, 0.0, 0.571386, 0.0, 0.0, 0.0, 1.0],
                [0.998873, 0.0, -0.047457, -0.005068, -0.047457, 0.0, -0.998873, 0.000946, 0.0, 1.0, 0.0, 0.564432, 0.0, 0.0, 0.0, 1.0],
                [0.999269, 0.0, -0.038229, -0.004071, -0.038229, 0.0, -0.999269, 0.000946, 0.0, 1.0, 0.0, 0.573153, 0.0, 0.0, 0.0, 1.0],
                [0.999604, 0.0, -0.028146, -0.003013, -0.028146, 0.0, -0.999604, 0.000946, 0.0, 1.0, 0.0, 0.598815, 0.0, 0.0, 0.0, 1.0],
                [0.99984, 0.0, -0.01787, -0.001954, -0.01787, 0.0, -0.99984, 0.000946, 0.0, 1.0, 0.0, 0.634714, 0.0, 0.0, 0.0, 1.0],
                [0.999965, 0.0, -0.00832, -0.000942, -0.00832, 0.0, -0.999965, 0.000946, 0.0, 1.0, 0.0, 0.66841, 0.0, 0.0, 0.0, 1.0],
                [1.0, 0.0, -0.0, -5e-06, -0.0, 0.0, -1.0, 0.000946, 0.0, 1.0, 0.0, 0.6908, 0.0, 0.0, 0.0, 1.0],
                [0.999978, 0.0, 0.006608, 0.001286, 0.006608, 0.0, -0.999978, 0.000946, 0.0, 1.0, 0.0, 0.703321, 0.0, 0.0, 0.0, 1.0],
                [0.99992, 0.0, 0.012682, 0.002758, 0.012682, 0.0, -0.99992, 0.000946, 0.0, 1.0, 0.0, 0.713569, 0.0, 0.0, 0.0, 1.0],
                [0.999829, 0.0, 0.018511, 0.004255, 0.018511, 0.0, -0.999829, 0.000946, 0.0, 1.0, 0.0, 0.722293, 0.0, 0.0, 0.0, 1.0],
                [0.999707, 0.0, 0.024219, 0.005736, 0.024219, 0.0, -0.999707, 0.000946, 0.0, 1.0, 0.0, 0.729781, 0.0, 0.0, 0.0, 1.0],
                [0.999554, 0.0, 0.029873, 0.007183, 0.029873, 0.0, -0.999554, 0.000946, 0.0, 1.0, 0.0, 0.736159, 0.0, 0.0, 0.0, 1.0],
                [0.999369, 0.0, 0.03552, 0.008585, 0.03552, 0.0, -0.999369, 0.000946, 0.0, 1.0, 0.0, 0.741475, 0.0, 0.0, 0.0, 1.0],
                [0.999151, 0.0, 0.041194, 0.009932, 0.041194, 0.0, -0.999151, 0.000946, 0.0, 1.0, 0.0, 0.74573, 0.0, 0.0, 0.0, 1.0],
                [0.998898, 0.0, 0.046927, 0.011218, 0.046927, 0.0, -0.998898, 0.000946, 0.0, 1.0, 0.0, 0.748883, 0.0, 0.0, 0.0, 1.0],
                [0.998608, 0.0, 0.052747, 0.012434, 0.052747, 0.0, -0.998608, 0.000946, 0.0, 1.0, 0.0, 0.750862, 0.0, 0.0, 0.0, 1.0],
                [0.998277, 0.0, 0.058686, 0.013573, 0.058686, 0.0, -0.998277, 0.000946, 0.0, 1.0, 0.0, 0.751554, 0.0, 0.0, 0.0, 1.0],
                [0.99782, 0.0, 0.065993, 0.014628, 0.065993, 0.0, -0.99782, 0.000946, 0.0, 1.0, 0.0, 0.7471, 0.0, 0.0, 0.0, 1.0],
                [0.997218, 0.0, 0.074538, 0.015589, 0.074538, 0.0, -0.997218, 0.000946, 0.0, 1.0, 0.0, 0.736652, 0.0, 0.0, 0.0, 1.0],
                [0.996538, 0.0, 0.08314, 0.016447, 0.08314, 0.0, -0.996538, 0.000946, 0.0, 1.0, 0.0, 0.722858, 0.0, 0.0, 0.0, 1.0],
                [0.995842, 0.0, 0.091098, 0.01719, 0.091098, 0.0, -0.995842, 0.000946, 0.0, 1.0, 0.0, 0.707222, 0.0, 0.0, 0.0, 1.0],
                [0.995194, 0.0, 0.097922, 0.017803, 0.097922, 0.0, -0.995194, 0.000946, 0.0, 1.0, 0.0, 0.690731, 0.0, 0.0, 0.0, 1.0],
                [0.994659, 0.0, 0.103219, 0.01827, 0.103219, 0.0, -0.994659, 0.000946, 0.0, 1.0, 0.0, 0.674105, 0.0, 0.0, 0.0, 1.0],
                [0.994297, 0.0, 0.106643, 0.01857, 0.106643, 0.0, -0.994297, 0.000946, 0.0, 1.0, 0.0, 0.657919, 0.0, 0.0, 0.0, 1.0],
                [0.994166, 0.0, 0.10786, 0.018678, 0.10786, 0.0, -0.994166, 0.000946, 0.0, 1.0, 0.0, 0.642667, 0.0, 0.0, 0.0, 1.0],
                [0.994412, 0.0, 0.105566, 0.018548, 0.105566, 0.0, -0.994412, 0.000946, 0.0, 1.0, 0.0, 0.624637, 0.0, 0.0, 0.0, 1.0],
                [0.995152, 0.0, 0.098345, 0.018256, 0.098345, 0.0, -0.995152, 0.000946, 0.0, 1.0, 0.0, 0.603006, 0.0, 0.0, 0.0, 1.0],
                [0.996206, 0.0, 0.087025, 0.017863, 0.087025, 0.0, -0.996206, 0.000946, 0.0, 1.0, 0.0, 0.582547, 0.0, 0.0, 0.0, 1.0],
                [0.997241, 0.0, 0.074229, 0.017394, 0.074229, 0.0, -0.997241, 0.000946, 0.0, 1.0, 0.0, 0.568892, 0.0, 0.0, 0.0, 1.0],
                [0.998048, 0.0, 0.062457, 0.016862, 0.062457, 0.0, -0.998048, 0.000946, 0.0, 1.0, 0.0, 0.564432, 0.0, 0.0, 0.0, 1.0],
                [0.998753, 0.0, 0.049927, 0.016272, 0.049927, 0.0, -0.998753, 0.000946, 0.0, 1.0, 0.0, 0.571771, 0.0, 0.0, 0.0, 1.0],
                [0.999324, 0.0, 0.036768, 0.015628, 0.036768, 0.0, -0.999324, 0.000946, 0.0, 1.0, 0.0, 0.59339, 0.0, 0.0, 0.0, 1.0],
                [0.999721, 0.0, 0.0236, 0.014929, 0.0236, 0.0, -0.999721, 0.000946, 0.0, 1.0, 0.0, 0.623687, 0.0, 0.0, 0.0, 1.0],
                [0.999937, 0.0, 0.011215, 0.014175, 0.011215, 0.0, -0.999937, 0.000946, 0.0, 1.0, 0.0, 0.652226, 0.0, 0.0, 0.0, 1.0],
                [1.0, 0.0, -0.0, 0.013361, -0.0, 0.0, -1.0, 0.000946, 0.0, 1.0, 0.0, 0.671339, 0.0, 0.0, 0.0, 1.0],
                [0.999935, 0.0, -0.011437, 0.011982, -0.011437, 0.0, -0.999935, 0.000946, 0.0, 1.0, 0.0, 0.682245, 0.0, 0.0, 0.0, 1.0],
                [0.999713, 0.0, -0.023964, 0.010362, -0.023964, 0.0, -0.999713, 0.000946, 0.0, 1.0, 0.0, 0.691304, 0.0, 0.0, 0.0, 1.0],
                [0.999338, 0.0, -0.036368, 0.008701, -0.036368, 0.0, -0.999338, 0.000946, 0.0, 1.0, 0.0, 0.69909, 0.0, 0.0, 0.0, 1.0],
                [0.998842, 0.0, -0.048104, 0.007048, -0.048104, 0.0, -0.998842, 0.000946, 0.0, 1.0, 0.0, 0.705818, 0.0, 0.0, 0.0, 1.0],
                [0.998268, 0.0, -0.058825, 0.005429, -0.058825, 0.0, -0.998268, 0.000946, 0.0, 1.0, 0.0, 0.71158, 0.0, 0.0, 0.0, 1.0],
                [0.997668, 0.0, -0.068253, 0.003857, -0.068253, 0.0, -0.997668, 0.000946, 0.0, 1.0, 0.0, 0.716404, 0.0, 0.0, 0.0, 1.0],
                [0.997098, 0.0, -0.076127, 0.002345, -0.076127, 0.0, -0.997098, 0.000946, 0.0, 1.0, 0.0, 0.720278, 0.0, 0.0, 0.0, 1.0],
                [0.996618, 0.0, -0.082175, 0.0009, -0.082175, 0.0, -0.996618, 0.000946, 0.0, 1.0, 0.0, 0.723159, 0.0, 0.0, 0.0, 1.0],
                [0.996288, 0.0, -0.086086, -0.000469, -0.086086, 0.0, -0.996288, 0.000946, 0.0, 1.0, 0.0, 0.724972, 0.0, 0.0, 0.0, 1.0],
                [0.996166, 0.0, -0.087487, -0.001752, -0.087487, 0.0, -0.996166, 0.000946, 0.0, 1.0, 0.0, 0.725607, 0.0, 0.0, 0.0, 1.0],
                [0.996235, 0.0, -0.086696, -0.002941, -0.086696, 0.0, -0.996235, 0.000946, 0.0, 1.0, 0.0, 0.720001, 0.0, 0.0, 0.0, 1.0],
                [0.996385, 0.0, -0.084954, -0.004025, -0.084954, 0.0, -0.996385, 0.000946, 0.0, 1.0, 0.0, 0.707672, 0.0, 0.0, 0.0, 1.0],
                [0.996563, 0.0, -0.082843, -0.004993, -0.082843, 0.0, -0.996563, 0.000946, 0.0, 1.0, 0.0, 0.692729, 0.0, 0.0, 0.0, 1.0],
                [0.996738, 0.0, -0.0807, -0.005832, -0.0807, 0.0, -0.996738, 0.000946, 0.0, 1.0, 0.0, 0.677566, 0.0, 0.0, 0.0, 1.0],
                [0.996894, 0.0, -0.078756, -0.006524, -0.078756, 0.0, -0.996894, 0.000946, 0.0, 1.0, 0.0, 0.663811, 0.0, 0.0, 0.0, 1.0],
                [0.997017, 0.0, -0.077188, -0.007052, -0.077188, 0.0, -0.997017, 0.000946, 0.0, 1.0, 0.0, 0.652714, 0.0, 0.0, 0.0, 1.0],
                [0.997097, 0.0, -0.076146, -0.007391, -0.076146, 0.0, -0.997097, 0.000946, 0.0, 1.0, 0.0, 0.64534, 0.0, 0.0, 0.0, 1.0],
                [0.997126, 0.0, -0.075768, -0.007513, -0.075768, 0.0, -0.997126, 0.000946, 0.0, 1.0, 0.0, 0.642667, 0.0, 0.0, 0.0, 1.0]
            ]
        },
        {
            "name": "Thigh_R",
            "time": [0.0, 0.0167, 0.0333, 0.05, 0.0667, 0.0833, 0.1, 0.1167, 0.1333, 0.15, 0.1667, 0.1833, 0.2, 0.2167, 0.2333, 0.25, 0.2667, 0.2833, 0.3, 0.3167, 0.3333, 0.35, 0.3667, 0.3833, 0.4, 0.4167, 0.4333, 0.45, 0.4667, 0.4833, 0.5, 0.5167, 0.5333, 0.55, 0.5667, 0.5833, 0.6, 0.6167, 0.6333, 0.65, 0.6667, 0.6833, 0.7, 0.7167, 0.7333, 0.75, 0.7667, 0.7833, 0.8, 0.8167, 0.8333, 0.85, 0.8667, 0.8833, 0.9, 0.9167, 0.9333],
            "transform": [
                [0.997113, 0.016648, -0.074091, 0.124994, 0.001466, -0.979704, -0.200381, -0.002831, -0.075927, 0.199723, -0.97688, -1.2e-05, 0.0, 0.0, 0.0, 1.0],
                [0.99721, 0.015923, -0.072929, 0.124994, 0.001451, -0.980928, -0.194303, -0.002831, -0.074635, 0.193683, -0.978195, -1.2e-05, 0.0, 0.0, 0.0, 1.0],
                [0.997513, 0.013404, -0.069191, 0.124994, 0.001402, -0.985322, -0.170628, -0.002831, -0.070466, 0.170135, -0.982872, -1.2e-05, 0.0, 0.0, 0.0, 1.0],
                [0.99797, 0.009125, -0.063033, 0.124994, 0.001322, -0.992429, -0.122711, -0.002831, -0.063678, 0.122406, -0.990409, -1.2e-05, 0.0, 0.0, 0.0, 1.0],
                [0.998453, 0.004058, -0.055461, 0.124994, 0.00123, -0.998692, -0.050893, -0.002831, -0.055597, 0.050773, -0.997134, -1.2e-05, 0.0, 0.0, 0.0, 1.0],
                [0.998864, -0.000672, -0.04765, 0.124994, 0.001152, -0.999256, 0.038272, -0.002831, -0.047642, -0.038258, -0.998103, -1.2e-05, 0.0, 0.0, 0.0, 1.0],
                [0.999263, -0.005165, -0.038038, 0.124994, 0.001075, -0.986742, 0.162242, -0.002831, -0.038374, -0.162139, -0.985991, -1.2e-05, 0.0, 0.0, 0.0, 1.0],
                [0.999601, -0.007344, -0.027257, 0.124994, 0.000996, -0.955769, 0.294092, -0.002831, -0.028212, -0.29398, -0.955362, -1.2e-05, 0.0, 0.0, 0.0, 1.0],
                [0.99984, -0.006568, -0.01661, 0.124994, 0.000924, -0.909644, 0.415374, -0.002831, -0.017838, -0.415304, -0.909471, -1.2e-05, 0.0, 0.0, 0.0, 1.0],
                [0.999966, -0.003449, -0.007485, 0.124994, 0.000866, -0.85925, 0.511546, -0.002831, -0.008197, -0.511519, -0.859193, -1.2e-05, 0.0, 0.0, 0.0, 1.0],
                [1.0, 0.000786, -0.000321, 0.124994, 0.000825, -0.811093, 0.584908, -0.002831, 0.000199, -0.584895, -0.811068, -1.2e-05, 0.0, 0.0, 0.0, 1.0],
                [0.999976, 0.005065, 0.004717, 0.124994, 0.000799, -0.761412, 0.648259, -0.002831, 0.006876, -0.648229, -0.761371, -1.2e-05, 0.0, 0.0, 0.0, 1.0],
                [0.999915, 0.009691, 0.008713, 0.124994, 0.000771, -0.711429, 0.702749, -0.002831, 0.01301, -0.702674, -0.711347, -1.2e-05, 0.0, 0.0, 0.0, 1.0],
                [0.999821, 0.014587, 0.012021, 0.124994, 0.000743, -0.665792, 0.746127, -0.002831, 0.018888, -0.745979, -0.665654, -1.2e-05, 0.0, 0.0, 0.0, 1.0],
                [0.999696, 0.019631, 0.014894, 0.124994, 0.000715, -0.627292, 0.778773, -0.002831, 0.024632, -0.778523, -0.627085, -1.2e-05, 0.0, 0.0, 0.0, 1.0],
                [0.99954, 0.024725, 0.017545, 0.124994, 0.000692, -0.597176, 0.802097, -0.002831, 0.03031, -0.801716, -0.596888, -1.2e-05, 0.0, 0.0, 0.0, 1.0],
                [0.999353, 0.029793, 0.020166, 0.124994, 0.000673, -0.575922, 0.81749, -0.002831, 0.03597, -0.816951, -0.575538, -1.2e-05, 0.0, 0.0, 0.0, 1.0],
                [0.999132, 0.034786, 0.022913, 0.124994, 0.00066, -0.563242, 0.826276, -0.002831, 0.04165, -0.82555, -0.562745, -1.2e-05, 0.0, 0.0, 0.0, 1.0],
                [0.998876, 0.039684, 0.025894, 0.124994, 0.000655, -0.557987, 0.829832, -0.002831, 0.047382, -0.828892, -0.557354, -1.2e-05, 0.0, 0.0, 0.0, 1.0],
                [0.998584, 0.044489, 0.029175, 0.124994, 0.000658, -0.558687, 0.829361, -0.002831, 0.053199, -0.828177, -0.557893, -1.2e-05, 0.0, 0.0, 0.0, 1.0],
                [0.99825, 0.049251, 0.032737, 0.124994, 0.000672, -0.562991, 0.826444, -0.002831, 0.059136, -0.824988, -0.562007, -1.2e-05, 0.0, 0.0, 0.0, 1.0],
                [0.99779, 0.054498, 0.03802, 0.124994, 0.00071, -0.580891, 0.813962, -0.002831, 0.066448, -0.81215, -0.579613, -1.2e-05, 0.0, 0.0, 0.0, 1.0],
                [0.997183, 0.059504, 0.045655, 0.124994, 0.000752, -0.616652, 0.787216, -0.002831, 0.074999, -0.784979, -0.614928, -1.2e-05, 0.0, 0.0, 0.0, 1.0],
                [0.996498, 0.063297, 0.054634, 0.124994, 0.00079, -0.660513, 0.750794, -0.002831, 0.083612, -0.748138, -0.658218, -1.2e-05, 0.0, 0.0, 0.0, 1.0],
                [0.995797, 0.065407, 0.064114, 0.124994, 0.000818, -0.706349, 0.707843, -0.002831, 0.091588, -0.704833, -0.703401, -1.2e-05, 0.0, 0.0, 0.0, 1.0],
                [0.995143, 0.065948, 0.073079, 0.124994, 0.000835, -0.74804, 0.663632, -0.002831, 0.098435, -0.660367, -0.74443, -1.2e-05, 0.0, 0.0, 0.0, 1.0],
                [0.994601, 0.066496, 0.07966, 0.124994, 0.000855, -0.772926, 0.634475, -0.002831, 0.103765, -0.631001, -0.768779, -1.2e-05, 0.0, 0.0, 0.0, 1.0],
                [0.994231, 0.07081, 0.080554, 0.124994, 0.000913, -0.756643, 0.653807, -0.002831, 0.107251, -0.649981, -0.752311, -1.2e-05, 0.0, 0.0, 0.0, 1.0],
                [0.994091, 0.07797, 0.07552, 0.124994, 0.000993, -0.702252, 0.711907, -0.002831, 0.108545, -0.707644, -0.698148, -1.2e-05, 0.0, 0.0, 0.0, 1.0],
                [0.99433, 0.084241, 0.064884, 0.124994, 0.001065, -0.618077, 0.786095, -0.002831, 0.106329, -0.781587, -0.614631, -1.2e-05, 0.0, 0.0, 0.0, 1.0],
                [0.995072, 0.084778, 0.051429, 0.124994, 0.001092, -0.528013, 0.849215, -0.002831, 0.099154, -0.844989, -0.525472, -1.2e-05, 0.0, 0.0, 0.0, 1.0],
                [0.996134, 0.078373, 0.039667, 0.124994, 0.001065, -0.462353, 0.886676, -0.002831, 0.087835, -0.883217, -0.460619, -1.2e-05, 0.0, 0.0, 0.0, 1.0],
                [0.997183, 0.067739, 0.032201, 0.124994, 0.001009, -0.441432, 0.897276, -0.002831, 0.074998, -0.894724, -0.440227, -1.2e-05, 0.0, 0.0, 0.0, 1.0],
                [0.998003, 0.056427, 0.028389, 0.124994, 0.000953, -0.462862, 0.886414, -0.002831, 0.06316, -0.88462, -0.461962, -1.2e-05, 0.0, 0.0, 0.0, 1.0],
                [0.998723, 0.043261, 0.026107, 0.124994, 0.000894, -0.531745, 0.84689, -0.002831, 0.050521, -0.845785, -0.531075, -1.2e-05, 0.0, 0.0, 0.0, 1.0],
                [0.999307, 0.029051, 0.02327, 0.124994, 0.000823, -0.642275, 0.766463, -0.002831, 0.037213, -0.765908, -0.641825, -1.2e-05, 0.0, 0.0, 0.0, 1.0],
                [0.999714, 0.016009, 0.017744, 0.124994, 0.00074, -0.762844, 0.646573, -0.002831, 0.023888, -0.646368, -0.762608, -1.2e-05, 0.0, 0.0, 0.0, 1.0],
                [0.999935, 0.006362, 0.009452, 0.124994, 0.000655, -0.860319, 0.509749, -0.002831, 0.011375, -0.5097, -0.860236, -1.2e-05, 0.0, 0.0, 0.0, 1.0],
                [1.0, 0.000574, -0.000157, 0.124994, 0.00059, -0.923957, 0.382491, -0.002831, 7.4e-05, -0.382479, -0.923925, -1.2e-05, 0.0, 0.0, 0.0, 1.0],
                [0.999935, -0.002626, -0.011122, 0.124994, 0.000569, -0.9606, 0.277928, -0.002831, -0.011415, -0.277902, -0.960503, -1.2e-05, 0.0, 0.0, 0.0, 1.0],
                [0.999712, -0.003587, -0.023714, 0.124994, 0.000587, -0.984795, 0.173705, -0.002831, -0.023978, -0.173653, -0.984478, -1.2e-05, 0.0, 0.0, 0.0, 1.0],
                [0.999337, -0.001846, -0.036362, 0.124994, 0.000635, -0.997674, 0.068122, -0.002831, -0.036405, -0.068082, -0.99698, -1.2e-05, 0.0, 0.0, 0.0, 1.0],
                [0.99884, 0.002496, -0.04809, 0.124994, 0.000709, -0.999306, -0.037111, -0.002831, -0.048151, 0.037054, -0.998119, -1.2e-05, 0.0, 0.0, 0.0, 1.0],
                [0.998265, 0.008978, -0.058185, 0.124994, 0.000801, -0.990283, -0.139021, -0.002831, -0.05887, 0.138756, -0.988543, -1.2e-05, 0.0, 0.0, 0.0, 1.0],
                [0.997665, 0.016837, -0.066183, 0.124994, 0.000904, -0.9723, -0.233703, -0.002831, -0.068287, 0.233121, -0.970016, -1.2e-05, 0.0, 0.0, 0.0, 1.0],
                [0.997096, 0.025042, -0.071915, 0.124994, 0.001007, -0.948637, -0.316334, -0.002831, -0.076146, 0.315368, -0.945879, -1.2e-05, 0.0, 0.0, 0.0, 1.0],
                [0.996617, 0.03228, -0.075578, 0.124994, 0.001102, -0.924797, -0.380431, -0.002831, -0.082178, 0.379086, -0.921676, -1.2e-05, 0.0, 0.0, 0.0, 1.0],
                [0.996287, 0.037038, -0.077712, 0.124994, 0.001178, -0.908499, -0.417857, -0.002831, -0.086081, 0.416241, -0.905142, -1.2e-05, 0.0, 0.0, 0.0, 1.0],
                [0.996165, 0.037866, -0.078877, 0.124994, 0.001228, -0.907468, -0.42009, -0.002831, -0.087489, 0.418408, -0.904007, -1.2e-05, 0.0, 0.0, 0.0, 1.0],
                [0.996232, 0.03479, -0.079445, 0.124994, 0.001271, -0.921778, -0.387684, -0.002831, -0.086722, 0.38615, -0.918322, -1.2e-05, 0.0, 0.0, 0.0, 1.0],
                [0.996379, 0.030351, -0.079418, 0.124994, 0.001321, -0.939525, -0.342441, -0.002831, -0.085012, 0.341124, -0.936138, -1.2e-05, 0.0, 0.0, 0.0, 1.0],
                [0.996554, 0.026168, -0.078703, 0.124994, 0.001366, -0.953974, -0.299846, -0.002831, -0.08293, 0.298733, -0.950699, -1.2e-05, 0.0, 0.0, 0.0, 1.0],
                [0.996729, 0.022703, -0.077568, 0.124994, 0.001403, -0.96445, -0.264215, -0.002831, -0.080812, 0.26327, -0.961305, -1.2e-05, 0.0, 0.0, 0.0, 1.0],
                [0.996883, 0.020047, -0.076309, 0.124994, 0.001431, -0.971609, -0.236534, -0.002831, -0.078888, 0.235716, -0.968588, -1.2e-05, 0.0, 0.0, 0.0, 1.0],
                [0.997004, 0.018169, -0.075181, 0.124994, 0.00145, -0.976234, -0.216658, -0.002831, -0.077334, 0.215929, -0.973315, -1.2e-05, 0.0, 0.0, 0.0, 1.0],
                [0.997084, 0.017037, -0.074387, 0.124994, 0.001462, -0.978839, -0.204567, -0.002831, -0.076301, 0.20389, -0.97599, -1.2e-05, 0.0, 0.0, 0.0, 1.0],
                [0.997113, 0.016648, -0.074091, 0.124994, 0.001466, -0.979704, -0.200381, -0.002831, -0.075927, 0.199723, -0.97688, -1.2e-05, 0.0, 0.0, 0.0, 1.0]
            ]
        },
        {
            "name": "Leg_R",
            "time": [0.0, 0.0167, 0.0333, 0.05, 0.0667, 0.0833, 0.1, 0.1167, 0.1333, 0.15, 0.1667, 0.1833, 0.2, 0.2167, 0.2333, 0.25, 0.2667, 0.2833, 0.3, 0.3167, 0.3333, 0.35, 0.3667, 0.3833, 0.4, 0.4167, 0.4333, 0.45, 0.4667, 0.4833, 0.5, 0.5167, 0.5333, 0.55, 0.5667, 0.5833, 0.6, 0.6167, 0.6333, 0.65, 0.6667, 0.6833, 0.7, 0.7167, 0.7333, 0.75, 0.7667, 0.7833, 0.8, 0.8167, 0.8333, 0.85, 0.8667, 0.8833, 0.9, 0.9167, 0.9333],
            "transform": [
                [0.999999, -0.001012, -0.000758, -0.0, 0.001116, 0.425258, 0.905054, 0.375166, -0.000594, -0.905093, 0.425271, 0.0, 0.0, 0.0, 0.0, 1.0],
                [0.999999, -0.001019, -0.000773, -0.0, 0.001124, 0.412043, 0.911146, 0.375166, -0.00061, -0.911185, 0.412057, 0.0, 0.0, 0.0, 0.0, 1.0],
                [0.999999, -0.00104, -0.000822, 0.0, 0.001147, 0.367402, 0.930044, 0.375166, -0.000665, -0.930084, 0.367414, 0.0, 0.0, 0.0, 0.0, 1.0],
                [0.999999, -0.00107, -0.000908, 0.0, 0.00118, 0.290829, 0.956758, 0.375166, -0.00076, -0.956796, 0.290841, -0.0, 0.0, 0.0, 0.0, 1.0],
                [0.999999, -0.001097, -0.001014, 0.0, 0.001209, 0.19571, 0.980645, 0.375166, -0.000877, -0.980682, 0.195722, 0.0, 0.0, 0.0, 0.0, 1.0],
                [0.999999, -0.001113, -0.001121, -0.0, 0.001227, 0.100042, 0.994967, 0.375166, -0.000995, -0.995002, 0.100053, -0.0, 0.0, 0.0, 0.0, 1.0],
                [0.999998, -0.001118, -0.001226, -0.0, 0.001233, 0.006208, 0.999965, 0.375166, -0.001111, -0.999998, 0.006218, -0.0, 0.0, 0.0, 0.0, 1.0],
                [0.999998, -0.001117, -0.001282, 0.0, 0.001232, -0.043598, 0.999033, 0.375166, -0.001172, -0.999065, -0.043589, 0.0, 0.0, 0.0, 0.0, 1.0],
                [0.999999, -0.001117, -0.001284, -0.0, 0.001232, -0.045616, 0.998944, 0.375166, -0.001175, -0.998976, -0.045607, -0.0, 0.0, 0.0, 0.0, 1.0],
                [0.999999, -0.001118, -0.001252, 0.0, 0.001233, -0.017094, 0.999838, 0.375166, -0.001139, -0.99987, -0.017084, 0.0, 0.0, 0.0, 0.0, 1.0],
                [0.999999, -0.001118, -0.001217, 0.0, 0.001233, 0.014987, 0.999872, 0.375166, -0.0011, -0.999905, 0.014997, -0.0, 0.0, 0.0, 0.0, 1.0],
                [0.999999, -0.001117, -0.001191, -0.0, 0.001232, 0.038083, 0.999259, 0.375166, -0.001071, -0.999292, 0.038093, -0.0, 0.0, 0.0, 0.0, 1.0],
                [0.999999, -0.001115, -0.001153, -0.0, 0.00123, 0.071797, 0.997404, 0.375166, -0.00103, -0.997437, 0.071807, -0.0, 0.0, 0.0, 0.0, 1.0],
                [0.999999, -0.00111, -0.001101, -0.0, 0.001225, 0.117977, 0.993001, 0.375166, -0.000973, -0.993034, 0.117988, -0.0, 0.0, 0.0, 0.0, 1.0],
                [0.999999, -0.001101, -0.001036, -0.0, 0.001214, 0.175985, 0.984377, 0.375166, -0.000901, -0.984412, 0.175996, 0.0, 0.0, 0.0, 0.0, 1.0],
                [0.999999, -0.001085, -0.000961, -0.0, 0.001196, 0.243567, 0.969868, 0.375166, -0.000818, -0.969904, 0.243579, 0.0, 0.0, 0.0, 0.0, 1.0],
                [0.999999, -0.00106, -0.000877, -0.0, 0.001169, 0.318292, 0.947976, 0.375166, -0.000726, -0.948012, 0.318305, -0.0, 0.0, 0.0, 0.0, 1.0],
                [0.999999, -0.001026, -0.000789, 0.0, 0.001132, 0.397242, 0.917696, 0.375166, -0.000628, -0.917733, 0.397255, -0.0, 0.0, 0.0, 0.0, 1.0],
                [0.999999, -0.000983, -0.0007, -0.0, 0.001084, 0.47654, 0.879135, 0.375166, -0.000531, -0.879172, 0.476553, 0.0, 0.0, 0.0, 0.0, 1.0],
                [1.0, -0.000932, -0.000616, 0.0, 0.001028, 0.552339, 0.833601, 0.375166, -0.000437, -0.833638, 0.552352, 0.0, 0.0, 0.0, 0.0, 1.0],
                [0.999999, -0.000878, -0.00054, 0.0, 0.000968, 0.619827, 0.784719, 0.375166, -0.000354, -0.784756, 0.61984, -0.0, 0.0, 0.0, 0.0, 1.0],
                [0.999999, -0.000818, -0.000471, -0.0, 0.000902, 0.681837, 0.731486, 0.375166, -0.000277, -0.731521, 0.681848, -0.0, 0.0, 0.0, 0.0, 1.0],
                [0.999999, -0.000727, -0.000383, 0.0, 0.000801, 0.760139, 0.649742, 0.375166, -0.000181, -0.649774, 0.760149, 0.0, 0.0, 0.0, 0.0, 1.0],
                [1.0, -0.00061, -0.000296, 0.0, 0.000673, 0.838211, 0.54533, 0.375166, -8.4e-05, -0.545357, 0.838218, 0.0, 0.0, 0.0, 0.0, 1.0],
                [1.0, -0.000475, -0.000221, -0.0, 0.000523, 0.905473, 0.424391, 0.375166, -2e-06, -0.42441, 0.905478, 0.0, 0.0, 0.0, 0.0, 1.0],
                [1.0, -0.000336, -0.000167, 0.0, 0.00037, 0.953877, 0.300188, 0.375166, 5.8e-05, -0.300199, 0.95388, -0.0, 0.0, 0.0, 0.0, 1.0],
                [1.0, -0.000239, -0.000141, 0.0, 0.000264, 0.976881, 0.213781, 0.375166, 8.7e-05, -0.213785, 0.976882, 0.0, 0.0, 0.0, 0.0, 1.0],
                [1.0, -0.000277, -0.00015, -0.0, 0.000306, 0.968758, 0.248002, 0.375166, 7.7e-05, -0.248008, 0.968759, 0.0, 0.0, 0.0, 0.0, 1.0],
                [1.0, -0.000425, -0.000199, -0.0, 0.000469, 0.924836, 0.380353, 0.375166, 2.2e-05, -0.380369, 0.92484, 0.0, 0.0, 0.0, 0.0, 1.0],
                [1.0, -0.000639, -0.000315, 0.0, 0.000704, 0.820851, 0.571124, 0.375166, -0.000106, -0.571153, 0.820859, -0.0, 0.0, 0.0, 0.0, 1.0],
                [0.999999, -0.000851, -0.000507, 0.0, 0.000938, 0.649102, 0.760682, 0.375166, -0.000318, -0.760718, 0.649115, 0.0, 0.0, 0.0, 0.0, 1.0],
                [0.999999, -0.001, -0.000732, -0.0, 0.001102, 0.44836, 0.893835, 0.375166, -0.000565, -0.893873, 0.448373, 0.0, 0.0, 0.0, 0.0, 1.0],
                [0.999999, -0.001075, -0.000924, -0.0, 0.001185, 0.276859, 0.960894, 0.375166, -0.000777, -0.96093, 0.276871, -0.0, 0.0, 0.0, 0.0, 1.0],
                [0.999999, -0.001103, -0.001047, -0.0, 0.001216, 0.166757, 0.985982, 0.375166, -0.000913, -0.986017, 0.166768, -0.0, 0.0, 0.0, 0.0, 1.0],
                [0.999999, -0.001111, -0.001106, 0.0, 0.001225, 0.113631, 0.993507, 0.375166, -0.000978, -0.993541, 0.113641, 0.0, 0.0, 0.0, 0.0, 1.0],
                [0.999999, -0.001107, -0.001076, -0.0, 0.001221, 0.1402, 0.990107, 0.375166, -0.000945, -0.990141, 0.140211, 0.0, 0.0, 0.0, 0.0, 1.0],
                [0.999999, -0.001086, -0.000968, -0.0, 0.001198, 0.237453, 0.971383, 0.375166, -0.000825, -0.971419, 0.237464, -0.0, 0.0, 0.0, 0.0, 1.0],
                [0.999999, -0.001042, -0.000826, 0.0, 0.001149, 0.363838, 0.931445, 0.375166, -0.00067, -0.931482, 0.363851, -0.0, 0.0, 0.0, 0.0, 1.0],
                [0.999999, -0.000984, -0.000703, 0.0, 0.001086, 0.47447, 0.880253, 0.375166, -0.000533, -0.880291, 0.474484, -0.0, 0.0, 0.0, 0.0, 1.0],
                [0.999999, -0.000944, -0.000633, 0.0, 0.001041, 0.536742, 0.843728, 0.375166, -0.000456, -0.843766, 0.536755, -0.0, 0.0, 0.0, 0.0, 1.0],
                [0.999999, -0.000909, -0.000583, 0.0, 0.001003, 0.581838, 0.813285, 0.375166, -0.000401, -0.813323, 0.581852, -0.0, 0.0, 0.0, 0.0, 1.0],
                [0.999999, -0.000871, -0.000532, -0.0, 0.00096, 0.627506, 0.778592, 0.375166, -0.000344, -0.77863, 0.62752, -0.0, 0.0, 0.0, 0.0, 1.0],
                [1.0, -0.000823, -0.000476, 0.0, 0.000907, 0.677447, 0.735552, 0.375166, -0.000283, -0.735589, 0.67746, 0.0, 0.0, 0.0, 0.0, 1.0],
                [1.0, -0.000764, -0.000416, 0.0, 0.000842, 0.730482, 0.682912, 0.375166, -0.000217, -0.682947, 0.730493, -0.0, 0.0, 0.0, 0.0, 1.0],
                [1.0, -0.000696, -0.000358, 0.0, 0.000768, 0.782745, 0.622323, 0.375166, -0.000153, -0.622356, 0.782755, -0.0, 0.0, 0.0, 0.0, 1.0],
                [1.0, -0.000625, -0.000306, 0.0, 0.00069, 0.828941, 0.559318, 0.375166, -9.6e-05, -0.559347, 0.828949, 0.0, 0.0, 0.0, 0.0, 1.0],
                [1.0, -0.000565, -0.000268, 0.0, 0.000623, 0.862816, 0.505502, 0.375166, -5.4e-05, -0.505528, 0.862823, -0.0, 0.0, 0.0, 0.0, 1.0],
                [0.999999, -0.000535, -0.000251, -0.0, 0.00059, 0.878095, 0.47847, 0.375166, -3.5e-05, -0.478494, 0.878101, 0.0, 0.0, 0.0, 0.0, 1.0],
                [1.0, -0.000555, -0.000262, -0.0, 0.000612, 0.868303, 0.496019, 0.375166, -4.7e-05, -0.496044, 0.868309, 0.0, 0.0, 0.0, 0.0, 1.0],
                [1.0, -0.000636, -0.000313, 0.0, 0.000701, 0.822626, 0.568565, 0.375166, -0.000104, -0.568595, 0.822635, 0.0, 0.0, 0.0, 0.0, 1.0],
                [1.0, -0.000741, -0.000396, -0.0, 0.000817, 0.749058, 0.662485, 0.375166, -0.000194, -0.66252, 0.749069, 0.0, 0.0, 0.0, 0.0, 1.0],
                [1.0, -0.000832, -0.000486, -0.0, 0.000918, 0.66792, 0.744213, 0.375166, -0.000295, -0.74425, 0.667933, 0.0, 0.0, 0.0, 0.0, 1.0],
                [0.999999, -0.000903, -0.000573, -0.0, 0.000995, 0.590379, 0.807107, 0.375166, -0.00039, -0.807145, 0.590393, 0.0, 0.0, 0.0, 0.0, 1.0],
                [0.999999, -0.000953, -0.000648, -0.0, 0.001051, 0.523298, 0.85213, 0.375166, -0.000473, -0.85217, 0.523312, 0.0, 0.0, 0.0, 0.0, 1.0],
                [0.999999, -0.000986, -0.000707, -0.0, 0.001088, 0.471032, 0.882097, 0.375166, -0.000537, -0.882137, 0.471046, 0.0, 0.0, 0.0, 0.0, 1.0],
                [0.999999, -0.001006, -0.000744, -0.0, 0.001109, 0.437292, 0.899301, 0.375166, -0.000579, -0.89934, 0.437305, 0.0, 0.0, 0.0, 0.0, 1.0],
                [0.999999, -0.001012, -0.000758, -0.0, 0.001116, 0.425258, 0.905054, 0.375166, -0.000594, -0.905093, 0.425271, 0.0, 0.0, 0.0, 0.0, 1.0]
            ]
        },
        {
            "name": "Knee_R",
            "time": [0.0, 0.0167, 0.0333, 0.05, 0.0667, 0.0833, 0.1, 0.1167, 0.1333, 0.15, 0.1667, 0.1833, 0.2, 0.2167, 0.2333, 0.25, 0.2667, 0.2833, 0.3, 0.3167, 0.3333, 0.35, 0.3667, 0.3833, 0.4, 0.4167, 0.4333, 0.45, 0.4667, 0.4833, 0.5, 0.5167, 0.5333, 0.55, 0.5667, 0.5833, 0.6, 0.6167, 0.6333, 0.65, 0.6667, 0.6833, 0.7, 0.7167, 0.7333, 0.75, 0.7667, 0.7833, 0.8, 0.8167, 0.8333, 0.85, 0.8667, 0.8833, 0.9, 0.9167, 0.9333],
            "transform": [
                [1.0, -6.6e-05, -4.3e-05, 4.7e-05, 5.7e-05, 0.984741, -0.174029, 0.333811, 5.4e-05, 0.174029, 0.98474, 0.099092, 0.0, 0.0, 0.0, 1.0],
                [1.0, -6.6e-05, -4.3e-05, 4.6e-05, 5.7e-05, 0.983975, -0.178308, 0.334616, 5.4e-05, 0.178308, 0.983975, 0.09889, 0.0, 0.0, 0.0, 1.0],
                [1.0, -6.6e-05, -4.2e-05, 4.4e-05, 5.7e-05, 0.981558, -0.191163, 0.337037, 5.4e-05, 0.191163, 0.981558, 0.098283, 0.0, 0.0, 0.0, 1.0],
                [1.0, -6.7e-05, -4.1e-05, 4e-05, 5.7e-05, 0.977271, -0.211995, 0.340975, 5.4e-05, 0.211995, 0.977271, 0.097296, 0.0, 0.0, 0.0, 1.0],
                [1.0, -6.8e-05, -3.9e-05, 3.5e-05, 5.7e-05, 0.970996, -0.239096, 0.346124, 5.4e-05, 0.239096, 0.970996, 0.096005, 0.0, 0.0, 0.0, 1.0],
                [1.0, -7e-05, -3.7e-05, 3e-05, 5.7e-05, 0.96298, -0.269572, 0.351958, 5.4e-05, 0.269572, 0.96298, 0.094542, 0.0, 0.0, 0.0, 1.0],
                [1.0, -7.1e-05, -3.5e-05, 2.4e-05, 5.7e-05, 0.954008, -0.29978, 0.357791, 5.4e-05, 0.29978, 0.954008, 0.093079, 0.0, 0.0, 0.0, 1.0],
                [1.0, -7.2e-05, -3.3e-05, 1.9e-05, 5.7e-05, 0.945301, -0.3262, 0.362941, 5.4e-05, 0.3262, 0.945301, 0.091788, 0.0, 0.0, 0.0, 1.0],
                [1.0, -7.2e-05, -3.1e-05, 1.6e-05, 5.7e-05, 0.93815, -0.34623, 0.366878, 5.4e-05, 0.34623, 0.93815, 0.090801, 0.0, 0.0, 0.0, 1.0],
                [1.0, -7.3e-05, -3e-05, 1.3e-05, 5.7e-05, 0.933541, -0.358472, 0.369299, 5.4e-05, 0.358472, 0.933541, 0.090194, 0.0, 0.0, 0.0, 1.0],
                [1.0, -7.3e-05, -3e-05, 1.3e-05, 5.7e-05, 0.931974, -0.362526, 0.370104, 5.4e-05, 0.362526, 0.931974, 0.089992, 0.0, 0.0, 0.0, 1.0],
                [1.0, -7.3e-05, -3e-05, 1.5e-05, 5.7e-05, 0.934802, -0.35517, 0.367884, 5.4e-05, 0.35517, 0.934802, 0.090267, 0.0, 0.0, 0.0, 1.0],
                [1.0, -7.2e-05, -3.1e-05, 1.9e-05, 5.7e-05, 0.939431, -0.34274, 0.36415, 5.4e-05, 0.34274, 0.93943, 0.090749, 0.0, 0.0, 0.0, 1.0],
                [1.0, -7.2e-05, -3.2e-05, 2.3e-05, 5.7e-05, 0.944397, -0.328807, 0.359987, 5.4e-05, 0.328807, 0.944397, 0.09131, 0.0, 0.0, 0.0, 1.0],
                [1.0, -7.1e-05, -3.4e-05, 2.8e-05, 5.7e-05, 0.949322, -0.314306, 0.355678, 5.4e-05, 0.314306, 0.949322, 0.091915, 0.0, 0.0, 0.0, 1.0],
                [1.0, -7.1e-05, -3.5e-05, 3.2e-05, 5.7e-05, 0.954044, -0.299666, 0.351351, 5.4e-05, 0.299666, 0.954044, 0.09255, 0.0, 0.0, 0.0, 1.0],
                [1.0, -7e-05, -3.6e-05, 3.7e-05, 5.7e-05, 0.958484, -0.285145, 0.347081, 5.4e-05, 0.285146, 0.958484, 0.093206, 0.0, 0.0, 0.0, 1.0],
                [1.0, -7e-05, -3.7e-05, 4.1e-05, 5.7e-05, 0.9626, -0.270926, 0.34292, 5.4e-05, 0.270926, 0.9626, 0.093879, 0.0, 0.0, 0.0, 1.0],
                [1.0, -6.9e-05, -3.8e-05, 4.5e-05, 5.7e-05, 0.966371, -0.257153, 0.338908, 5.4e-05, 0.257153, 0.966371, 0.094564, 0.0, 0.0, 0.0, 1.0],
                [1.0, -6.9e-05, -3.9e-05, 4.9e-05, 5.7e-05, 0.969786, -0.243957, 0.33508, 5.4e-05, 0.243957, 0.969786, 0.095261, 0.0, 0.0, 0.0, 1.0],
                [1.0, -6.8e-05, -4e-05, 5.3e-05, 5.7e-05, 0.972845, -0.231458, 0.331469, 5.4e-05, 0.231458, 0.972845, 0.095965, 0.0, 0.0, 0.0, 1.0],
                [1.0, -6.8e-05, -4e-05, 5.6e-05, 5.7e-05, 0.97555, -0.219779, 0.328107, 5.4e-05, 0.219779, 0.97555, 0.096677, 0.0, 0.0, 0.0, 1.0],
                [1.0, -6.7e-05, -4.1e-05, 6e-05, 5.7e-05, 0.977905, -0.209049, 0.32503, 5.4e-05, 0.20905, 0.977905, 0.097395, 0.0, 0.0, 0.0, 1.0],
                [1.0, -6.7e-05, -4.2e-05, 6.2e-05, 5.7e-05, 0.979917, -0.199408, 0.322275, 5.4e-05, 0.199408, 0.979917, 0.098118, 0.0, 0.0, 0.0, 1.0],
                [1.0, -6.6e-05, -4.2e-05, 6.5e-05, 5.7e-05, 0.981588, -0.191011, 0.319885, 5.4e-05, 0.191012, 0.981588, 0.098845, 0.0, 0.0, 0.0, 1.0],
                [1.0, -6.6e-05, -4.3e-05, 6.7e-05, 5.7e-05, 0.982919, -0.184039, 0.31791, 5.4e-05, 0.184039, 0.982919, 0.099575, 0.0, 0.0, 0.0, 1.0],
                [1.0, -6.6e-05, -4.3e-05, 6.9e-05, 5.7e-05, 0.983903, -0.178704, 0.316409, 5.4e-05, 0.178704, 0.983903, 0.100308, 0.0, 0.0, 0.0, 1.0],
                [1.0, -6.6e-05, -4.3e-05, 7e-05, 5.7e-05, 0.984522, -0.175261, 0.315454, 5.4e-05, 0.175261, 0.984522, 0.101044, 0.0, 0.0, 0.0, 1.0],
                [1.0, -6.6e-05, -4.3e-05, 7e-05, 5.7e-05, 0.984741, -0.174029, 0.315135, 5.4e-05, 0.174029, 0.98474, 0.10178, 0.0, 0.0, 0.0, 1.0],
                [1.0, -6.6e-05, -4.3e-05, 6.9e-05, 5.7e-05, 0.984741, -0.174029, 0.317034, 5.4e-05, 0.174029, 0.984741, 0.102791, 0.0, 0.0, 0.0, 1.0],
                [1.0, -6.6e-05, -4.3e-05, 6.6e-05, 5.7e-05, 0.984741, -0.174029, 0.320813, 5.4e-05, 0.174029, 0.98474, 0.10394, 0.0, 0.0, 0.0, 1.0],
                [1.0, -6.6e-05, -4.3e-05, 6.3e-05, 5.7e-05, 0.984741, -0.174029, 0.325256, 5.4e-05, 0.174029, 0.984741, 0.105094, 0.0, 0.0, 0.0, 1.0],
                [1.0, -6.6e-05, -4.3e-05, 5.9e-05, 5.7e-05, 0.984741, -0.174029, 0.329839, 5.4e-05, 0.174029, 0.984741, 0.106196, 0.0, 0.0, 0.0, 1.0],
                [1.0, -6.6e-05, -4.3e-05, 5.6e-05, 5.7e-05, 0.984741, -0.174029, 0.334256, 5.4e-05, 0.174029, 0.984741, 0.107209, 0.0, 0.0, 0.0, 1.0],
                [1.0, -6.6e-05, -4.3e-05, 5.3e-05, 5.7e-05, 0.984741, -0.174029, 0.338287, 5.4e-05, 0.174029, 0.984741, 0.108104, 0.0, 0.0, 0.0, 1.0],
                [1.0, -6.6e-05, -4.3e-05, 5.1e-05, 5.7e-05, 0.984741, -0.174029, 0.341749, 5.4e-05, 0.174029, 0.984741, 0.108853, 0.0, 0.0, 0.0, 1.0],
                [1.0, -6.6e-05, -4.3e-05, 4.9e-05, 5.7e-05, 0.984741, -0.174029, 0.344466, 5.4e-05, 0.174029, 0.984741, 0.109431, 0.0, 0.0, 0.0, 1.0],
                [1.0, -6.6e-05, -4.3e-05, 4.8e-05, 5.7e-05, 0.984741, -0.174029, 0.346254, 5.4e-05, 0.174029, 0.984741, 0.109805, 0.0, 0.0, 0.0, 1.0],
                [1.0, -6.6e-05, -4.3e-05, 4.7e-05, 5.7e-05, 0.984741, -0.174029, 0.346903, 5.4e-05, 0.174029, 0.98474, 0.10994, 0.0, 0.0, 0.0, 1.0],
                [1.0, -6.6e-05, -4.3e-05, 4.9e-05, 5.7e-05, 0.984741, -0.174029, 0.345221, 5.4e-05, 0.174029, 0.98474, 0.108988, 0.0, 0.0, 0.0, 1.0],
                [1.0, -6.6e-05, -4.3e-05, 5.2e-05, 5.7e-05, 0.98474, -0.174029, 0.341836, 5.4e-05, 0.174029, 0.98474, 0.10707, 0.0, 0.0, 0.0, 1.0],
                [1.0, -6.6e-05, -4.3e-05, 5.6e-05, 5.7e-05, 0.98474, -0.174029, 0.337847, 5.4e-05, 0.174029, 0.98474, 0.104811, 0.0, 0.0, 0.0, 1.0],
                [1.0, -6.6e-05, -4.3e-05, 6e-05, 5.7e-05, 0.984741, -0.174029, 0.33373, 5.4e-05, 0.174029, 0.98474, 0.102479, 0.0, 0.0, 0.0, 1.0],
                [1.0, -6.6e-05, -4.3e-05, 6.4e-05, 5.7e-05, 0.984741, -0.174029, 0.329759, 5.4e-05, 0.174029, 0.98474, 0.10023, 0.0, 0.0, 0.0, 1.0],
                [1.0, -6.6e-05, -4.3e-05, 6.7e-05, 5.7e-05, 0.984741, -0.174029, 0.326133, 5.4e-05, 0.174029, 0.98474, 0.098177, 0.0, 0.0, 0.0, 1.0],
                [1.0, -6.6e-05, -4.3e-05, 7e-05, 5.7e-05, 0.984741, -0.174029, 0.323018, 5.4e-05, 0.174029, 0.98474, 0.096413, 0.0, 0.0, 0.0, 1.0],
                [1.0, -6.6e-05, -4.3e-05, 7.3e-05, 5.7e-05, 0.984741, -0.174029, 0.320574, 5.4e-05, 0.174029, 0.984741, 0.095028, 0.0, 0.0, 0.0, 1.0],
                [1.0, -6.6e-05, -4.3e-05, 7.4e-05, 5.7e-05, 0.984741, -0.174029, 0.318965, 5.4e-05, 0.174029, 0.98474, 0.094117, 0.0, 0.0, 0.0, 1.0],
                [1.0, -6.6e-05, -4.3e-05, 7.5e-05, 5.7e-05, 0.98474, -0.174029, 0.318381, 5.4e-05, 0.174029, 0.984741, 0.093787, 0.0, 0.0, 0.0, 1.0],
                [1.0, -6.6e-05, -4.3e-05, 7.3e-05, 5.7e-05, 0.984741, -0.174029, 0.319424, 5.4e-05, 0.174029, 0.98474, 0.094145, 0.0, 0.0, 0.0, 1.0],
                [1.0, -6.6e-05, -4.3e-05, 6.9e-05, 5.7e-05, 0.984741, -0.174029, 0.321718, 5.4e-05, 0.174029, 0.984741, 0.094934, 0.0, 0.0, 0.0, 1.0],
                [1.0, -6.6e-05, -4.3e-05, 6.4e-05, 5.7e-05, 0.984741, -0.174029, 0.324498, 5.4e-05, 0.174029, 0.98474, 0.09589, 0.0, 0.0, 0.0, 1.0],
                [1.0, -6.6e-05, -4.3e-05, 5.9e-05, 5.7e-05, 0.984741, -0.174029, 0.327319, 5.4e-05, 0.174029, 0.984741, 0.096859, 0.0, 0.0, 0.0, 1.0],
                [1.0, -6.6e-05, -4.3e-05, 5.4e-05, 5.7e-05, 0.984741, -0.174029, 0.329878, 5.4e-05, 0.174029, 0.984741, 0.097739, 0.0, 0.0, 0.0, 1.0],
                [1.0, -6.6e-05, -4.3e-05, 5e-05, 5.7e-05, 0.984741, -0.174029, 0.331942, 5.4e-05, 0.174029, 0.984741, 0.098449, 0.0, 0.0, 0.0, 1.0],
                [1.0, -6.6e-05, -4.3e-05, 4.8e-05, 5.7e-05, 0.984741, -0.174029, 0.333314, 5.4e-05, 0.174029, 0.984741, 0.098921, 0.0, 0.0, 0.0, 1.0],
                [1.0, -6.6e-05, -4.3e-05, 4.7e-05, 5.7e-05, 0.984741, -0.174029, 0.333811, 5.4e-05, 0.174029, 0.98474, 0.099092, 0.0, 0.0, 0.0, 1.0]
            ]
        },
        {
            "name": "Thigh_L",
            "time": [0.0, 0.0167, 0.0333, 0.05, 0.0667, 0.0833, 0.1, 0.1167, 0.1333, 0.15, 0.1667, 0.1833, 0.2, 0.2167, 0.2333, 0.25, 0.2667, 0.2833, 0.3, 0.3167, 0.3333, 0.35, 0.3667, 0.3833, 0.4, 0.4167, 0.4333, 0.45, 0.4667, 0.4833, 0.5, 0.5167, 0.5333, 0.55, 0.5667, 0.5833, 0.6, 0.6167, 0.6333, 0.65, 0.6667, 0.6833, 0.7, 0.7167, 0.7333, 0.75, 0.7667, 0.7833, 0.8, 0.8167, 0.8333, 0.85, 0.8667, 0.8833, 0.9, 0.9167, 0.9333],
            "transform": [
                [0.997107, -0.053789, -0.053703, -0.125006, -0.000426, -0.710498, 0.703673, -0.002831, -0.07601, -0.701638, -0.708427, -1.2e-05, 0.0, 0.0, 0.0, 1.0],
                [0.997205, -0.056151, -0.049277, -0.125006, -0.00042, -0.663823, 0.747864, -0.002831, -0.074708, -0.745776, -0.661953, -1.2e-05, 0.0, 0.0, 0.0, 1.0],
                [0.997511, -0.058195, -0.039801, -0.125006, -0.000398, -0.569183, 0.822186, -0.002831, -0.070504, -0.820143, -0.567751, -1.2e-05, 0.0, 0.0, 0.0, 1.0],
                [0.997971, -0.055858, -0.030543, -0.125006, -0.000356, -0.484674, 0.874671, -0.002831, -0.063664, -0.8729, -0.483673, -1.2e-05, 0.0, 0.0, 0.0, 1.0],
                [0.998457, -0.049817, -0.024528, -0.125006, -0.000297, -0.446538, 0.894743, -0.002831, -0.055529, -0.893364, -0.445828, -1.2e-05, 0.0, 0.0, 0.0, 1.0],
                [0.998869, -0.042283, -0.021731, -0.125006, -0.000234, -0.461484, 0.887129, -0.002831, -0.047541, -0.886126, -0.460936, -1.2e-05, 0.0, 0.0, 0.0, 1.0],
                [0.999267, -0.032464, -0.020269, -0.125006, -0.000159, -0.533147, 0.846006, -0.002831, -0.038273, -0.845383, -0.532725, -1.2e-05, 0.0, 0.0, 0.0, 1.0],
                [0.999603, -0.021438, -0.018254, -0.125006, -8.8e-05, -0.650696, 0.759325, -0.002831, -0.028157, -0.759018, -0.650404, -1.2e-05, 0.0, 0.0, 0.0, 1.0],
                [0.999841, -0.01125, -0.013871, -0.125006, -3.5e-05, -0.777942, 0.628326, -0.002831, -0.01786, -0.628217, -0.777781, -1.2e-05, 0.0, 0.0, 0.0, 1.0],
                [0.999966, -0.003971, -0.007289, -0.125006, -7e-06, -0.87859, 0.47757, -0.002831, -0.008301, -0.477542, -0.87852, -1.2e-05, 0.0, 0.0, 0.0, 1.0],
                [1.0, 9e-06, 1.9e-05, -0.125006, 2e-06, -0.941296, 0.337575, -0.002831, 2.1e-05, -0.337562, -0.941256, -1.2e-05, 0.0, 0.0, 0.0, 1.0],
                [0.999978, 0.001543, 0.006446, -0.125006, -1e-06, -0.972493, 0.232923, -0.002831, 0.006628, -0.232901, -0.972432, -1.2e-05, 0.0, 0.0, 0.0, 1.0],
                [0.999919, 0.001743, 0.012577, -0.125006, -1.2e-05, -0.990402, 0.138198, -0.002831, 0.012697, -0.138167, -0.990283, -1.2e-05, 0.0, 0.0, 0.0, 1.0],
                [0.999828, 0.00079, 0.018504, -0.125006, -3e-05, -0.999015, 0.044291, -0.002831, 0.018522, -0.044261, -0.998806, -1.2e-05, 0.0, 0.0, 0.0, 1.0],
                [0.999707, -0.001269, 0.024189, -0.125006, -5.7e-05, -0.998743, -0.050006, -0.002831, 0.024224, 0.050015, -0.998414, -1.2e-05, 0.0, 0.0, 0.0, 1.0],
                [0.999554, -0.004355, 0.029552, -0.125006, -9.4e-05, -0.989766, -0.142645, -0.002831, 0.029872, 0.142607, -0.989289, -1.2e-05, 0.0, 0.0, 0.0, 1.0],
                [0.999369, -0.008303, 0.034527, -0.125006, -0.00014, -0.973193, -0.229948, -0.002831, 0.035512, 0.229827, -0.972546, -1.2e-05, 0.0, 0.0, 0.0, 1.0],
                [0.999152, -0.012853, 0.039121, -0.125006, -0.000196, -0.951508, -0.307585, -0.002831, 0.041179, 0.307348, -0.950669, -1.2e-05, 0.0, 0.0, 0.0, 1.0],
                [0.998899, -0.017614, 0.043471, -0.125006, -0.000262, -0.928888, -0.370323, -0.002831, 0.046904, 0.369936, -0.927837, -1.2e-05, 0.0, 0.0, 0.0, 1.0],
                [0.99861, -0.02202, 0.047896, -0.125006, -0.000338, -0.91123, -0.411861, -0.002831, 0.052716, 0.411305, -0.909938, -1.2e-05, 0.0, 0.0, 0.0, 1.0],
