{
    "animation": [
        {
            "name": "Root",
            "time": [0.0, 0.0417, 0.0833, 0.125, 0.1667, 0.2083, 0.25, 0.2917, 0.3333, 0.375, 0.4167, 0.4583, 0.5, 0.5417, 0.5833, 0.625, 0.6667, 0.7083, 0.75, 0.7917, 0.8333, 0.875, 0.9167],
            "transform": [
                [0.997126, 0.0, -0.075768, -0.007513, -0.075768, 0.0, -0.997126, 0.000946, 0.0, 1.0, 0.0, 0.642667, 0.0, 0.0, 0.0, 1.0],
                [0.997742, 0.0, -0.067159, -0.00692, -0.067159, 0.0, -0.997742, 0.000946, 0.0, 1.0, 0.0, 0.603549, 0.0, 0.0, 0.0, 1.0],
                [0.998873, 0.0, -0.047457, -0.00509, -0.047457, 0.0, -0.998873, 0.000946, 0.0, 1.0, 0.0, 0.564432, 0.0, 0.0, 0.0, 1.0],
                [0.999736, 0.0, -0.022996, -0.002504, -0.022996, 0.0, -0.999736, 0.000946, 0.0, 1.0, 0.0, 0.616224, 0.0, 0.0, 0.0, 1.0],
                [1.0, 0.0, -0.0, -5e-06, -0.0, 0.0, -1.0, 0.000946, 0.0, 1.0, 0.0, 0.6908, 0.0, 0.0, 0.0, 1.0],
                [0.999852, 0.0, 0.017179, 0.003108, 0.017179, 0.0, -0.999852, 0.000946, 0.0, 1.0, 0.0, 0.724212, 0.0, 0.0, 0.0, 1.0],
                [0.999511, 0.0, 0.031272, 0.006797, 0.031272, 0.0, -0.999511, 0.000946, 0.0, 1.0, 0.0, 0.74396, 0.0, 0.0, 0.0, 1.0],
                [0.99902, 0.0, 0.044271, 0.0105, 0.044271, 0.0, -0.99902, 0.000946, 0.0, 1.0, 0.0, 0.750779, 0.0, 0.0, 0.0, 1.0],
                [0.998277, 0.0, 0.058686, 0.013804, 0.058686, 0.0, -0.998277, 0.000946, 0.0, 1.0, 0.0, 0.751554, 0.0, 0.0, 0.0, 1.0],
                [0.996907, 0.0, 0.078588, 0.016408, 0.078588, 0.0, -0.996907, 0.000946, 0.0, 1.0, 0.0, 0.734474, 0.0, 0.0, 0.0, 1.0],
                [0.995012, 0.0, 0.09976, 0.018088, 0.09976, 0.0, -0.995012, 0.000946, 0.0, 1.0, 0.0, 0.688573, 0.0, 0.0, 0.0, 1.0],
                [0.994166, 0.0, 0.10786, 0.018678, 0.10786, 0.0, -0.994166, 0.000946, 0.0, 1.0, 0.0, 0.642667, 0.0, 0.0, 0.0, 1.0],
                [0.99566, 0.0, 0.09306, 0.018365, 0.09306, 0.0, -0.99566, 0.000946, 0.0, 1.0, 0.0, 0.591102, 0.0, 0.0, 0.0, 1.0],
                [0.998048, 0.0, 0.062457, 0.017281, 0.062457, 0.0, -0.998048, 0.000946, 0.0, 1.0, 0.0, 0.564432, 0.0, 0.0, 0.0, 1.0],
                [0.999551, 0.0, 0.029956, 0.015482, 0.029956, 0.0, -0.999551, 0.000946, 0.0, 1.0, 0.0, 0.608073, 0.0, 0.0, 0.0, 1.0],
                [1.0, 0.0, -0.0, 0.013361, -0.0, 0.0, -1.0, 0.000946, 0.0, 1.0, 0.0, 0.671339, 0.0, 0.0, 0.0, 1.0],
                [0.999586, 0.0, -0.02878, 0.01011, -0.02878, 0.0, -0.999586, 0.000946, 0.0, 1.0, 0.0, 0.701184, 0.0, 0.0, 0.0, 1.0],
                [0.998261, 0.0, -0.058951, 0.006052, -0.058951, 0.0, -0.998261, 0.000946, 0.0, 1.0, 0.0, 0.718824, 0.0, 0.0, 0.0, 1.0],
                [0.996756, 0.0, -0.080482, 0.001884, -0.080482, 0.0, -0.996756, 0.000946, 0.0, 1.0, 0.0, 0.724915, 0.0, 0.0, 0.0, 1.0],
                [0.996166, 0.0, -0.087487, -0.001885, -0.087487, 0.0, -0.996166, 0.000946, 0.0, 1.0, 0.0, 0.725607, 0.0, 0.0, 0.0, 1.0],
                [0.99641, 0.0, -0.084657, -0.004882, -0.084657, 0.0, -0.99641, 0.000946, 0.0, 1.0, 0.0, 0.705573, 0.0, 0.0, 0.0, 1.0],
                [0.996906, 0.0, -0.0786, -0.006827, -0.0786, 0.0, -0.996906, 0.000946, 0.0, 1.0, 0.0, 0.662702, 0.0, 0.0, 0.0, 1.0],
                [0.997126, 0.0, -0.075768, -0.007513, -0.075768, 0.0, -0.997126, 0.000946, 0.0, 1.0, 0.0, 0.642667, 0.0, 0.0, 0.0, 1.0]
            ]
        },
        {
            "name": "Thigh_R",
            "time": [0.0, 0.0417, 0.0833, 0.125, 0.1667, 0.2083, 0.25, 0.2917, 0.3333, 0.375, 0.4167, 0.4583, 0.5, 0.5417, 0.5833, 0.625, 0.6667, 0.7083, 0.75, 0.7917, 0.8333, 0.875, 0.9167],
            "transform": [
                [0.997113, 0.016648, -0.074091, 0.124994, 0.001466, -0.979704, -0.200381, -0.002831, -0.075927, 0.199723, -0.97688, -1.2e-05, 0.0, 0.0, 0.0, 1.0],
                [0.99773, 0.011438, -0.066368, 0.124994, 0.001365, -0.988697, -0.149839, -0.002831, -0.067335, 0.149436, -0.98645, -1.2e-05, 0.0, 0.0, 0.0, 1.0],
                [0.998864, -0.000672, -0.04765, 0.124994, 0.001152, -0.999256, 0.038272, -0.002831, -0.047642, -0.038258, -0.998103, -1.2e-05, 0.0, 0.0, 0.0, 1.0],
                [0.999735, -0.007208, -0.02188, 0.124994, 0.000957, -0.935953, 0.352105, -0.002831, -0.023018, -0.352012, -0.935678, -1.2e-05, 0.0, 0.0, 0.0, 1.0],
                [1.0, 0.000786, -0.000321, 0.124994, 0.000825, -0.811093, 0.584908, -0.002831, 0.000199, -0.584895, -0.811068, -1.2e-05, 0.0, 0.0, 0.0, 1.0],
                [0.999846, 0.013124, 0.011639, 0.124994, 0.000751, -0.694934, 0.719064, -0.002831, 0.017526, -0.718938, -0.694807, -1.2e-05, 0.0, 0.0, 0.0, 1.0],
                [0.999497, 0.025554, 0.018764, 0.124994, 0.000684, -0.609116, 0.793068, -0.002831, 0.031696, -0.792658, -0.608796, -1.2e-05, 0.0, 0.0, 0.0, 1.0],
                [0.999, 0.03721, 0.024809, 0.124994, 0.000649, -0.566751, 0.823873, -0.002831, 0.044718, -0.82304, -0.566176, -1.2e-05, 0.0, 0.0, 0.0, 1.0],
                [0.99825, 0.049251, 0.032737, 0.124994, 0.000672, -0.562991, 0.826444, -0.002831, 0.059136, -0.824988, -0.562007, -1.2e-05, 0.0, 0.0, 0.0, 1.0],
                [0.99687, 0.06193, 0.049135, 0.124994, 0.000771, -0.629148, 0.777265, -0.002831, 0.079052, -0.774811, -0.627194, -1.2e-05, 0.0, 0.0, 0.0, 1.0],
                [0.994959, 0.065799, 0.075668, 0.124994, 0.000835, -0.760022, 0.649876, -0.002831, 0.100274, -0.646557, -0.756214, -1.2e-05, 0.0, 0.0, 0.0, 1.0],
                [0.994091, 0.07797, 0.07552, 0.124994, 0.000993, -0.702252, 0.711907, -0.002831, 0.108545, -0.707644, -0.698148, -1.2e-05, 0.0, 0.0, 0.0, 1.0],
                [0.995583, 0.082508, 0.044794, 0.124994, 0.001087, -0.48724, 0.873247, -0.002831, 0.093879, -0.869355, -0.485147, -1.2e-05, 0.0, 0.0, 0.0, 1.0],
                [0.998003, 0.056427, 0.028389, 0.124994, 0.000953, -0.462862, 0.886414, -0.002831, 0.06316, -0.88462, -0.461962, -1.2e-05, 0.0, 0.0, 0.0, 1.0],
                [0.99954, 0.022085, 0.020788, 0.124994, 0.000782, -0.703937, 0.710253, -0.002831, 0.030321, -0.709904, -0.7036, -1.2e-05, 0.0, 0.0, 0.0, 1.0],
                [1.0, 0.000574, -0.000157, 0.124994, 0.00059, -0.923957, 0.382491, -0.002831, 7.4e-05, -0.382479, -0.923925, -1.2e-05, 0.0, 0.0, 0.0, 1.0],
                [0.999585, -0.001744, -0.028761, 0.124994, 0.000537, -0.996863, 0.079117, -0.002831, -0.02881, -0.079083, -0.996416, -1.2e-05, 0.0, 0.0, 0.0, 1.0],
                [0.998259, 0.013199, -0.057482, 0.124994, 0.000702, -0.977225, -0.212173, -0.002831, -0.058976, 0.211786, -0.975502, -1.2e-05, 0.0, 0.0, 0.0, 1.0],
                [0.996757, 0.032927, -0.073427, 0.124994, 0.001018, -0.91755, -0.397593, -0.002831, -0.080468, 0.396254, -0.914578, -1.2e-05, 0.0, 0.0, 0.0, 1.0],
                [0.996165, 0.037866, -0.078877, 0.124994, 0.001228, -0.907468, -0.42009, -0.002831, -0.087489, 0.418408, -0.904007, -1.2e-05, 0.0, 0.0, 0.0, 1.0],
                [0.996404, 0.029139, -0.079568, 0.124994, 0.001345, -0.944334, -0.328949, -0.002831, -0.084727, 0.327687, -0.940952, -1.2e-05, 0.0, 0.0, 0.0, 1.0],
                [0.996894, 0.019721, -0.076237, 0.124994, 0.001439, -0.97253, -0.232719, -0.002831, -0.078735, 0.231915, -0.969517, -1.2e-05, 0.0, 0.0, 0.0, 1.0],
                [0.997113, 0.016648, -0.074091, 0.124994, 0.001466, -0.979704, -0.200381, -0.002831, -0.075927, 0.199723, -0.97688, -1.2e-05, 0.0, 0.0, 0.0, 1.0]
            ]
        },
        {
            "name": "Leg_R",
            "time": [0.0, 0.0417, 0.0833, 0.125, 0.1667, 0.2083, 0.25, 0.2917, 0.3333, 0.375, 0.4167, 0.4583, 0.5, 0.5417, 0.5833, 0.625, 0.6667, 0.7083, 0.75, 0.7917, 0.8333, 0.875, 0.9167],
            "transform": [
                [0.999999, -0.001012, -0.000758, -0.0, 0.001116, 0.425258, 0.905054, 0.375166, -0.000594, -0.905093, 0.425271, 0.0, 0.0, 0.0, 0.0, 1.0],
                [0.999999, -0.001055, -0.000861, 0.0, 0.001163, 0.332489, 0.943089, 0.375166, -0.000708, -0.943128, 0.332502, -0.0, 0.0, 0.0, 0.0, 1.0],
                [0.999999, -0.001113, -0.001121, -0.0, 0.001227, 0.100042, 0.994967, 0.375166, -0.000995, -0.995002, 0.100053, -0.0, 0.0, 0.0, 0.0, 1.0],
                [0.999999, -0.001117, -0.001285, -0.0, 0.001232, -0.046509, 0.998902, 0.375166, -0.001176, -0.998934, -0.0465, -0.0, 0.0, 0.0, 0.0, 1.0],
                [0.999999, -0.001118, -0.001217, 0.0, 0.001233, 0.014987, 0.999872, 0.375166, -0.0011, -0.999905, 0.014997, -0.0, 0.0, 0.0, 0.0, 1.0],
                [0.999999, -0.00111, -0.0011, 0.0, 0.001224, 0.119477, 0.992821, 0.375166, -0.000971, -0.992855, 0.119488, 0.0, 0.0, 0.0, 0.0, 1.0],
                [0.999999, -0.001073, -0.000919, -0.0, 0.001184, 0.28113, 0.959653, 0.375166, -0.000772, -0.959689, 0.281142, -0.0, 0.0, 0.0, 0.0, 1.0],
                [0.999999, -0.000995, -0.000723, 0.0, 0.001097, 0.456664, 0.889621, 0.375166, -0.000555, -0.889659, 0.456677, 0.0, 0.0, 0.0, 0.0, 1.0],
                [0.999999, -0.000878, -0.00054, -0.0, 0.000968, 0.619827, 0.784719, 0.375166, -0.000354, -0.784756, 0.61984, -0.0, 0.0, 0.0, 0.0, 1.0],
                [0.999999, -0.000675, -0.000342, -0.0, 0.000745, 0.797039, 0.60391, 0.375166, -0.000135, -0.60394, 0.797048, -0.0, 0.0, 0.0, 0.0, 1.0],
                [1.0, -0.000283, -0.000151, -0.0, 0.000312, 0.967448, 0.253064, 0.375166, 7.5e-05, -0.253071, 0.967449, -0.0, 0.0, 0.0, 0.0, 1.0],
                [1.0, -0.000425, -0.000199, -0.0, 0.000469, 0.924836, 0.380353, 0.375166, 2.2e-05, -0.380369, 0.92484, 0.0, 0.0, 0.0, 0.0, 1.0],
                [0.999999, -0.000938, -0.000625, -0.0, 0.001035, 0.544093, 0.839006, 0.375166, -0.000447, -0.839043, 0.544106, -0.0, 0.0, 0.0, 0.0, 1.0],
                [0.999999, -0.001103, -0.001047, -0.0, 0.001216, 0.166757, 0.985982, 0.375166, -0.000913, -0.986017, 0.166768, -0.0, 0.0, 0.0, 0.0, 1.0],
                [0.999999, -0.0011, -0.00103, 0.0, 0.001213, 0.182035, 0.983276, 0.375166, -0.000894, -0.983311, 0.182046, 0.0, 0.0, 0.0, 0.0, 1.0],
                [0.999999, -0.000984, -0.000703, 0.0, 0.001086, 0.47447, 0.880253, 0.375166, -0.000533, -0.880291, 0.474484, -0.0, 0.0, 0.0, 0.0, 1.0],
                [1.0, -0.000814, -0.000467, 0.0, 0.000898, 0.685538, 0.728018, 0.375166, -0.000273, -0.728053, 0.68555, 0.0, 0.0, 0.0, 0.0, 1.0],
                [1.0, -0.00062, -0.000303, 0.0, 0.000684, 0.832263, 0.554363, 0.375166, -9.2e-05, -0.554392, 0.832272, -0.0, 0.0, 0.0, 0.0, 1.0],
                [1.0, -0.000497, -0.000232, -0.0, 0.000548, 0.895693, 0.444658, 0.375166, -1.4e-05, -0.44468, 0.895699, 0.0, 0.0, 0.0, 0.0, 1.0],
                [1.0, -0.000555, -0.000262, -0.0, 0.000612, 0.868303, 0.496019, 0.375166, -4.7e-05, -0.496044, 0.868309, -0.0, 0.0, 0.0, 0.0, 1.0],
                [0.999999, -0.000774, -0.000426, 0.0, 0.000853, 0.722034, 0.691838, 0.375166, -0.000228, -0.691874, 0.722046, -0.0, 0.0, 0.0, 0.0, 1.0],
                [1.0, -0.000961, -0.000661, 0.0, 0.00106, 0.511501, 0.859264, 0.375166, -0.000487, -0.859304, 0.511514, 0.0, 0.0, 0.0, 0.0, 1.0],
                [0.999999, -0.001012, -0.000758, -0.0, 0.001116, 0.425258, 0.905054, 0.375166, -0.000594, -0.905093, 0.425271, 0.0, 0.0, 0.0, 0.0, 1.0]
            ]
        },
        {
            "name": "Knee_R",
            "time": [0.0, 0.0417, 0.0833, 0.125, 0.1667, 0.2083, 0.25, 0.2917, 0.3333, 0.375, 0.4167, 0.4583, 0.5, 0.5417, 0.5833, 0.625, 0.6667, 0.7083, 0.75, 0.7917, 0.8333, 0.875, 0.9167],
            "transform": [
                [1.0, -6.6e-05, -4.3e-05, 4.7e-05, 5.7e-05, 0.984741, -0.174029, 0.333811, 5.4e-05, 0.174029, 0.98474, 0.099092, 0.0, 0.0, 0.0, 1.0],
                [1.0, -6.7e-05, -4.2e-05, 4.2e-05, 5.7e-05, 0.979661, -0.20066, 0.33883, 5.4e-05, 0.20066, 0.979661, 0.097833, 0.0, 0.0, 0.0, 1.0],
                [1.0, -7e-05, -3.7e-05, 3e-05, 5.7e-05, 0.96298, -0.269572, 0.351958, 5.4e-05, 0.269572, 0.96298, 0.094542, 0.0, 0.0, 0.0, 1.0],
                [1.0, -7.2e-05, -3.2e-05, 1.7e-05, 5.7e-05, 0.941459, -0.337129, 0.365085, 5.4e-05, 0.337129, 0.941459, 0.09125, 0.0, 0.0, 0.0, 1.0],
                [1.0, -7.3e-05, -3e-05, 1.3e-05, 5.7e-05, 0.931974, -0.362526, 0.370104, 5.4e-05, 0.362526, 0.931974, 0.089992, 0.0, 0.0, 0.0, 1.0],
                [1.0, -7.2e-05, -3.1e-05, 1.7e-05, 5.7e-05, 0.93708, -0.349114, 0.366063, 5.4e-05, 0.349114, 0.93708, 0.090506, 0.0, 0.0, 0.0, 1.0],
                [1.0, -7.1e-05, -3.3e-05, 2.7e-05, 5.7e-05, 0.948255, -0.317509, 0.356629, 5.4e-05, 0.317509, 0.948255, 0.091799, 0.0, 0.0, 0.0, 1.0],
                [1.0, -7e-05, -3.6e-05, 3.9e-05, 5.7e-05, 0.960583, -0.277992, 0.344987, 5.4e-05, 0.277992, 0.960583, 0.093574, 0.0, 0.0, 0.0, 1.0],
                [1.0, -6.8e-05, -3.9e-05, 5.1e-05, 5.7e-05, 0.971164, -0.238414, 0.333479, 5.4e-05, 0.238414, 0.971164, 0.095608, 0.0, 0.0, 0.0, 1.0],
                [1.0, -6.7e-05, -4.1e-05, 6.1e-05, 5.7e-05, 0.978782, -0.204906, 0.323847, 5.4e-05, 0.204906, 0.978782, 0.097735, 0.0, 0.0, 0.0, 1.0],
                [1.0, -6.6e-05, -4.3e-05, 6.7e-05, 5.7e-05, 0.983255, -0.182233, 0.317402, 5.4e-05, 0.182233, 0.983255, 0.099825, 0.0, 0.0, 0.0, 1.0],
                [1.0, -6.6e-05, -4.3e-05, 7e-05, 5.7e-05, 0.984741, -0.174029, 0.315135, 5.4e-05, 0.174029, 0.98474, 0.10178, 0.0, 0.0, 0.0, 1.0],
                [1.0, -6.6e-05, -4.3e-05, 6.7e-05, 5.7e-05, 0.984741, -0.174029, 0.319595, 5.4e-05, 0.174029, 0.98474, 0.104278, 0.0, 0.0, 0.0, 1.0],
                [1.0, -6.6e-05, -4.3e-05, 5.8e-05, 5.7e-05, 0.984741, -0.174029, 0.33108, 5.4e-05, 0.174029, 0.984741, 0.107108, 0.0, 0.0, 0.0, 1.0],
                [1.0, -6.6e-05, -4.3e-05, 5e-05, 5.7e-05, 0.984741, -0.174029, 0.34253, 5.4e-05, 0.174029, 0.984741, 0.109229, 0.0, 0.0, 0.0, 1.0],
                [1.0, -6.6e-05, -4.3e-05, 4.7e-05, 5.7e-05, 0.984741, -0.174029, 0.346903, 5.4e-05, 0.174029, 0.98474, 0.10994, 0.0, 0.0, 0.0, 1.0],
                [1.0, -6.6e-05, -4.3e-05, 5.1e-05, 5.7e-05, 0.98474, -0.174029, 0.342959, 5.4e-05, 0.174029, 0.98474, 0.107706, 0.0, 0.0, 0.0, 1.0],
                [1.0, -6.6e-05, -4.3e-05, 6.1e-05, 5.7e-05, 0.98474, -0.174029, 0.332642, 5.4e-05, 0.174029, 0.984741, 0.101863, 0.0, 0.0, 0.0, 1.0],
                [1.0, -6.6e-05, -4.3e-05, 7.1e-05, 5.7e-05, 0.984741, -0.174029, 0.322325, 5.4e-05, 0.174029, 0.984741, 0.09602, 0.0, 0.0, 0.0, 1.0],
                [1.0, -6.6e-05, -4.3e-05, 7.5e-05, 5.7e-05, 0.98474, -0.174029, 0.318381, 5.4e-05, 0.174029, 0.984741, 0.093787, 0.0, 0.0, 0.0, 1.0],
                [1.0, -6.6e-05, -4.3e-05, 6.8e-05, 5.7e-05, 0.984741, -0.174029, 0.322108, 5.4e-05, 0.174029, 0.98474, 0.095068, 0.0, 0.0, 0.0, 1.0],
                [1.0, -6.6e-05, -4.3e-05, 5.4e-05, 5.7e-05, 0.984741, -0.174029, 0.330084, 5.4e-05, 0.174029, 0.984741, 0.09781, 0.0, 0.0, 0.0, 1.0],
                [1.0, -6.6e-05, -4.3e-05, 4.7e-05, 5.7e-05, 0.984741, -0.174029, 0.333811, 5.4e-05, 0.174029, 0.98474, 0.099092, 0.0, 0.0, 0.0, 1.0]
            ]
        },
        {
            "name": "Thigh_L",
            "time": [0.0, 0.0417, 0.0833, 0.125, 0.1667, 0.2083, 0.25, 0.2917, 0.3333, 0.375, 0.4167, 0.4583, 0.5, 0.5417, 0.5833, 0.625, 0.6667, 0.7083, 0.75, 0.7917, 0.8333, 0.875, 0.9167],
            "transform": [
                [0.997107, -0.053789, -0.053703, -0.125006, -0.000426, -0.710498, 0.703673, -0.002831, -0.07601, -0.701638, -0.708427, -1.2e-05, 0.0, 0.0, 0.0, 1.0],
                [0.997729, -0.05761, -0.034883, -0.125006, -0.000379, -0.52278, 0.852444, -0.002831, -0.067348, -0.850511, -0.521576, -1.2e-05, 0.0, 0.0, 0.0, 1.0],
                [0.998869, -0.042283, -0.021731, -0.125006, -0.000234, -0.461484, 0.887129, -0.002831, -0.047541, -0.886126, -0.460936, -1.2e-05, 0.0, 0.0, 0.0, 1.0],
                [0.999736, -0.016095, -0.016422, -0.125006, -5.9e-05, -0.715977, 0.698112, -0.002831, -0.022995, -0.69792, -0.715752, -1.2e-05, 0.0, 0.0, 0.0, 1.0],
                [1.0, 9e-06, 1.9e-05, -0.125006, 2e-06, -0.941296, 0.337575, -0.002831, 2.1e-05, -0.337562, -0.941256, -1.2e-05, 0.0, 0.0, 0.0, 1.0],
                [0.999852, 0.000476, 0.017183, -0.125006, -2.4e-05, -0.999573, 0.029132, -0.002831, 0.017191, -0.029108, -0.999384, -1.2e-05, 0.0, 0.0, 0.0, 1.0],
                [0.999511, -0.007196, 0.030427, -0.125006, -0.0001, -0.973881, -0.227022, -0.002831, 0.031268, 0.226935, -0.973368, -1.2e-05, 0.0, 0.0, 0.0, 1.0],
                [0.99902, -0.01719, 0.040776, -0.125006, -0.000227, -0.923447, -0.383691, -0.002831, 0.044252, 0.383337, -0.922512, -1.2e-05, 0.0, 0.0, 0.0, 1.0],
                [0.998279, -0.025325, 0.052894, -0.125006, -0.000423, -0.905037, -0.425297, -0.002831, 0.058645, 0.424575, -0.903457, -1.2e-05, 0.0, 0.0, 0.0, 1.0],
                [0.996914, -0.030037, 0.072524, -0.125006, -0.000797, -0.927721, -0.373234, -0.002831, 0.078496, 0.372058, -0.924851, -1.2e-05, 0.0, 0.0, 0.0, 1.0],
                [0.995028, -0.028862, 0.095314, -0.125006, -0.001424, -0.961103, -0.276133, -0.002831, 0.099581, 0.274658, -0.956339, -1.2e-05, 0.0, 0.0, 0.0, 1.0],
                [0.994191, -0.022151, 0.105322, -0.125006, -0.001835, -0.981931, -0.18915, -0.002831, 0.107614, 0.187892, -0.976244, -1.2e-05, 0.0, 0.0, 0.0, 1.0],
                [0.995681, -0.011964, 0.092067, -0.125006, -0.001469, -0.993558, -0.113187, -0.002831, 0.092832, 0.112597, -0.989263, -1.2e-05, 0.0, 0.0, 0.0, 1.0],
                [0.998054, 0.002033, 0.062317, -0.125006, -0.000663, -0.999052, 0.043246, -0.002831, 0.062349, -0.043171, -0.997086, -1.2e-05, 0.0, 0.0, 0.0, 1.0],
                [0.999551, 0.010581, 0.028017, -0.125006, -0.000127, -0.933982, 0.357298, -0.002831, 0.029949, -0.357116, -0.933538, -1.2e-05, 0.0, 0.0, 0.0, 1.0],
                [1.0, 1.4e-05, 1.6e-05, -0.125006, 1e-06, -0.793064, 0.609128, -0.002831, 2.1e-05, -0.609111, -0.793034, -1.2e-05, 0.0, 0.0, 0.0, 1.0],
                [0.999586, -0.021667, -0.018943, -0.125006, -9.9e-05, -0.660794, 0.750555, -0.002831, -0.028781, -0.750234, -0.660488, -1.2e-05, 0.0, 0.0, 0.0, 1.0],
                [0.998256, -0.049104, -0.032759, -0.125006, -0.000373, -0.560227, 0.828323, -0.002831, -0.059029, -0.826867, -0.559231, -1.2e-05, 0.0, 0.0, 0.0, 1.0],
                [0.996742, -0.069913, -0.040224, -0.125006, -0.000647, -0.505635, 0.862727, -0.002831, -0.080659, -0.859898, -0.503995, -1.2e-05, 0.0, 0.0, 0.0, 1.0],
                [0.996145, -0.076743, -0.042477, -0.125006, -0.000724, -0.491474, 0.870869, -0.002831, -0.087714, -0.867495, -0.489597, -1.2e-05, 0.0, 0.0, 0.0, 1.0],
                [0.996389, -0.071909, -0.045134, -0.125006, -0.000626, -0.537849, 0.843016, -0.002831, -0.084899, -0.839962, -0.535915, -1.2e-05, 0.0, 0.0, 0.0, 1.0],
                [0.996887, -0.060417, -0.05066, -0.125006, -0.00048, -0.647183, 0.762309, -0.002831, -0.078846, -0.759933, -0.645159, -1.2e-05, 0.0, 0.0, 0.0, 1.0],
                [0.997107, -0.053789, -0.053703, -0.125006, -0.000426, -0.710498, 0.703673, -0.002831, -0.07601, -0.701638, -0.708427, -1.2e-05, 0.0, 0.0, 0.0, 1.0]
            ]
        },
        {
            "name": "Leg_L",
            "time": [0.0, 0.0417, 0.0833, 0.125, 0.1667, 0.2083, 0.25, 0.2917, 0.3333, 0.375, 0.4167, 0.4583, 0.5, 0.5417, 0.5833, 0.625, 0.6667, 0.7083, 0.75, 0.7917, 0.8333, 0.875, 0.9167],
            "transform": [
                [1.0, 1e-06, 1e-06, 0.0, -1e-06, 0.936626, 0.350318, 0.375166, -1e-06, -0.350335, 0.93663, 0.0, 0.0, 0.0, 0.0, 1.0],
                [1.0, 2e-06, 2e-06, 0.0, -2e-06, 0.601977, 0.798491, 0.375166, 1e-06, -0.798535, 0.601991, -0.0, 0.0, 0.0, 0.0, 1.0],
                [1.0, 2e-06, 3e-06, -0.0, -3e-06, 0.169649, 0.985487, 0.375166, 2e-06, -0.985528, 0.16966, 0.0, 0.0, 0.0, 0.0, 1.0],
                [1.0, 2e-06, 3e-06, -0.0, -3e-06, 0.215824, 0.976414, 0.375166, 2e-06, -0.976456, 0.215836, 0.0, 0.0, 0.0, 0.0, 1.0],
                [1.0, 2e-06, 2e-06, -0.0, -3e-06, 0.563932, 0.825799, 0.375166, 1e-06, -0.825845, 0.563948, 0.0, 0.0, 0.0, 0.0, 1.0],
                [1.0, 2e-06, 1e-06, -0.0, -2e-06, 0.761735, 0.647866, 0.375166, 0.0, -0.647907, 0.761747, 0.0, 0.0, 0.0, 0.0, 1.0],
                [1.0, 1e-06, 1e-06, -0.0, -2e-06, 0.844955, 0.534818, 0.375166, -0.0, -0.534851, 0.844964, -0.0, 0.0, 0.0, 0.0, 1.0],
                [1.0, 1e-06, 1e-06, 0.0, -2e-06, 0.869214, 0.494418, 0.375166, -0.0, -0.494449, 0.869222, 0.0, 0.0, 0.0, 0.0, 1.0],
                [1.0, 1e-06, 1e-06, -0.0, -2e-06, 0.867384, 0.49762, 0.375166, -0.0, -0.497651, 0.867392, -0.0, 0.0, 0.0, 0.0, 1.0],
                [1.0, 1e-06, 1e-06, 0.0, -2e-06, 0.791411, 0.611262, 0.375166, -0.0, -0.6113, 0.791423, -0.0, 0.0, 0.0, 0.0, 1.0],
                [1.0, 2e-06, 2e-06, -0.0, -2e-06, 0.601849, 0.798587, 0.375166, 1e-06, -0.798634, 0.601864, 0.0, 0.0, 0.0, 0.0, 1.0],
                [1.0, 2e-06, 2e-06, 0.0, -3e-06, 0.412788, 0.910806, 0.375166, 1e-06, -0.910854, 0.412803, -0.0, 0.0, 0.0, 0.0, 1.0],
                [1.0, 2e-06, 2e-06, -0.0, -3e-06, 0.272325, 0.962185, 0.375166, 2e-06, -0.962231, 0.272339, -0.0, 0.0, 0.0, 0.0, 1.0],
                [1.0, 2e-06, 3e-06, 0.0, -3e-06, 0.095295, 0.99543, 0.375166, 2e-06, -0.995473, 0.095306, -0.0, 0.0, 0.0, 0.0, 1.0],
                [1.0, 2e-06, 3e-06, -0.0, -3e-06, -0.072812, 0.997328, 0.375166, 3e-06, -0.997365, -0.072803, 0.0, 0.0, 0.0, 0.0, 1.0],
                [1.0, 2e-06, 3e-06, -0.0, -3e-06, -0.056824, 0.998367, 0.375166, 3e-06, -0.998404, -0.056814, 0.0, 0.0, 0.0, 0.0, 1.0],
                [1.0, 2e-06, 3e-06, 0.0, -3e-06, 0.029601, 0.999544, 0.375166, 2e-06, -0.999583, 0.029611, 0.0, 0.0, 0.0, 0.0, 1.0],
                [1.0, 2e-06, 3e-06, 0.0, -3e-06, 0.176708, 0.984245, 0.375166, 2e-06, -0.984287, 0.17672, 0.0, 0.0, 0.0, 0.0, 1.0],
                [1.0, 2e-06, 2e-06, 0.0, -3e-06, 0.343491, 0.939136, 0.375166, 1e-06, -0.939181, 0.343505, -0.0, 0.0, 0.0, 0.0, 1.0],
                [1.0, 2e-06, 2e-06, -0.0, -3e-06, 0.50575, 0.862659, 0.375166, 1e-06, -0.862704, 0.505765, 0.0, 0.0, 0.0, 0.0, 1.0],
                [1.0, 2e-06, 1e-06, 0.0, -2e-06, 0.674649, 0.738116, 0.375166, 0.0, -0.738159, 0.674663, -0.0, 0.0, 0.0, 0.0, 1.0],
                [1.0, 1e-06, 1e-06, 0.0, -2e-06, 0.863062, 0.50508, 0.375166, -0.0, -0.50511, 0.86307, -0.0, 0.0, 0.0, 0.0, 1.0],
                [1.0, 1e-06, 1e-06, 0.0, -1e-06, 0.936626, 0.350318, 0.375166, -1e-06, -0.350335, 0.93663, 0.0, 0.0, 0.0, 0.0, 1.0]
            ]
        },
        {
            "name": "Knee_L",
            "time": [0.0, 0.0417, 0.0833, 0.125, 0.1667, 0.2083, 0.25, 0.2917, 0.3333, 0.375, 0.4167, 0.4583, 0.5, 0.5417, 0.5833, 0.625, 0.6667, 0.7083, 0.75, 0.7917, 0.8333, 0.875, 0.9167],
            "transform": [
                [1.0, 0.0, -0.0, 0.0, -0.0, 0.267791, -0.963477, 0.375166, -0.0, 0.963477, 0.267791, 0.0, 0.0, 0.0, 0.0, 1.0],
                [1.0, 0.0, -0.0, 0.0, -0.0, 0.333017, -0.942921, 0.378057, -0.0, 0.942921, 0.333017, 0.005945, 0.0, 0.0, 0.0, 1.0],
                [1.0, 0.0, -0.0, -0.0, -0.0, 0.495509, -0.868603, 0.38562, -0.0, 0.868603, 0.495509, 0.021497, 0.0, 0.0, 0.0, 1.0],
                [1.0, 0.0, -0.0, -0.0, -0.0, 0.642181, -0.766553, 0.393182, -0.0, 0.766553, 0.642181, 0.037049, 0.0, 0.0, 0.0, 1.0],
                [1.0, 0.0, -0.0, 0.0, -0.0, 0.693072, -0.720869, 0.396073, -0.0, 0.720869, 0.693072, 0.042994, 0.0, 0.0, 0.0, 1.0],
                [1.0, 0.0, -0.0, -0.0, -0.0, 0.669198, -0.743084, 0.395307, -0.0, 0.743084, 0.669198, 0.040695, 0.0, 0.0, 0.0, 1.0],
                [1.0, 0.0, -0.0, -0.0, -0.0, 0.610704, -0.791859, 0.393519, -0.0, 0.791859, 0.610704, 0.035324, 0.0, 0.0, 0.0, 1.0],
                [1.0, 0.0, -0.0, 0.0, -0.0, 0.533622, -0.845723, 0.391311, -0.0, 0.845723, 0.533622, 0.028691, 0.0, 0.0, 0.0, 1.0],
                [1.0, 0.0, -0.0, -0.0, -0.0, 0.452686, -0.89167, 0.389125, -0.0, 0.89167, 0.452686, 0.022127, 0.0, 0.0, 0.0, 1.0],
                [1.0, 0.0, -0.0, 0.0, -0.0, 0.381747, -0.924267, 0.387292, -0.0, 0.924267, 0.381747, 0.016621, 0.0, 0.0, 0.0, 1.0],
                [1.0, 0.0, -0.0, -0.0, -0.0, 0.332705, -0.943031, 0.386059, -0.0, 0.943031, 0.332705, 0.012919, 0.0, 0.0, 0.0, 1.0],
                [1.0, 0.0, -0.0, 0.0, -0.0, 0.31478, -0.949165, 0.385614, -0.0, 0.949165, 0.31478, 0.011583, 0.0, 0.0, 0.0, 1.0],
                [1.0, 0.0, -0.0, 0.0, -0.0, 0.35319, -0.935552, 0.389518, -0.0, 0.935552, 0.353189, 0.013299, 0.0, 0.0, 0.0, 1.0],
                [1.0, 0.0, -0.0, 0.0, -0.0, 0.450726, -0.892663, 0.39973, -0.0, 0.892662, 0.450726, 0.017788, 0.0, 0.0, 0.0, 1.0],
                [1.0, 0.0, -0.0, 0.0, -0.0, 0.543145, -0.839639, 0.409942, -0.0, 0.839639, 0.543145, 0.022278, 0.0, 0.0, 0.0, 1.0],
                [1.0, 0.0, -0.0, 0.0, -0.0, 0.576903, -0.816813, 0.413846, -0.0, 0.816813, 0.576903, 0.023994, 0.0, 0.0, 0.0, 1.0],
                [1.0, 0.0, -0.0, 0.0, -0.0, 0.556164, -0.831073, 0.411014, -0.0, 0.831073, 0.556164, 0.022237, 0.0, 0.0, 0.0, 1.0],
                [1.0, 0.0, -0.0, 0.0, -0.0, 0.50637, -0.862316, 0.4044, -0.0, 0.862316, 0.50637, 0.018135, 0.0, 0.0, 0.0, 1.0],
                [1.0, 0.0, -0.0, 0.0, -0.0, 0.442487, -0.896775, 0.396233, -0.0, 0.896775, 0.442487, 0.013068, 0.0, 0.0, 0.0, 1.0],
                [1.0, 0.0, -0.0, 0.0, -0.0, 0.376965, -0.926228, 0.38815, -0.0, 0.926227, 0.376965, 0.008054, 0.0, 0.0, 0.0, 1.0],
                [1.0, 0.0, -0.0, 0.0, -0.0, 0.320494, -0.947251, 0.381371, -0.0, 0.947251, 0.320494, 0.003849, 0.0, 0.0, 0.0, 1.0],
                [1.0, 0.0, -0.0, 0.0, -0.0, 0.281849, -0.959459, 0.376811, -0.0, 0.959459, 0.281849, 0.00102, 0.0, 0.0, 0.0, 1.0],
                [1.0, 0.0, -0.0, 0.0, -0.0, 0.267791, -0.963477, 0.375166, -0.0, 0.963477, 0.267791, 0.0, 0.0, 0.0, 0.0, 1.0]
            ]
        },
        {
            "name": "Torso",
            "time": [0.0, 0.0417, 0.0833, 0.125, 0.1667, 0.2083, 0.25, 0.2917, 0.3333, 0.375, 0.4167, 0.4583, 0.5, 0.5417, 0.5833, 0.625, 0.6667, 0.7083, 0.75, 0.7917, 0.8333, 0.875, 0.9167],
            "transform": [
                [0.999958, 0.008665, 0.003003, 0.0, -0.009154, 0.962886, 0.269754, 0.05, -0.000554, -0.269771, 0.962924, 0.0, 0.0, 0.0, 0.0, 1.0],
                [0.999958, 0.008665, 0.003003, 0.0, -0.009154, 0.962886, 0.269754, 0.05, -0.000554, -0.269771, 0.962924, 0.0, 0.0, 0.0, 0.0, 1.0],
                [0.999958, 0.008665, 0.003003, -0.0, -0.009154, 0.962886, 0.269754, 0.05, -0.000554, -0.269771, 0.962925, 0.0, 0.0, 0.0, 0.0, 1.0],
                [0.999958, 0.008665, 0.003003, -0.0, -0.009154, 0.962886, 0.269754, 0.05, -0.000554, -0.269771, 0.962924, 0.0, 0.0, 0.0, 0.0, 1.0],
                [0.999958, 0.008665, 0.003003, 0.0, -0.009154, 0.962886, 0.269754, 0.05, -0.000554, -0.269771, 0.962924, 0.0, 0.0, 0.0, 0.0, 1.0],
                [0.999958, 0.008665, 0.003003, 0.0, -0.009154, 0.962886, 0.269754, 0.05, -0.000554, -0.269771, 0.962924, 0.0, 0.0, 0.0, 0.0, 1.0],
                [0.999958, 0.008665, 0.003003, 0.0, -0.009154, 0.962886, 0.269754, 0.05, -0.000554, -0.269771, 0.962924, -0.0, 0.0, 0.0, 0.0, 1.0],
                [0.999958, 0.008665, 0.003003, -0.0, -0.009154, 0.962886, 0.269754, 0.05, -0.000554, -0.269771, 0.962924, 0.0, 0.0, 0.0, 0.0, 1.0],
                [0.999958, 0.008665, 0.003003, -0.0, -0.009154, 0.962886, 0.269754, 0.05, -0.000554, -0.269771, 0.962924, 0.0, 0.0, 0.0, 0.0, 1.0],
                [0.999958, 0.008665, 0.003003, -0.0, -0.009154, 0.962886, 0.269754, 0.05, -0.000554, -0.269771, 0.962924, 0.0, 0.0, 0.0, 0.0, 1.0],
                [0.999958, 0.008665, 0.003003, 0.0, -0.009154, 0.962886, 0.269754, 0.05, -0.000554, -0.269771, 0.962924, 0.0, 0.0, 0.0, 0.0, 1.0],
                [0.999958, 0.008665, 0.003003, -0.0, -0.009154, 0.962886, 0.269754, 0.05, -0.000554, -0.269771, 0.962924, -0.0, 0.0, 0.0, 0.0, 1.0],
                [0.999958, 0.008665, 0.003003, 0.0, -0.009154, 0.962886, 0.269754, 0.05, -0.000554, -0.269771, 0.962924, 0.0, 0.0, 0.0, 0.0, 1.0],
                [0.999958, 0.008665, 0.003003, -0.0, -0.009154, 0.962886, 0.269754, 0.05, -0.000554, -0.269771, 0.962924, 0.0, 0.0, 0.0, 0.0, 1.0],
                [0.999958, 0.008665, 0.003003, 0.0, -0.009154, 0.962886, 0.269754, 0.05, -0.000554, -0.269771, 0.962924, 0.0, 0.0, 0.0, 0.0, 1.0],
                [0.999958, 0.008665, 0.003003, -0.0, -0.009154, 0.962886, 0.269754, 0.05, -0.000554, -0.269771, 0.962924, -0.0, 0.0, 0.0, 0.0, 1.0],
                [0.999958, 0.008665, 0.003003, 0.0, -0.009154, 0.962886, 0.269754, 0.05, -0.000554, -0.269771, 0.962924, -0.0, 0.0, 0.0, 0.0, 1.0],
                [0.999958, 0.008665, 0.003003, 0.0, -0.009154, 0.962886, 0.269754, 0.05, -0.000554, -0.269771, 0.962924, 0.0, 0.0, 0.0, 0.0, 1.0],
                [0.999958, 0.008665, 0.003003, 0.0, -0.009154, 0.962886, 0.269754, 0.05, -0.000554, -0.269771, 0.962924, 0.0, 0.0, 0.0, 0.0, 1.0],
                [0.999958, 0.008665, 0.003003, 0.0, -0.009154, 0.962886, 0.269754, 0.05, -0.000554, -0.269771, 0.962924, 0.0, 0.0, 0.0, 0.0, 1.0],
                [0.999958, 0.008665, 0.003003, -0.0, -0.009154, 0.962886, 0.269754, 0.05, -0.000554, -0.269771, 0.962924, -0.0, 0.0, 0.0, 0.0, 1.0],
                [0.999958, 0.008665, 0.003003, -0.0, -0.009154, 0.962886, 0.269754, 0.05, -0.000554, -0.269771, 0.962924, 0.0, 0.0, 0.0, 0.0, 1.0],
                [0.999958, 0.008665, 0.003003, 0.0, -0.009154, 0.962886, 0.269754, 0.05, -0.000554, -0.269771, 0.962924, 0.0, 0.0, 0.0, 0.0, 1.0]
            ]
        },
        {
            "name": "Chest",
            "time": [0.0, 0.0417, 0.0833, 0.125, 0.1667, 0.2083, 0.25, 0.2917, 0.3333, 0.375, 0.4167, 0.4583, 0.5, 0.5417, 0.5833, 0.625, 0.6667, 0.7083, 0.75, 0.7917, 0.8333, 0.875, 0.9167],
            "transform": [
                [0.99788, -0.047433, -0.04455, -0.0, 0.05277, 0.990438, 0.127467, 0.300523, 0.038078, -0.129548, 0.990842, -0.0, 0.0, 0.0, 0.0, 1.0],
                [0.997336, -0.038373, -0.062037, -0.0, 0.046618, 0.989411, 0.137452, 0.300523, 0.056105, -0.139978, 0.988564, 0.0, 0.0, 0.0, 0.0, 1.0],
                [0.993875, -0.01212, -0.109846, -0.0, 0.030155, 0.985991, 0.16405, 0.300523, 0.106319, -0.166358, 0.980317, -0.0, 0.0, 0.0, 0.0, 1.0],
                [0.986342, 0.019968, -0.163493, 0.0, 0.011878, 0.981417, 0.191521, 0.300523, 0.164279, -0.190847, 0.967776, 0.0, 0.0, 0.0, 0.0, 1.0],
                [0.979487, 0.041772, -0.19713, -0.0, -0.000929, 0.979204, 0.202877, 0.300523, 0.201505, -0.198532, 0.959156, 0.0, 0.0, 0.0, 0.0, 1.0],
                [0.97508, 0.053518, -0.2153, 0.0, -0.009822, 0.97993, 0.199102, 0.300523, 0.221634, -0.192026, 0.956036, 0.0, 0.0, 0.0, 0.0, 1.0],
                [0.97143, 0.062093, -0.229059, 0.0, -0.018219, 0.981829, 0.18889, 0.300523, 0.236626, -0.17932, 0.95491, 0.0, 0.0, 0.0, 0.0, 1.0],
                [0.968561, 0.068101, -0.239274, 0.0, -0.025733, 0.984069, 0.175916, 0.300523, 0.247442, -0.164228, 0.954883, -0.0, 0.0, 0.0, 0.0, 1.0],
                [0.966445, 0.072087, -0.24655, -0.0, -0.031998, 0.986124, 0.162896, 0.300523, 0.254872, -0.149541, 0.955342, 0.0, 0.0, 0.0, 0.0, 1.0],
                [0.965026, 0.074517, -0.25134, 0.0, -0.036712, 0.987717, 0.151879, 0.300523, 0.25957, -0.13734, 0.955909, 0.0, 0.0, 0.0, 0.0, 1.0],
                [0.964231, 0.075768, -0.254002, 0.0, -0.039648, 0.988721, 0.144424, 0.300523, 0.262079, -0.129187, 0.95636, 0.0, 0.0, 0.0, 0.0, 1.0],
                [0.963984, 0.076133, -0.254831, 0.0, -0.040649, 0.989071, 0.141723, 0.300523, 0.262836, -0.12626, 0.956544, -0.0, 0.0, 0.0, 0.0, 1.0],
                [0.965372, 0.073793, -0.250224, -0.0, -0.036548, 0.987956, 0.150355, 0.300523, 0.258305, -0.136003, 0.956442, 0.0, 0.0, 0.0, 0.0, 1.0],
                [0.969482, 0.066072, -0.236091, -0.0, -0.025023, 0.984638, 0.172807, 0.300523, 0.243882, -0.161626, 0.956242, 0.0, 0.0, 0.0, 0.0, 1.0],
                [0.974826, 0.054165, -0.216288, 0.0, -0.011236, 0.980746, 0.194966, 0.300523, 0.222684, -0.187628, 0.956665, -0.0, 0.0, 0.0, 0.0, 1.0],
                [0.979487, 0.041772, -0.19713, -0.0, -0.000929, 0.979204, 0.202877, 0.300523, 0.201505, -0.198532, 0.959156, 0.0, 0.0, 0.0, 0.0, 1.0],
                [0.984629, 0.026193, -0.172686, -0.0, 0.008395, 0.980451, 0.196584, 0.300523, 0.174459, -0.195012, 0.96516, 0.0, 0.0, 0.0, 0.0, 1.0],
                [0.98967, 0.007928, -0.143147, 0.0, 0.01864, 0.982879, 0.183307, 0.300523, 0.142149, -0.184082, 0.972578, 0.0, 0.0, 0.0, 0.0, 1.0],
                [0.99355, -0.009972, -0.112956, 0.0, 0.028919, 0.985469, 0.167375, 0.300523, 0.109645, -0.169562, 0.979401, -0.0, 0.0, 0.0, 0.0, 1.0],
                [0.996005, -0.025488, -0.085584, -0.0, 0.038326, 0.987654, 0.151889, 0.300523, 0.080656, -0.154562, 0.984685, -0.0, 0.0, 0.0, 0.0, 1.0],
                [0.997266, -0.037365, -0.063753, -0.0, 0.045954, 0.989215, 0.139072, 0.300523, 0.057869, -0.141621, 0.988228, 0.0, 0.0, 0.0, 0.0, 1.0],
                [0.997764, -0.044845, -0.049554, 0.0, 0.050985, 0.990132, 0.130533, 0.300523, 0.043212, -0.132768, 0.990205, -0.0, 0.0, 0.0, 0.0, 1.0],
                [0.99788, -0.047433, -0.04455, -0.0, 0.05277, 0.990438, 0.127467, 0.300523, 0.038078, -0.129548, 0.990842, -0.0, 0.0, 0.0, 0.0, 1.0]
            ]
        },
        {
            "name": "Head",
            "time": [0.0, 0.0417, 0.0833, 0.125, 0.1667, 0.2083, 0.25, 0.2917, 0.3333, 0.375, 0.4167, 0.4583, 0.5, 0.5417, 0.5833, 0.625, 0.6667, 0.7083, 0.75, 0.7917, 0.8333, 0.875, 0.9167],
            "transform": [
                [0.99382, 0.041266, 0.103049, 0.0, -0.007307, 0.95064, -0.31021, 0.400392, -0.110764, 0.30754, 0.945067, -0.0, 0.0, 0.0, 0.0, 1.0],
                [0.992585, 0.044013, 0.113306, 0.0, -0.004197, 0.944, -0.329918, 0.400392, -0.121481, 0.326997, 0.937185, -0.0, 0.0, 0.0, 0.0, 1.0],
                [0.987736, 0.052063, 0.147199, -0.0, 0.005247, 0.931169, -0.364549, 0.400392, -0.156047, 0.360851, 0.919476, -0.0, 0.0, 0.0, 0.0, 1.0],
                [0.980819, 0.059643, 0.185571, -0.0, 0.014567, 0.926946, -0.374913, 0.400392, -0.194376, 0.370425, 0.908297, -0.0, 0.0, 0.0, 0.0, 1.0],
                [0.977201, 0.061433, 0.203237, 0.0, 0.01722, 0.931139, -0.364258, 0.400392, -0.211619, 0.359453, 0.908851, 0.0, 0.0, 0.0, 0.0, 1.0],
                [0.976225, 0.060539, 0.208131, -0.0, 0.016606, 0.936496, -0.350284, 0.400392, -0.21612, 0.345412, 0.913226, -0.0, 0.0, 0.0, 0.0, 1.0],
                [0.975772, 0.058893, 0.210713, -0.0, 0.015149, 0.942593, -0.3336, 0.400392, -0.218263, 0.32871, 0.918864, -0.0, 0.0, 0.0, 0.0, 1.0],
                [0.976076, 0.056839, 0.209868, 0.0, 0.013126, 0.948062, -0.317813, 0.400392, -0.217032, 0.312965, 0.924635, 0.0, 0.0, 0.0, 0.0, 1.0],
                [0.977504, 0.054352, 0.203792, -0.0, 0.010421, 0.952599, -0.304049, 0.400392, -0.210658, 0.299333, 0.930604, -0.0, 0.0, 0.0, 0.0, 1.0],
                [0.980649, 0.051638, 0.188843, 0.0, 0.007039, 0.954663, -0.297604, 0.400392, -0.195649, 0.293174, 0.935826, -0.0, 0.0, 0.0, 0.0, 1.0],
                [0.984221, 0.04964, 0.169837, -0.0, 0.004132, 0.953131, -0.30253, 0.400392, -0.176894, 0.298459, 0.937886, -0.0, 0.0, 0.0, 0.0, 1.0],
                [0.985509, 0.049512, 0.162238, 0.0, 0.003606, 0.950119, -0.311865, 0.400392, -0.169587, 0.307931, 0.936172, -0.0, 0.0, 0.0, 0.0, 1.0],
                [0.983671, 0.053065, 0.171974, -0.0, 0.007506, 0.942616, -0.333795, 0.400392, -0.179818, 0.329636, 0.926826, 0.0, 0.0, 0.0, 0.0, 1.0],
                [0.980758, 0.058515, 0.186254, 0.0, 0.013505, 0.931406, -0.363732, 0.400392, -0.194761, 0.359248, 0.912693, 0.0, 0.0, 0.0, 0.0, 1.0],
                [0.978782, 0.061505, 0.195453, 0.0, 0.016888, 0.926426, -0.376098, 0.400392, -0.204205, 0.371419, 0.905731, 0.0, 0.0, 0.0, 0.0, 1.0],
                [0.977192, 0.062007, 0.203104, 0.0, 0.017772, 0.929187, -0.369182, 0.400392, -0.211614, 0.364371, 0.906892, 0.0, 0.0, 0.0, 0.0, 1.0],
                [0.977187, 0.060609, 0.203549, -0.0, 0.016435, 0.93396, -0.356999, 0.400392, -0.211744, 0.3522, 0.911658, -0.0, 0.0, 0.0, 0.0, 1.0],
                [0.978089, 0.058142, 0.199902, 0.0, 0.013857, 0.939899, -0.341172, 0.400392, -0.207724, 0.336467, 0.918499, -0.0, 0.0, 0.0, 0.0, 1.0],
                [0.980831, 0.054459, 0.187097, 0.0, 0.009639, 0.945419, -0.325713, 0.400392, -0.194623, 0.321273, 0.926772, -0.0, 0.0, 0.0, 0.0, 1.0],
                [0.985397, 0.049598, 0.162886, -0.0, 0.003722, 0.95013, -0.311832, 0.400392, -0.170229, 0.307885, 0.936071, -0.0, 0.0, 0.0, 0.0, 1.0],
                [0.989837, 0.045207, 0.134833, -0.0, -0.001916, 0.952281, -0.305218, 0.400392, -0.142196, 0.301858, 0.942689, 0.0, 0.0, 0.0, 0.0, 1.0],
                [0.992816, 0.042331, 0.111915, -0.0, -0.005836, 0.951345, -0.308073, 0.400392, -0.119511, 0.305207, 0.944757, 0.0, 0.0, 0.0, 0.0, 1.0],
                [0.99382, 0.041266, 0.103049, 0.0, -0.007307, 0.95064, -0.31021, 0.400392, -0.110764, 0.30754, 0.945067, -0.0, 0.0, 0.0, 0.0, 1.0]
            ]
        },
        {
            "name": "Shoulder_R",
            "time": [0.0, 0.0417, 0.0833, 0.125, 0.1667, 0.2083, 0.25, 0.2917, 0.3333, 0.375, 0.4167, 0.4583, 0.5, 0.5417, 0.5833, 0.625, 0.6667, 0.7083, 0.75, 0.7917, 0.8333, 0.875, 0.9167],
            "transform": [
                [-0.0, 0.952114, 0.305743, 0.00717, -0.044253, -0.305444, 0.951181, 0.341549, 0.99902, -0.01353, 0.042134, 0.050421, 0.0, 0.0, 0.0, 1.0],
                [-0.0, 0.952114, 0.305743, 0.006862, -0.044253, -0.305444, 0.951181, 0.337479, 0.99902, -0.01353, 0.042134, 0.050264, 0.0, 0.0, 0.0, 1.0],
                [-0.0, 0.952114, 0.305743, 0.006239, -0.044253, -0.305444, 0.951181, 0.326768, 0.99902, -0.01353, 0.042134, 0.049989, 0.0, 0.0, 0.0, 1.0],
                [-0.0, 0.952114, 0.305743, 0.006105, -0.044253, -0.305444, 0.951181, 0.315884, 0.99902, -0.01353, 0.042134, 0.050084, 0.0, 0.0, 0.0, 1.0],
                [-0.0, 0.952114, 0.305743, 0.00703, -0.044253, -0.305444, 0.951181, 0.311376, 0.99902, -0.01353, 0.042134, 0.050861, 0.0, 0.0, 0.0, 1.0],
                [-0.0, 0.952114, 0.305743, 0.008499, -0.044253, -0.305444, 0.951181, 0.31096, 0.99902, -0.01353, 0.042134, 0.056321, 0.0, 0.0, 0.0, 1.0],
                [-0.0, 0.952114, 0.305743, 0.00991, -0.044253, -0.305444, 0.951181, 0.310789, 0.99902, -0.01353, 0.042134, 0.065644, 0.0, 0.0, 0.0, 1.0],
                [-0.0, 0.952114, 0.305743, 0.011171, -0.044253, -0.305444, 0.951181, 0.310768, 0.99902, -0.01353, 0.042134, 0.076338, 0.0, 0.0, 0.0, 1.0],
                [-0.0, 0.952114, 0.305743, 0.012217, -0.044253, -0.305444, 0.951181, 0.310829, 0.99902, -0.01353, 0.042134, 0.086578, 0.0, 0.0, 0.0, 1.0],
                [-0.0, 0.952114, 0.305743, 0.012999, -0.044253, -0.305444, 0.951181, 0.310917, 0.99902, -0.01353, 0.042134, 0.095006, 0.0, 0.0, 0.0, 1.0],
                [-0.0, 0.952114, 0.305743, 0.013485, -0.044253, -0.305444, 0.951181, 0.310992, 0.99902, -0.01353, 0.042134, 0.100606, 0.0, 0.0, 0.0, 1.0],
                [-0.0, 0.952114, 0.305743, 0.013651, -0.044253, -0.305444, 0.951181, 0.311023, 0.99902, -0.01353, 0.042134, 0.10261, 0.0, 0.0, 0.0, 1.0],
                [-0.0, 0.952114, 0.305743, 0.013477, -0.044253, -0.305444, 0.951181, 0.310631, 0.99902, -0.01353, 0.042134, 0.10032, 0.0, 0.0, 0.0, 1.0],
                [-0.0, 0.952114, 0.305743, 0.012934, -0.044253, -0.305444, 0.951181, 0.309661, 0.99902, -0.01353, 0.042134, 0.093706, 0.0, 0.0, 0.0, 1.0],
                [-0.0, 0.952114, 0.305743, 0.012155, -0.044253, -0.305444, 0.951181, 0.308841, 0.99902, -0.01353, 0.042134, 0.085406, 0.0, 0.0, 0.0, 1.0],
                [-0.0, 0.952114, 0.305743, 0.011385, -0.044253, -0.305444, 0.951181, 0.308829, 0.99902, -0.01353, 0.042134, 0.078862, 0.0, 0.0, 0.0, 1.0],
                [-0.0, 0.952114, 0.305743, 0.010244, -0.044253, -0.305444, 0.951181, 0.311653, 0.99902, -0.01353, 0.042134, 0.073148, 0.0, 0.0, 0.0, 1.0],
                [-0.0, 0.952114, 0.305743, 0.009288, -0.044253, -0.305444, 0.951181, 0.317369, 0.99902, -0.01353, 0.042134, 0.067255, 0.0, 0.0, 0.0, 1.0],
                [-0.0, 0.952114, 0.305743, 0.008513, -0.044253, -0.305444, 0.951181, 0.324218, 0.99902, -0.01353, 0.042134, 0.061754, 0.0, 0.0, 0.0, 1.0],
