{
    "animation": [
        {
            "name": "Root",
            "time": [0.0, 0.0167, 0.0333, 0.05, 0.0667, 0.0833, 0.1, 0.1167, 0.1333, 0.15, 0.1667, 0.1833, 0.2, 0.2167, 0.2333, 0.25, 0.2667, 0.2833, 0.3, 0.3167, 0.3333, 0.35, 0.3667, 0.3833, 0.4, 0.4167, 0.4333, 0.45, 0.4667, 0.4833, 0.5, 0.5167, 0.5333, 0.55, 0.5667, 0.5833, 0.6, 0.6167, 0.6333, 0.65, 0.6667, 0.6833, 0.7, 0.7167, 0.7333, 0.75, 0.7667, 0.7833, 0.8, 0.8167, 0.8333, 0.85, 0.8667, 0.8833, 0.9, 0.9167, 0.9333],
            "transform": [
                [0.997126, 0.0, -0.075768, -0.007513, -0.075768, 0.0, -0.997126, 0.000946, 0.0, 1.0, 0.0, 0.642667, 0.0, 0.0, 0.0, 1.0],
                [0.997223, 0.0, -0.074474, -0.007421, -0.074474, 0.0, -0.997223, 0.000946, 0.0, 1.0, 0.0, 0.635713, 0.0, 0.0, 0.0, 1.0],
                [0.997526, 0.0, -0.070296, -0.007134, -0.070296, 0.0, -0.997526, 0.000946, 0.0, 1.0, 0.0, 0.616125, 0.0, 0.0, 0.0, 1.0],
                [0.997982, 0.0, -0.063496, -0.006639, -0.063496, 0.0, -0.997982, 0.000946, 0.0, 1.0, 0.0, 0.590974, 0.0, 0.0, 0.0, 1.0],
                [0.998464, 0.0, -0.055406, -0.005941, -0.055406, 0.0, -0.998464, 0.000946, 0.0, 1.0, 0.0, 0.571386, 0.0, 0.0, 0.0, 1.0],
                [0.998873, 0.0, -0.047457, -0.005068, -0.047457, 0.0, -0.998873, 0.000946, 0.0, 1.0, 0.0, 0.564432, 0.0, 0.0, 0.0, 1.0],
                [0.999237, 0.0, -0.039048, -0.004071, -0.039048, 0.0, -0.999237, 0.000946, 0.0, 1.0, 0.0, 0.573153, 0.0, 0.0, 0.0, 1.0],
                [0.999576, 0.0, -0.029116, -0.003013, -0.029116, 0.0, -0.999576, 0.000946, 0.0, 1.0, 0.0, 0.598815, 0.0, 0.0, 0.0, 1.0],
                [0.999829, 0.0, -0.018493, -0.001954, -0.018493, 0.0, -0.999829, 0.000946, 0.0, 1.0, 0.0, 0.634714, 0.0, 0.0, 0.0, 1.0],
                [0.999964, 0.0, -0.008505, -0.000942, -0.008505, 0.0, -0.999964, 0.000946, 0.0, 1.0, 0.0, 0.66841, 0.0, 0.0, 0.0, 1.0],
                [1.0, 0.0, -0.0, -5e-06, -0.0, 0.0, -1.0, 0.000946, 0.0, 1.0, 0.0, 0.6908, 0.0, 0.0, 0.0, 1.0],
                [0.999972, 0.0, 0.007421, 0.000949, 0.007421, 0.0, -0.999972, 0.000946, 0.0, 1.0, 0.0, 0.705563, 0.0, 0.0, 0.0, 1.0],
                [0.999898, 0.0, 0.014293, 0.002021, 0.014293, 0.0, -0.999898, 0.000946, 0.0, 1.0, 0.0, 0.718514, 0.0, 0.0, 0.0, 1.0],
                [0.999788, 0.0, 0.020605, 0.003204, 0.020605, 0.0, -0.999788, 0.000946, 0.0, 1.0, 0.0, 0.729347, 0.0, 0.0, 0.0, 1.0],
                [0.999651, 0.0, 0.026399, 0.00449, 0.026399, 0.0, -0.999651, 0.000946, 0.0, 1.0, 0.0, 0.73784, 0.0, 0.0, 0.0, 1.0],
                [0.999495, 0.0, 0.031789, 0.005862, 0.031789, 0.0, -0.999495, 0.000946, 0.0, 1.0, 0.0, 0.74396, 0.0, 0.0, 0.0, 1.0],
                [0.999317, 0.0, 0.036947, 0.007298, 0.036947, 0.0, -0.999317, 0.000946, 0.0, 1.0, 0.0, 0.747919, 0.0, 0.0, 0.0, 1.0],
                [0.999115, 0.0, 0.04207, 0.008771, 0.04207, 0.0, -0.999115, 0.000946, 0.0, 1.0, 0.0, 0.750148, 0.0, 0.0, 0.0, 1.0],
                [0.998879, 0.0, 0.04733, 0.010248, 0.04733, 0.0, -0.998879, 0.000946, 0.0, 1.0, 0.0, 0.751177, 0.0, 0.0, 0.0, 1.0],
                [0.998603, 0.0, 0.052847, 0.011693, 0.052847, 0.0, -0.998603, 0.000946, 0.0, 1.0, 0.0, 0.751512, 0.0, 0.0, 0.0, 1.0],
                [0.998277, 0.0, 0.058686, 0.013069, 0.058686, 0.0, -0.998277, 0.000946, 0.0, 1.0, 0.0, 0.751554, 0.0, 0.0, 0.0, 1.0],
                [0.997862, 0.0, 0.065361, 0.01434, 0.065361, 0.0, -0.997862, 0.000946, 0.0, 1.0, 0.0, 0.749298, 0.0, 0.0, 0.0, 1.0],
                [0.997316, 0.0, 0.073219, 0.015477, 0.073219, 0.0, -0.997316, 0.000946, 0.0, 1.0, 0.0, 0.742232, 0.0, 0.0, 0.0, 1.0],
                [0.996648, 0.0, 0.081805, 0.016457, 0.081805, 0.0, -0.996648, 0.000946, 0.0, 1.0, 0.0, 0.730302, 0.0, 0.0, 0.0, 1.0],
                [0.995913, 0.0, 0.090323, 0.017264, 0.090323, 0.0, -0.995913, 0.000946, 0.0, 1.0, 0.0, 0.714245, 0.0, 0.0, 0.0, 1.0],
                [0.995206, 0.0, 0.097799, 0.01789, 0.097799, 0.0, -0.995206, 0.000946, 0.0, 1.0, 0.0, 0.695661, 0.0, 0.0, 0.0, 1.0],
                [0.994638, 0.0, 0.103421, 0.018332, 0.103421, 0.0, -0.994638, 0.000946, 0.0, 1.0, 0.0, 0.676534, 0.0, 0.0, 0.0, 1.0],
                [0.994283, 0.0, 0.10678, 0.018592, 0.10678, 0.0, -0.994283, 0.000946, 0.0, 1.0, 0.0, 0.658535, 0.0, 0.0, 0.0, 1.0],
                [0.994166, 0.0, 0.10786, 0.018678, 0.10786, 0.0, -0.994166, 0.000946, 0.0, 1.0, 0.0, 0.642667, 0.0, 0.0, 0.0, 1.0],
                [0.994412, 0.0, 0.105566, 0.018631, 0.105566, 0.0, -0.994412, 0.000946, 0.0, 1.0, 0.0, 0.625225, 0.0, 0.0, 0.0, 1.0],
                [0.995152, 0.0, 0.098345, 0.018478, 0.098345, 0.0, -0.995152, 0.000946, 0.0, 1.0, 0.0, 0.603703, 0.0, 0.0, 0.0, 1.0],
                [0.996206, 0.0, 0.087025, 0.018203, 0.087025, 0.0, -0.996206, 0.000946, 0.0, 1.0, 0.0, 0.582994, 0.0, 0.0, 0.0, 1.0],
                [0.997241, 0.0, 0.074229, 0.017796, 0.074229, 0.0, -0.997241, 0.000946, 0.0, 1.0, 0.0, 0.569025, 0.0, 0.0, 0.0, 1.0],
                [0.998048, 0.0, 0.062457, 0.017257, 0.062457, 0.0, -0.998048, 0.000946, 0.0, 1.0, 0.0, 0.564432, 0.0, 0.0, 0.0, 1.0],
                [0.998704, 0.0, 0.050888, 0.016601, 0.050888, 0.0, -0.998704, 0.000946, 0.0, 1.0, 0.0, 0.571771, 0.0, 0.0, 0.0, 1.0],
                [0.999281, 0.0, 0.037907, 0.015853, 0.037907, 0.0, -0.999281, 0.000946, 0.0, 1.0, 0.0, 0.59339, 0.0, 0.0, 0.0, 1.0],
                [0.999704, 0.0, 0.024332, 0.015046, 0.024332, 0.0, -0.999704, 0.000946, 0.0, 1.0, 0.0, 0.623687, 0.0, 0.0, 0.0, 1.0],
                [0.999935, 0.0, 0.011432, 0.014208, 0.011432, 0.0, -0.999935, 0.000946, 0.0, 1.0, 0.0, 0.652226, 0.0, 0.0, 0.0, 1.0],
                [1.0, 0.0, -0.0, 0.013361, -0.0, 0.0, -1.0, 0.000946, 0.0, 1.0, 0.0, 0.671339, 0.0, 0.0, 0.0, 1.0],
                [0.999938, 0.0, -0.011106, 0.012437, -0.011106, 0.0, -0.999938, 0.000946, 0.0, 1.0, 0.0, 0.684099, 0.0, 0.0, 0.0, 1.0],
                [0.999735, 0.0, -0.023027, 0.011358, -0.023027, 0.0, -0.999735, 0.000946, 0.0, 1.0, 0.0, 0.695384, 0.0, 0.0, 0.0, 1.0],
                [0.999372, 0.0, -0.035422, 0.010128, -0.035422, 0.0, -0.999372, 0.000946, 0.0, 1.0, 0.0, 0.704924, 0.0, 0.0, 0.0, 1.0],
                [0.998859, 0.0, -0.047754, 0.008759, -0.047754, 0.0, -0.998859, 0.000946, 0.0, 1.0, 0.0, 0.712515, 0.0, 0.0, 0.0, 1.0],
                [0.998239, 0.0, -0.059327, 0.007269, -0.059327, 0.0, -0.998239, 0.000946, 0.0, 1.0, 0.0, 0.718097, 0.0, 0.0, 0.0, 1.0],
                [0.997588, 0.0, -0.069421, 0.005681, -0.069421, 0.0, -0.997588, 0.000946, 0.0, 1.0, 0.0, 0.721819, 0.0, 0.0, 0.0, 1.0],
                [0.996995, 0.0, -0.077462, 0.004029, -0.077462, 0.0, -0.996995, 0.000946, 0.0, 1.0, 0.0, 0.724013, 0.0, 0.0, 0.0, 1.0],
                [0.996537, 0.0, -0.083148, 0.002352, -0.083148, 0.0, -0.996537, 0.000946, 0.0, 1.0, 0.0, 0.72511, 0.0, 0.0, 0.0, 1.0],
                [0.996257, 0.0, -0.08644, 0.000696, -0.08644, 0.0, -0.996257, 0.000946, 0.0, 1.0, 0.0, 0.725528, 0.0, 0.0, 0.0, 1.0],
                [0.996166, 0.0, -0.087487, -0.000896, -0.087487, 0.0, -0.996166, 0.000946, 0.0, 1.0, 0.0, 0.725607, 0.0, 0.0, 0.0, 1.0],
                [0.996201, 0.0, -0.087081, -0.002377, -0.087081, 0.0, -0.996201, 0.000946, 0.0, 1.0, 0.0, 0.722729, 0.0, 0.0, 0.0, 1.0],
                [0.996307, 0.0, -0.085867, -0.003711, -0.085867, 0.0, -0.996307, 0.000946, 0.0, 1.0, 0.0, 0.714138, 0.0, 0.0, 0.0, 1.0],
                [0.996469, 0.0, -0.083957, -0.004868, -0.083957, 0.0, -0.996469, 0.000946, 0.0, 1.0, 0.0, 0.700613, 0.0, 0.0, 0.0, 1.0],
                [0.996663, 0.0, -0.081629, -0.005825, -0.081629, 0.0, -0.996663, 0.000946, 0.0, 1.0, 0.0, 0.684137, 0.0, 0.0, 0.0, 1.0],
                [0.996851, 0.0, -0.079301, -0.00657, -0.079301, 0.0, -0.996851, 0.000946, 0.0, 1.0, 0.0, 0.667662, 0.0, 0.0, 0.0, 1.0],
                [0.997001, 0.0, -0.077389, -0.007098, -0.077389, 0.0, -0.997001, 0.000946, 0.0, 1.0, 0.0, 0.654137, 0.0, 0.0, 0.0, 1.0],
                [0.997095, 0.0, -0.076175, -0.00741, -0.076175, 0.0, -0.997095, 0.000946, 0.0, 1.0, 0.0, 0.645546, 0.0, 0.0, 0.0, 1.0],
                [0.997126, 0.0, -0.075768, -0.007513, -0.075768, 0.0, -0.997126, 0.000946, 0.0, 1.0, 0.0, 0.642667, 0.0, 0.0, 0.0, 1.0]
            ]
        },
        {
            "name": "Thigh_R",
            "time": [0.0, 0.0167, 0.0333, 0.05, 0.0667, 0.0833, 0.1, 0.1167, 0.1333, 0.15, 0.1667, 0.1833, 0.2, 0.2167, 0.2333, 0.25, 0.2667, 0.2833, 0.3, 0.3167, 0.3333, 0.35, 0.3667, 0.3833, 0.4, 0.4167, 0.4333, 0.45, 0.4667, 0.4833, 0.5, 0.5167, 0.5333, 0.55, 0.5667, 0.5833, 0.6, 0.6167, 0.6333, 0.65, 0.6667, 0.6833, 0.7, 0.7167, 0.7333, 0.75, 0.7667, 0.7833, 0.8, 0.8167, 0.8333, 0.85, 0.8667, 0.8833, 0.9, 0.9167, 0.9333],
            "transform": [
                [0.996229, 0.027066, -0.082429, 0.129194, 0.025758, -0.999525, -0.01689, 0.012748, -0.082847, 0.014703, -0.996454, 0.071524, 0.0, 0.0, 0.0, 1.0],
                [0.996334, 0.026575, -0.081316, 0.129188, 0.025606, -0.999588, -0.012925, 0.012997, -0.081626, 0.010796, -0.996605, 0.070829, 0.0, 0.0, 0.0, 1.0],
                [0.996666, 0.024765, -0.077746, 0.129166, 0.025177, -0.999674, 0.004312, 0.013749, -0.077614, -0.006256, -0.996964, 0.068728, 0.0, 0.0, 0.0, 1.0],
                [0.997181, 0.02151, -0.071887, 0.129131, 0.024537, -0.998837, 0.041504, 0.015007, -0.070911, -0.043151, -0.996549, 0.065215, 0.0, 0.0, 0.0, 1.0],
                [0.997754, 0.017501, -0.064655, 0.12908, 0.023833, -0.994851, 0.098502, 0.016763, -0.062598, -0.099822, -0.993034, 0.060314, 0.0, 0.0, 0.0, 1.0],
                [0.998275, 0.013782, -0.057069, 0.129013, 0.023227, -0.985461, 0.168303, 0.018995, -0.05392, -0.169338, -0.984082, 0.054084, 0.0, 0.0, 0.0, 1.0],
                [0.998776, 0.010805, -0.048275, 0.128931, 0.022611, -0.967667, 0.251216, 0.021664, -0.044, -0.252, -0.966727, 0.046632, 0.0, 0.0, 0.0, 1.0],
                [0.999263, 0.009444, -0.03721, 0.128835, 0.021782, -0.937621, 0.346976, 0.024715, -0.031612, -0.34753, -0.937135, 0.038113, 0.0, 0.0, 0.0, 1.0],
                [0.999621, 0.010603, -0.025396, 0.128725, 0.020614, -0.899841, 0.43573, 0.028074, -0.018233, -0.436088, -0.899719, 0.028736, 0.0, 0.0, 0.0, 1.0],
                [0.999796, 0.013674, -0.014879, 0.128603, 0.019289, -0.865306, 0.500873, 0.031649, -0.006026, -0.501057, -0.865393, 0.018756, 0.0, 0.0, 0.0, 1.0],
                [0.999826, 0.017467, -0.006603, 0.12847, 0.018247, -0.838706, 0.544278, 0.035336, 0.003969, -0.544304, -0.838879, 0.008464, 0.0, 0.0, 0.0, 1.0],
                [0.999768, 0.021523, 0.000103, 0.12833, 0.017511, -0.816177, 0.577537, 0.039023, 0.012515, -0.577401, -0.816365, -0.001828, 0.0, 0.0, 0.0, 1.0],
                [0.999651, 0.025731, 0.005966, 0.128185, 0.016858, -0.795396, 0.605856, 0.042597, 0.020334, -0.605544, -0.795552, -0.011809, 0.0, 0.0, 0.0, 1.0],
                [0.999492, 0.02988, 0.011068, 0.128037, 0.016248, -0.776728, 0.629627, 0.045956, 0.02741, -0.629127, -0.776819, -0.021186, 0.0, 0.0, 0.0, 1.0],
                [0.999306, 0.033848, 0.015532, 0.127889, 0.015664, -0.760383, 0.649286, 0.049008, 0.033787, -0.648593, -0.760386, -0.029704, 0.0, 0.0, 0.0, 1.0],
                [0.999102, 0.037586, 0.019541, 0.127743, 0.01509, -0.746797, 0.664881, 0.051677, 0.039583, -0.663989, -0.746694, -0.037156, 0.0, 0.0, 0.0, 1.0],
                [0.998882, 0.041137, 0.023303, 0.127601, 0.014532, -0.736171, 0.67664, 0.053908, 0.04499, -0.675545, -0.735946, -0.043386, 0.0, 0.0, 0.0, 1.0],
                [0.99864, 0.044571, 0.027042, 0.127464, 0.013986, -0.728752, 0.684635, 0.055664, 0.050222, -0.683326, -0.728384, -0.048288, 0.0, 0.0, 0.0, 1.0],
                [0.99837, 0.047953, 0.030951, 0.127334, 0.01344, -0.724568, 0.689072, 0.056923, 0.055469, -0.687533, -0.724032, -0.051801, 0.0, 0.0, 0.0, 1.0],
                [0.998064, 0.05128, 0.035197, 0.127211, 0.012858, -0.72379, 0.6899, 0.057675, 0.060854, -0.688112, -0.723049, -0.053902, 0.0, 0.0, 0.0, 1.0],
                [0.997717, 0.054475, 0.039919, 0.127096, 0.01219, -0.726636, 0.686914, 0.057924, 0.066426, -0.684859, -0.725641, -0.054597, 0.0, 0.0, 0.0, 1.0],
                [0.997303, 0.057089, 0.046132, 0.126979, 0.011258, -0.740052, 0.672455, 0.057511, 0.07253, -0.670122, -0.738698, -0.05439, 0.0, 0.0, 0.0, 1.0],
                [0.9968, 0.05792, 0.055086, 0.126851, 0.009759, -0.772184, 0.635324, 0.056261, 0.079335, -0.632754, -0.770278, -0.053753, 0.0, 0.0, 0.0, 1.0],
                [0.996258, 0.053878, 0.067585, 0.126712, 0.006989, -0.829594, 0.558322, 0.054173, 0.08615, -0.555761, -0.826867, -0.052661, 0.0, 0.0, 0.0, 1.0],
                [0.995644, 0.047019, 0.08051, 0.126562, 0.003832, -0.883427, 0.468552, 0.05127, 0.093156, -0.466203, -0.87976, -0.0511, 0.0, 0.0, 0.0, 1.0],
                [0.99486, 0.051586, 0.087134, 0.126405, 0.004119, -0.880409, 0.474196, 0.047603, 0.101175, -0.4714, -0.876096, -0.049063, 0.0, 0.0, 0.0, 1.0],
                [0.99423, 0.055192, 0.091979, 0.126243, 0.004265, -0.877139, 0.480217, 0.043257, 0.107183, -0.477053, -0.872314, -0.046556, 0.0, 0.0, 0.0, 1.0],
                [0.993843, 0.057846, 0.094501, 0.126077, 0.00428, -0.872308, 0.488937, 0.038356, 0.110717, -0.485522, -0.867185, -0.043602, 0.0, 0.0, 0.0, 1.0],
                [0.993467, 0.073296, 0.087473, 0.125913, 0.007449, -0.806499, 0.591188, 0.033061, 0.113879, -0.586674, -0.801776, -0.040245, 0.0, 0.0, 0.0, 1.0],
                [0.993273, 0.09096, 0.071654, 0.125753, 0.01165, -0.69417, 0.719717, 0.027561, 0.115206, -0.714041, -0.69056, -0.036542, 0.0, 0.0, 0.0, 1.0],
                [0.993671, 0.098415, 0.054148, 0.125602, 0.014827, -0.59275, 0.80525, 0.022061, 0.111345, -0.79935, -0.590458, -0.032567, 0.0, 0.0, 0.0, 1.0],
                [0.994561, 0.096743, 0.038574, 0.125463, 0.017373, -0.519286, 0.854424, 0.016764, 0.102691, -0.849107, -0.518143, -0.028402, 0.0, 0.0, 0.0, 1.0],
                [0.995636, 0.08904, 0.027922, 0.12534, 0.019406, -0.490239, 0.871372, 0.011862, 0.091276, -0.867028, -0.489828, -0.024132, 0.0, 0.0, 0.0, 1.0],
                [0.996612, 0.079273, 0.021905, 0.125233, 0.02098, -0.502582, 0.864275, 0.007513, 0.079523, -0.860887, -0.502542, -0.019836, 0.0, 0.0, 0.0, 1.0],
                [0.997537, 0.067623, 0.018631, 0.125146, 0.022234, -0.55676, 0.830376, 0.003842, 0.066526, -0.827916, -0.556892, -0.015585, 0.0, 0.0, 0.0, 1.0],
                [0.998464, 0.053102, 0.015792, 0.125079, 0.022937, -0.655706, 0.754668, 0.000935, 0.050429, -0.753147, -0.655917, -0.011438, 0.0, 0.0, 0.0, 1.0],
                [0.999207, 0.038267, 0.010964, 0.125031, 0.022483, -0.769804, 0.637884, -0.001157, 0.03285, -0.637132, -0.770055, -0.00744, 0.0, 0.0, 0.0, 1.0],
                [0.999646, 0.026349, 0.003565, 0.125003, 0.020974, -0.863833, 0.50334, -0.002412, 0.016343, -0.503088, -0.864081, -0.003624, 0.0, 0.0, 0.0, 1.0],
                [0.999812, 0.018676, -0.005129, 0.124994, 0.019223, -0.924686, 0.380244, -0.002831, 0.002359, -0.380271, -0.924872, -1.2e-05, 0.0, 0.0, 0.0, 1.0],
                [0.999789, 0.014113, -0.014916, 0.125022, 0.017591, -0.963356, 0.267647, -0.00273, -0.010592, -0.267853, -0.963401, 0.003716, 0.0, 0.0, 0.0, 1.0],
                [0.999584, 0.012119, -0.026158, 0.125109, 0.01599, -0.988056, 0.153261, -0.002413, -0.023989, -0.153616, -0.98784, 0.007881, 0.0, 0.0, 0.0, 1.0],
                [0.999191, 0.013003, -0.038059, 0.125253, 0.014575, -0.99904, 0.041314, -0.001881, -0.037486, -0.041835, -0.998421, 0.012462, 0.0, 0.0, 0.0, 1.0],
                [0.998629, 0.016635, -0.049635, 0.125454, 0.013503, -0.997936, -0.062777, -0.001139, -0.050577, 0.062021, -0.996793, 0.017419, 0.0, 0.0, 0.0, 1.0],
                [0.997952, 0.022291, -0.059949, 0.125707, 0.012918, -0.988232, -0.152413, -0.000199, -0.062641, 0.151326, -0.986497, 0.022694, 0.0, 0.0, 0.0, 1.0],
                [0.997244, 0.028747, -0.068397, 0.126008, 0.012887, -0.974987, -0.221889, 0.000915, -0.073065, 0.220396, -0.97267, 0.028203, 0.0, 0.0, 0.0, 1.0],
                [0.996592, 0.034616, -0.074873, 0.126347, 0.013402, -0.963575, -0.267103, 0.002172, -0.081391, 0.265189, -0.960755, 0.033841, 0.0, 0.0, 0.0, 1.0],
                [0.996072, 0.038817, -0.079586, 0.126713, 0.014332, -0.957616, -0.287691, 0.003532, -0.08738, 0.28542, -0.954411, 0.039484, 0.0, 0.0, 0.0, 1.0],
                [0.995732, 0.040824, -0.08277, 0.127094, 0.015472, -0.957991, -0.286381, 0.004944, -0.090985, 0.283878, -0.954534, 0.044994, 0.0, 0.0, 0.0, 1.0],
                [0.995592, 0.040605, -0.084538, 0.127474, 0.016614, -0.963516, -0.267133, 0.006357, -0.092301, 0.264551, -0.959944, 0.050232, 0.0, 0.0, 0.0, 1.0],
                [0.99558, 0.038949, -0.085461, 0.12784, 0.017907, -0.971982, -0.234373, 0.007717, -0.092195, 0.231807, -0.968383, 0.055067, 0.0, 0.0, 0.0, 1.0],
                [0.995624, 0.036653, -0.085958, 0.128179, 0.019522, -0.981152, -0.192249, 0.008977, -0.091385, 0.189729, -0.977574, 0.059388, 0.0, 0.0, 0.0, 1.0],
                [0.995723, 0.034076, -0.085865, 0.12848, 0.02125, -0.989044, -0.146083, 0.010094, -0.089903, 0.143633, -0.985539, 0.063109, 0.0, 0.0, 0.0, 1.0],
                [0.995861, 0.031621, -0.085212, 0.128734, 0.02286, -0.994532, -0.101899, 0.011037, -0.087969, 0.099529, -0.991138, 0.06617, 0.0, 0.0, 0.0, 1.0],
                [0.996005, 0.029597, -0.084249, 0.128935, 0.02417, -0.997611, -0.064719, 0.011783, -0.085964, 0.062424, -0.994341, 0.068542, 0.0, 0.0, 0.0, 1.0],
                [0.996126, 0.028164, -0.083306, 0.129079, 0.025081, -0.998969, -0.037827, 0.01232, -0.084286, 0.035591, -0.995806, 0.070216, 0.0, 0.0, 0.0, 1.0],
                [0.996203, 0.027332, -0.082656, 0.129166, 0.025598, -0.999431, -0.021968, 0.012641, -0.083209, 0.019768, -0.996336, 0.071202, 0.0, 0.0, 0.0, 1.0],
                [0.996229, 0.027066, -0.082429, 0.129194, 0.025758, -0.999525, -0.01689, 0.012748, -0.082847, 0.014703, -0.996454, 0.071524, 0.0, 0.0, 0.0, 1.0]
            ]
        },
        {
            "name": "Leg_R",
            "time": [0.0, 0.0167, 0.0333, 0.05, 0.0667, 0.0833, 0.1, 0.1167, 0.1333, 0.15, 0.1667, 0.1833, 0.2, 0.2167, 0.2333, 0.25, 0.2667, 0.2833, 0.3, 0.3167, 0.3333, 0.35, 0.3667, 0.3833, 0.4, 0.4167, 0.4333, 0.45, 0.4667, 0.4833, 0.5, 0.5167, 0.5333, 0.55, 0.5667, 0.5833, 0.6, 0.6167, 0.6333, 0.65, 0.6667, 0.6833, 0.7, 0.7167, 0.7333, 0.75, 0.7667, 0.7833, 0.8, 0.8167, 0.8333, 0.85, 0.8667, 0.8833, 0.9, 0.9167, 0.9333],
            "transform": [
                [0.999027, -0.035147, -0.026632, -0.0, 0.035258, 0.273893, 0.961114, 0.374721, -0.026486, -0.961118, 0.274866, -0.0, 0.0, 0.0, 0.0, 1.0],
                [0.999013, -0.03525, -0.027001, -0.0, 0.035361, 0.263793, 0.963931, 0.374721, -0.026856, -0.963935, 0.264779, -0.0, 0.0, 0.0, 0.0, 1.0],
                [0.998968, -0.035568, -0.028251, -0.0, 0.03568, 0.229578, 0.972637, 0.374721, -0.028109, -0.97264, 0.23061, -0.0, 0.0, 0.0, 0.0, 1.0],
                [0.998891, -0.035998, -0.030344, -0.0, 0.036111, 0.172266, 0.984389, 0.374721, -0.030209, -0.984392, 0.173374, -0.0, 0.0, 0.0, 0.0, 1.0],
                [0.998801, -0.036343, -0.032808, -0.0, 0.036457, 0.104799, 0.993825, 0.374721, -0.03268, -0.993829, 0.105998, -0.0, 0.0, 0.0, 0.0, 1.0],
                [0.998718, -0.03651, -0.03506, 0.0, 0.036625, 0.04313, 0.998398, 0.374721, -0.03494, -0.998402, 0.044412, 0.0, 0.0, 0.0, 0.0, 1.0],
                [0.998664, -0.036544, -0.036551, -0.0, 0.036659, 0.002298, 0.999326, 0.374721, -0.036436, -0.99933, 0.003634, 0.0, 0.0, 0.0, 0.0, 1.0],
                [0.998657, -0.036544, -0.036729, -0.0, 0.036659, -0.002572, 0.999325, 0.374721, -0.036614, -0.999329, -0.001229, -0.0, 0.0, 0.0, 0.0, 1.0],
                [0.998707, -0.036522, -0.03537, 0.0, 0.036637, 0.034645, 0.998728, 0.374721, -0.035251, -0.998732, 0.035938, -0.0, 0.0, 0.0, 0.0, 1.0],
                [0.998793, -0.036366, -0.033026, -0.0, 0.03648, 0.098816, 0.994437, 0.374721, -0.0329, -0.994441, 0.100024, -0.0, 0.0, 0.0, 0.0, 1.0],
                [0.998877, -0.036065, -0.030739, 0.0, 0.036178, 0.161454, 0.986217, 0.374721, -0.030605, -0.986221, 0.162577, -0.0, 0.0, 0.0, 0.0, 1.0],
                [0.998954, -0.03566, -0.028648, 0.0, 0.035772, 0.21869, 0.975139, 0.374721, -0.028508, -0.975142, 0.219737, -0.0, 0.0, 0.0, 0.0, 1.0],
                [0.999037, -0.035072, -0.026374, -0.0, 0.035183, 0.280956, 0.959076, 0.374721, -0.026227, -0.959079, 0.281919, -0.0, 0.0, 0.0, 0.0, 1.0],
                [0.999125, -0.034277, -0.023973, 0.0, 0.034385, 0.346721, 0.937338, 0.374721, -0.023818, -0.937341, 0.347596, -0.0, 0.0, 0.0, 0.0, 1.0],
                [0.999215, -0.03327, -0.021525, 0.0, 0.033374, 0.413742, 0.909782, 0.374721, -0.021362, -0.909786, 0.414527, -0.0, 0.0, 0.0, 0.0, 1.0],
                [0.999304, -0.032053, -0.019095, -0.0, 0.032154, 0.480288, 0.876522, 0.374721, -0.018925, -0.876526, 0.480984, 0.0, 0.0, 0.0, 0.0, 1.0],
                [0.99939, -0.030653, -0.016751, 0.0, 0.030749, 0.544468, 0.838218, 0.374721, -0.016573, -0.838221, 0.545078, 0.0, 0.0, 0.0, 0.0, 1.0],
                [0.999471, -0.029085, -0.014524, -0.0, 0.029177, 0.605437, 0.795359, 0.374721, -0.01434, -0.795362, 0.605965, -0.0, 0.0, 0.0, 0.0, 1.0],
                [0.999548, -0.027362, -0.012427, 0.0, 0.027448, 0.662863, 0.748237, 0.374721, -0.012236, -0.748241, 0.663315, 0.0, 0.0, 0.0, 0.0, 1.0],
                [0.999621, -0.02546, -0.010436, -0.0, 0.02554, 0.717379, 0.696215, 0.374721, -0.010239, -0.696218, 0.717757, -0.0, 0.0, 0.0, 0.0, 1.0],
                [0.999692, -0.023326, -0.008522, -0.0, 0.0234, 0.769788, 0.637871, 0.374721, -0.008319, -0.637873, 0.770096, 0.0, 0.0, 0.0, 0.0, 1.0],
                [0.999771, -0.020426, -0.006352, 0.0, 0.02049, 0.829219, 0.558548, 0.374721, -0.006141, -0.55855, 0.829448, -0.0, 0.0, 0.0, 0.0, 1.0],
                [0.999867, -0.015907, -0.003756, 0.0, 0.015957, 0.900296, 0.434986, 0.374721, -0.003538, -0.434988, 0.90043, 0.0, 0.0, 0.0, 0.0, 1.0],
                [0.999965, -0.008272, -0.001063, -0.0, 0.008298, 0.974044, 0.226209, 0.374721, -0.000836, -0.22621, 0.974078, 0.0, 0.0, 0.0, 0.0, 1.0],
                [1.0, -1.6e-05, -0.000115, 0.0, 1.6e-05, 1.0, 0.000435, 0.374721, 0.000115, -0.000435, 1.0, 0.0, 0.0, 0.0, 0.0, 1.0],
                [1.0, -1.6e-05, -0.000115, -0.0, 1.6e-05, 1.0, 0.000435, 0.374721, 0.000115, -0.000435, 1.0, 0.0, 0.0, 0.0, 0.0, 1.0],
                [1.0, -1.6e-05, -0.000115, 0.0, 1.6e-05, 1.0, 0.000435, 0.374721, 0.000115, -0.000435, 1.0, -0.0, 0.0, 0.0, 0.0, 1.0],
                [1.0, -1.6e-05, -0.000115, -0.0, 1.6e-05, 1.0, 0.000435, 0.374721, 0.000115, -0.000435, 1.0, -0.0, 0.0, 0.0, 0.0, 1.0],
                [0.999969, -0.007768, -0.00095, 0.0, 0.007792, 0.977147, 0.212422, 0.374721, -0.000722, -0.212423, 0.977178, 0.0, 0.0, 0.0, 0.0, 1.0],
                [0.999811, -0.018718, -0.005269, -0.0, 0.018776, 0.858874, 0.511843, 0.374721, -0.005055, -0.511846, 0.859063, 0.0, 0.0, 0.0, 0.0, 1.0],
                [0.999566, -0.026923, -0.01194, -0.0, 0.027008, 0.676195, 0.736228, 0.374721, -0.011748, -0.736231, 0.676629, 0.0, 0.0, 0.0, 0.0, 1.0],
                [0.999288, -0.032284, -0.019522, 0.0, 0.032385, 0.4686, 0.882817, 0.374721, -0.019353, -0.88282, 0.469312, -0.0, 0.0, 0.0, 0.0, 1.0],
                [0.999053, -0.034943, -0.025943, -0.0, 0.035053, 0.292761, 0.955543, 0.374721, -0.025795, -0.955547, 0.293709, -0.0, 0.0, 0.0, 0.0, 1.0],
                [0.998901, -0.035949, -0.030069, 0.0, 0.036062, 0.179797, 0.983043, 0.374721, -0.029933, -0.983047, 0.180896, 0.0, 0.0, 0.0, 0.0, 1.0],
                [0.998836, -0.036229, -0.031851, 0.0, 0.036343, 0.131006, 0.990715, 0.374721, -0.03172, -0.990719, 0.13217, 0.0, 0.0, 0.0, 0.0, 1.0],
                [0.998868, -0.036104, -0.03098, -0.0, 0.036217, 0.154839, 0.987276, 0.374721, -0.030847, -0.987279, 0.155971, -0.0, 0.0, 0.0, 0.0, 1.0],
                [0.998991, -0.035413, -0.027619, 0.0, 0.035525, 0.246872, 0.968397, 0.374721, -0.027476, -0.968401, 0.247881, -0.0, 0.0, 0.0, 0.0, 1.0],
                [0.999156, -0.033956, -0.023137, -0.0, 0.034063, 0.369614, 0.928561, 0.374721, -0.022979, -0.928564, 0.370459, -0.0, 0.0, 0.0, 0.0, 1.0],
                [0.999301, -0.032098, -0.019177, -0.0, 0.032199, 0.478052, 0.877741, 0.374721, -0.019006, -0.877745, 0.478751, -0.0, 0.0, 0.0, 0.0, 1.0],
                [0.999417, -0.030153, -0.016002, -0.0, 0.030248, 0.564976, 0.824553, 0.374721, -0.015822, -0.824557, 0.565558, -0.0, 0.0, 0.0, 0.0, 1.0],
                [0.99952, -0.028031, -0.013204, 0.0, 0.028119, 0.641598, 0.766525, 0.374721, -0.013015, -0.766528, 0.642078, -0.0, 0.0, 0.0, 0.0, 1.0],
                [0.999606, -0.025883, -0.010854, 0.0, 0.025964, 0.705948, 0.707787, 0.374721, -0.010657, -0.70779, 0.706342, 0.0, 0.0, 0.0, 0.0, 1.0],
                [0.999674, -0.023895, -0.009004, -0.0, 0.023971, 0.756604, 0.653434, 0.374721, -0.008802, -0.653436, 0.75693, 0.0, 0.0, 0.0, 0.0, 1.0],
                [0.999721, -0.022305, -0.007707, -0.0, 0.022375, 0.792127, 0.609946, 0.374721, -0.0075, -0.609948, 0.792406, 0.0, 0.0, 0.0, 0.0, 1.0],
                [0.999749, -0.02132, -0.006974, 0.0, 0.021387, 0.812178, 0.583018, 0.374721, -0.006766, -0.58302, 0.81243, 0.0, 0.0, 0.0, 0.0, 1.0],
                [0.999754, -0.021102, -0.006819, -0.0, 0.021168, 0.816439, 0.577044, 0.374721, -0.00661, -0.577046, 0.816685, 0.0, 0.0, 0.0, 0.0, 1.0],
                [0.99974, -0.021626, -0.007196, -0.0, 0.021694, 0.80611, 0.591368, 0.374721, -0.006988, -0.59137, 0.80637, -0.0, 0.0, 0.0, 0.0, 1.0],
                [0.99971, -0.022697, -0.008012, -0.0, 0.022768, 0.783751, 0.620658, 0.374721, -0.007807, -0.620661, 0.78404, -0.0, 0.0, 0.0, 0.0, 1.0],
                [0.999669, -0.024062, -0.009149, -0.0, 0.024138, 0.752642, 0.657987, 0.374721, -0.008947, -0.65799, 0.752974, 0.0, 0.0, 0.0, 0.0, 1.0],
                [0.999607, -0.025846, -0.010817, 0.0, 0.025927, 0.706968, 0.70677, 0.374721, -0.01062, -0.706772, 0.707361, 0.0, 0.0, 0.0, 0.0, 1.0],
                [0.999517, -0.028092, -0.013277, -0.0, 0.02818, 0.639599, 0.768192, 0.374721, -0.013088, -0.768195, 0.640082, 0.0, 0.0, 0.0, 0.0, 1.0],
                [0.999405, -0.030368, -0.016319, 0.0, 0.030463, 0.556291, 0.830429, 0.374721, -0.01614, -0.830432, 0.556886, 0.0, 0.0, 0.0, 0.0, 1.0],
                [0.999287, -0.032301, -0.019554, 0.0, 0.032402, 0.467723, 0.883281, 0.374721, -0.019385, -0.883284, 0.468437, -0.0, 0.0, 0.0, 0.0, 1.0],
                [0.999178, -0.033702, -0.022513, 0.0, 0.033808, 0.386681, 0.921593, 0.374721, -0.022354, -0.921597, 0.387503, -0.0, 0.0, 0.0, 0.0, 1.0],
                [0.999095, -0.034569, -0.024789, 0.0, 0.034677, 0.324356, 0.945299, 0.374721, -0.024637, -0.945303, 0.325261, -0.0, 0.0, 0.0, 0.0, 1.0],
                [0.999044, -0.035015, -0.02618, 0.0, 0.035125, 0.286287, 0.9575, 0.374721, -0.026032, -0.957504, 0.287243, 0.0, 0.0, 0.0, 0.0, 1.0],
                [0.999027, -0.035147, -0.026632, -0.0, 0.035258, 0.273893, 0.961114, 0.374721, -0.026486, -0.961118, 0.274866, -0.0, 0.0, 0.0, 0.0, 1.0]
            ]
        },
        {
            "name": "Knee_R",
            "time": [0.0, 0.0167, 0.0333, 0.05, 0.0667, 0.0833, 0.1, 0.1167, 0.1333, 0.15, 0.1667, 0.1833, 0.2, 0.2167, 0.2333, 0.25, 0.2667, 0.2833, 0.3, 0.3167, 0.3333, 0.35, 0.3667, 0.3833, 0.4, 0.4167, 0.4333, 0.45, 0.4667, 0.4833, 0.5, 0.5167, 0.5333, 0.55, 0.5667, 0.5833, 0.6, 0.6167, 0.6333, 0.65, 0.6667, 0.6833, 0.7, 0.7167, 0.7333, 0.75, 0.7667, 0.7833, 0.8, 0.8167, 0.8333, 0.85, 0.8667, 0.8833, 0.9, 0.9167, 0.9333],
            "transform": [
                [1.0, -5.7e-05, 5.7e-05, -4e-06, 5.7e-05, 0.001565, -0.999999, 0.440512, 5.7e-05, 0.999999, 0.001565, -0.000103, 0.0, 0.0, 0.0, 1.0],
                [1.0, -5.7e-05, 5.7e-05, -4e-06, 5.7e-05, 0.001565, -0.999999, 0.441412, 5.7e-05, 0.999999, 0.001565, -0.000104, 0.0, 0.0, 0.0, 1.0],
                [1.0, -5.7e-05, 5.7e-05, -4e-06, 5.7e-05, 0.001565, -0.999999, 0.444444, 5.7e-05, 0.999999, 0.001565, -0.000109, 0.0, 0.0, 0.0, 1.0],
                [1.0, -5.7e-05, 5.7e-05, -4e-06, 5.7e-05, 0.001565, -0.999999, 0.449468, 5.7e-05, 0.999999, 0.001565, -0.000117, 0.0, 0.0, 0.0, 1.0],
                [1.0, -5.7e-05, 5.7e-05, -5e-06, 5.7e-05, 0.001565, -0.999999, 0.455319, 5.7e-05, 0.999999, 0.001565, -0.000126, 0.0, 0.0, 0.0, 1.0],
                [1.0, -5.7e-05, 5.7e-05, -5e-06, 5.7e-05, 0.001565, -0.999999, 0.460631, 5.7e-05, 0.999999, 0.001565, -0.000134, 0.0, 0.0, 0.0, 1.0],
                [1.0, -5.7e-05, 5.7e-05, -5e-06, 5.7e-05, 0.001565, -0.999999, 0.464139, 5.7e-05, 0.999999, 0.001565, -0.00014, 0.0, 0.0, 0.0, 1.0],
                [1.0, -5.7e-05, 5.7e-05, -5e-06, 5.7e-05, 0.001565, -0.999999, 0.464557, 5.7e-05, 0.999999, 0.001565, -0.000141, 0.0, 0.0, 0.0, 1.0],
                [1.0, -5.7e-05, 5.7e-05, -5e-06, 5.7e-05, 0.001565, -0.999999, 0.46136, 5.7e-05, 0.999999, 0.001565, -0.000136, 0.0, 0.0, 0.0, 1.0],
                [1.0, -5.7e-05, 5.7e-05, -5e-06, 5.7e-05, 0.001565, -0.999999, 0.455836, 5.7e-05, 0.999999, 0.001565, -0.000127, 0.0, 0.0, 0.0, 1.0],
                [1.0, -5.7e-05, 5.7e-05, -4e-06, 5.7e-05, 0.001565, -0.999999, 0.45041, 5.7e-05, 0.999999, 0.001565, -0.000118, 0.0, 0.0, 0.0, 1.0],
                [1.0, -5.7e-05, 5.7e-05, -4e-06, 5.7e-05, 0.001565, -0.999999, 0.445403, 5.7e-05, 0.999999, 0.001565, -0.000111, 0.0, 0.0, 0.0, 1.0],
                [1.0, -5.7e-05, 5.7e-05, -4e-06, 5.7e-05, 0.001565, -0.999999, 0.439881, 5.7e-05, 0.999999, 0.001565, -0.000102, 0.0, 0.0, 0.0, 1.0],
                [1.0, -5.7e-05, 5.7e-05, -3e-06, 5.7e-05, 0.001565, -0.999999, 0.433932, 5.7e-05, 0.999999, 0.001565, -9.3e-05, 0.0, 0.0, 0.0, 1.0],
                [1.0, -5.7e-05, 5.7e-05, -3e-06, 5.7e-05, 0.001565, -0.999999, 0.427708, 5.7e-05, 0.999999, 0.001565, -8.3e-05, 0.0, 0.0, 0.0, 1.0],
                [1.0, -5.7e-05, 5.7e-05, -3e-06, 5.7e-05, 0.001565, -0.999999, 0.421319, 5.7e-05, 0.999999, 0.001565, -7.3e-05, 0.0, 0.0, 0.0, 1.0],
                [1.0, -5.7e-05, 5.7e-05, -2e-06, 5.7e-05, 0.001565, -0.999999, 0.414899, 5.7e-05, 0.999999, 0.001565, -6.3e-05, 0.0, 0.0, 0.0, 1.0],
                [1.0, -5.7e-05, 5.7e-05, -2e-06, 5.7e-05, 0.001565, -0.999999, 0.408497, 5.7e-05, 0.999999, 0.001565, -5.3e-05, 0.0, 0.0, 0.0, 1.0],
                [1.0, -5.7e-05, 5.7e-05, -2e-06, 5.7e-05, 0.001565, -0.999999, 0.402116, 5.7e-05, 0.999999, 0.001565, -4.3e-05, 0.0, 0.0, 0.0, 1.0],
                [1.0, -5.7e-05, 5.7e-05, -1e-06, 5.7e-05, 0.001565, -0.999999, 0.395643, 5.7e-05, 0.999999, 0.001565, -3.3e-05, 0.0, 0.0, 0.0, 1.0],
                [1.0, -5.7e-05, 5.7e-05, -1e-06, 5.7e-05, 0.001565, -0.999999, 0.388904, 5.7e-05, 0.999999, 0.001565, -2.2e-05, 0.0, 0.0, 0.0, 1.0],
                [1.0, -5.7e-05, 5.7e-05, -0.0, 5.7e-05, 0.001565, -0.999999, 0.380386, 5.7e-05, 0.999999, 0.001565, -9e-06, 0.0, 0.0, 0.0, 1.0],
                [1.0, -5.7e-05, 5.7e-05, 0.0, 5.7e-05, 0.001565, -0.999999, 0.374721, 5.7e-05, 0.999999, 0.001565, 0.0, 0.0, 0.0, 0.0, 1.0],
                [1.0, -5.7e-05, 5.7e-05, 0.0, 5.7e-05, 0.001565, -0.999999, 0.374721, 5.7e-05, 0.999999, 0.001565, 0.0, 0.0, 0.0, 0.0, 1.0],
                [1.0, -5.7e-05, 5.7e-05, 0.0, 5.7e-05, 0.001565, -0.999999, 0.374721, 5.7e-05, 0.999999, 0.001565, 0.0, 0.0, 0.0, 0.0, 1.0],
                [1.0, -5.7e-05, 5.7e-05, -0.0, 5.7e-05, 0.001565, -0.999999, 0.374721, 5.7e-05, 0.999999, 0.001565, 0.0, 0.0, 0.0, 0.0, 1.0],
                [1.0, -5.7e-05, 5.7e-05, -0.0, 5.7e-05, 0.001565, -0.999999, 0.374721, 5.7e-05, 0.999999, 0.001565, 0.0, 0.0, 0.0, 0.0, 1.0],
                [1.0, -5.7e-05, 5.7e-05, -0.0, 5.7e-05, 0.001565, -0.999999, 0.374721, 5.7e-05, 0.999999, 0.001565, -0.0, 0.0, 0.0, 0.0, 1.0],
                [1.0, -5.7e-05, 5.7e-05, 0.0, 5.7e-05, 0.001565, -0.999999, 0.374721, 5.7e-05, 0.999999, 0.001565, 0.0, 0.0, 0.0, 0.0, 1.0],
                [1.0, -5.7e-05, 5.7e-05, -0.0, 5.7e-05, 0.001565, -0.999999, 0.375633, 5.7e-05, 0.999999, 0.001565, -1e-06, 0.0, 0.0, 0.0, 1.0],
                [1.0, -5.7e-05, 5.7e-05, -1e-06, 5.7e-05, 0.001565, -0.999999, 0.400575, 5.7e-05, 0.999999, 0.001565, -4e-05, 0.0, 0.0, 0.0, 1.0],
                [1.0, -5.7e-05, 5.7e-05, -3e-06, 5.7e-05, 0.001565, -0.999999, 0.422458, 5.7e-05, 0.999999, 0.001565, -7.5e-05, 0.0, 0.0, 0.0, 1.0],
                [1.0, -5.7e-05, 5.7e-05, -4e-06, 5.7e-05, 0.001565, -0.999999, 0.438822, 5.7e-05, 0.999999, 0.001565, -0.0001, 0.0, 0.0, 0.0, 1.0],
                [1.0, -5.7e-05, 5.7e-05, -4e-06, 5.7e-05, 0.001565, -0.999999, 0.448811, 5.7e-05, 0.999999, 0.001565, -0.000116, 0.0, 0.0, 0.0, 1.0],
                [1.0, -5.7e-05, 5.7e-05, -4e-06, 5.7e-05, 0.001565, -0.999999, 0.453053, 5.7e-05, 0.999999, 0.001565, -0.000122, 0.0, 0.0, 0.0, 1.0],
                [1.0, -5.7e-05, 5.7e-05, -4e-06, 5.7e-05, 0.001565, -0.999999, 0.450985, 5.7e-05, 0.999999, 0.001565, -0.000119, 0.0, 0.0, 0.0, 1.0],
                [1.0, -5.7e-05, 5.7e-05, -4e-06, 5.7e-05, 0.001565, -0.999999, 0.442915, 5.7e-05, 0.999999, 0.001565, -0.000107, 0.0, 0.0, 0.0, 1.0],
                [1.0, -5.7e-05, 5.7e-05, -3e-06, 5.7e-05, 0.001565, -0.999999, 0.431827, 5.7e-05, 0.999999, 0.001565, -8.9e-05, 0.0, 0.0, 0.0, 1.0],
                [1.0, -5.7e-05, 5.7e-05, -3e-06, 5.7e-05, 0.001565, -0.999999, 0.421537, 5.7e-05, 0.999999, 0.001565, -7.3e-05, 0.0, 0.0, 0.0, 1.0],
                [1.0, -5.7e-05, 5.7e-05, -2e-06, 5.7e-05, 0.001565, -0.999999, 0.412783, 5.7e-05, 0.999999, 0.001565, -6e-05, 0.0, 0.0, 0.0, 1.0],
                [1.0, -5.7e-05, 5.7e-05, -2e-06, 5.7e-05, 0.001565, -0.999999, 0.404525, 5.7e-05, 0.999999, 0.001565, -4.7e-05, 0.0, 0.0, 0.0, 1.0],
                [1.0, -5.7e-05, 5.7e-05, -1e-06, 5.7e-05, 0.001565, -0.999999, 0.39704, 5.7e-05, 0.999999, 0.001565, -3.5e-05, 0.0, 0.0, 0.0, 1.0],
                [1.0, -5.7e-05, 5.7e-05, -1e-06, 5.7e-05, 0.001565, -0.999999, 0.390656, 5.7e-05, 0.999999, 0.001565, -2.5e-05, 0.0, 0.0, 0.0, 1.0],
                [1.0, -5.7e-05, 5.7e-05, -1e-06, 5.7e-05, 0.001565, -0.999999, 0.385832, 5.7e-05, 0.999999, 0.001565, -1.7e-05, 0.0, 0.0, 0.0, 1.0],
                [1.0, -5.7e-05, 5.7e-05, -0.0, 5.7e-05, 0.001565, -0.999999, 0.382948, 5.7e-05, 0.999999, 0.001565, -1.3e-05, 0.0, 0.0, 0.0, 1.0],
                [1.0, -5.7e-05, 5.7e-05, -0.0, 5.7e-05, 0.001565, -0.999999, 0.382317, 5.7e-05, 0.999999, 0.001565, -1.2e-05, 0.0, 0.0, 0.0, 1.0],
                [1.0, -5.7e-05, 5.7e-05, -1e-06, 5.7e-05, 0.001565, -0.999999, 0.383835, 5.7e-05, 0.999999, 0.001565, -1.4e-05, 0.0, 0.0, 0.0, 1.0],
                [1.0, -5.7e-05, 5.7e-05, -1e-06, 5.7e-05, 0.001565, -0.999999, 0.387, 5.7e-05, 0.999999, 0.001565, -1.9e-05, 0.0, 0.0, 0.0, 1.0],
                [1.0, -5.7e-05, 5.7e-05, -1e-06, 5.7e-05, 0.001565, -0.999999, 0.391175, 5.7e-05, 0.999999, 0.001565, -2.6e-05, 0.0, 0.0, 0.0, 1.0],
                [1.0, -5.7e-05, 5.7e-05, -1e-06, 5.7e-05, 0.001565, -0.999999, 0.396916, 5.7e-05, 0.999999, 0.001565, -3.5e-05, 0.0, 0.0, 0.0, 1.0],
                [1.0, -5.7e-05, 5.7e-05, -2e-06, 5.7e-05, 0.001565, -0.999999, 0.404748, 5.7e-05, 0.999999, 0.001565, -4.7e-05, 0.0, 0.0, 0.0, 1.0],
                [1.0, -5.7e-05, 5.7e-05, -2e-06, 5.7e-05, 0.001565, -0.999999, 0.413683, 5.7e-05, 0.999999, 0.001565, -6.1e-05, 0.0, 0.0, 0.0, 1.0],
                [1.0, -5.7e-05, 5.7e-05, -3e-06, 5.7e-05, 0.001565, -0.999999, 0.422544, 5.7e-05, 0.999999, 0.001565, -7.5e-05, 0.0, 0.0, 0.0, 1.0],
                [1.0, -5.7e-05, 5.7e-05, -3e-06, 5.7e-05, 0.001565, -0.999999, 0.430244, 5.7e-05, 0.999999, 0.001565, -8.7e-05, 0.0, 0.0, 0.0, 1.0],
                [1.0, -5.7e-05, 5.7e-05, -3e-06, 5.7e-05, 0.001565, -0.999999, 0.43597, 5.7e-05, 0.999999, 0.001565, -9.6e-05, 0.0, 0.0, 0.0, 1.0],
                [1.0, -5.7e-05, 5.7e-05, -4e-06, 5.7e-05, 0.001565, -0.999999, 0.439403, 5.7e-05, 0.999999, 0.001565, -0.000101, 0.0, 0.0, 0.0, 1.0],
                [1.0, -5.7e-05, 5.7e-05, -4e-06, 5.7e-05, 0.001565, -0.999999, 0.440512, 5.7e-05, 0.999999, 0.001565, -0.000103, 0.0, 0.0, 0.0, 1.0]
            ]
        },
        {
            "name": "Thigh_L",
            "time": [0.0, 0.0167, 0.0333, 0.05, 0.0667, 0.0833, 0.1, 0.1167, 0.1333, 0.15, 0.1667, 0.1833, 0.2, 0.2167, 0.2333, 0.25, 0.2667, 0.2833, 0.3, 0.3167, 0.3333, 0.35, 0.3667, 0.3833, 0.4, 0.4167, 0.4333, 0.45, 0.4667, 0.4833, 0.5, 0.5167, 0.5333, 0.55, 0.5667, 0.5833, 0.6, 0.6167, 0.6333, 0.65, 0.6667, 0.6833, 0.7, 0.7167, 0.7333, 0.75, 0.7667, 0.7833, 0.8, 0.8167, 0.8333, 0.85, 0.8667, 0.8833, 0.9, 0.9167, 0.9333],
            "transform": [
                [0.997102, -0.053453, -0.054137, -0.125006, -0.000394, -0.715202, 0.698918, -0.002831, -0.076078, -0.696871, -0.713151, -1.2e-05, 0.0, 0.0, 0.0, 1.0],
                [0.997204, -0.055833, -0.04967, -0.125029, -0.00034, -0.668047, 0.744119, -0.002814, -0.074729, -0.742021, -0.666198, 0.000382, 0.0, 0.0, 0.0, 1.0],
                [0.99752, -0.057788, -0.040177, -0.125099, -0.000159, -0.572694, 0.819769, -0.002761, -0.070382, -0.81773, -0.571283, 0.001574, 0.0, 0.0, 0.0, 1.0],
                [0.997993, -0.055215, -0.030996, -0.125216, 0.000181, -0.48703, 0.873385, -0.002661, -0.06332, -0.871638, -0.486043, 0.003566, 0.0, 0.0, 0.0, 1.0],
                [0.998491, -0.048837, -0.02512, -0.12538, 0.000684, -0.446302, 0.894882, -0.002506, -0.054915, -0.893549, -0.445595, 0.006345, 0.0, 0.0, 0.0, 1.0],
                [0.998911, -0.040886, -0.022472, -0.125588, 0.001304, -0.457004, 0.889464, -0.002286, -0.046636, -0.888525, -0.456453, 0.009878, 0.0, 0.0, 0.0, 1.0],
                [0.999278, -0.031428, -0.021332, -0.125836, 0.001962, -0.518155, 0.855284, -0.001989, -0.037934, -0.854709, -0.51772, 0.014104, 0.0, 0.0, 0.0, 1.0],
                [0.99961, -0.020054, -0.019441, -0.12612, 0.002532, -0.628113, 0.778118, -0.001607, -0.027816, -0.777863, -0.627817, 0.018934, 0.0, 0.0, 0.0, 1.0],
                [0.999849, -0.009054, -0.014832, -0.126433, 0.002915, -0.754042, 0.65682, -0.001128, -0.017131, -0.656764, -0.753902, 0.024252, 0.0, 0.0, 0.0, 1.0],
                [0.999969, -0.001008, -0.007743, -0.126766, 0.003132, -0.85662, 0.515938, -0.000544, -0.007153, -0.515946, -0.856591, 0.029912, 0.0, 0.0, 0.0, 1.0],
                [0.999994, 0.003523, -5.1e-05, -0.127109, 0.003266, -0.921308, 0.38882, 0.000151, 0.001323, -0.388818, -0.921314, 0.035749, 0.0, 0.0, 0.0, 1.0],
                [0.999957, 0.005624, 0.007414, -0.127452, 0.003337, -0.960438, 0.278474, 0.000961, 0.008687, -0.278438, -0.960415, 0.041586, 0.0, 0.0, 0.0, 1.0],
                [0.999875, 0.005967, 0.014636, -0.127785, 0.003326, -0.984706, 0.174191, 0.001886, 0.015452, -0.17412, -0.984603, 0.047246, 0.0, 0.0, 0.0, 1.0],
                [0.999761, 0.004964, 0.021291, -0.128097, 0.003236, -0.996754, 0.080434, 0.002924, 0.021621, -0.080346, -0.996532, 0.052564, 0.0, 0.0, 0.0, 1.0],
                [0.999624, 0.003048, 0.027257, -0.128381, 0.003064, -0.999995, -0.000557, 0.00407, 0.027255, 0.00064, -0.999628, 0.057396, 0.0, 0.0, 0.0, 1.0],
                [0.999469, 0.00057, 0.032594, -0.12863, 0.0028, -0.997655, -0.068386, 0.005316, 0.032479, 0.068441, -0.997126, 0.061624, 0.0, 0.0, 0.0, 1.0],
                [0.999295, -0.002223, 0.037488, -0.128838, 0.002422, -0.992351, -0.12342, 0.006655, 0.037476, 0.123424, -0.991646, 0.065158, 0.0, 0.0, 0.0, 1.0],
                [0.999097, -0.005151, 0.042177, -0.129001, 0.00191, -0.986177, -0.165685, 0.008076, 0.042448, 0.165616, -0.985276, 0.06794, 0.0, 0.0, 0.0, 1.0],
                [0.998867, -0.008039, 0.0469, -0.129118, 0.001253, -0.980843, -0.194795, 0.009571, 0.047567, 0.194633, -0.979722, 0.069934, 0.0, 0.0, 0.0, 1.0],
                [0.998597, -0.010735, 0.051852, -0.129188, 0.00046, -0.977438, -0.21122, 0.011131, 0.05295, 0.210947, -0.976062, 0.071128, 0.0, 0.0, 0.0, 1.0],
                [0.998279, -0.013135, 0.057165, -0.129211, -0.000434, -0.976231, -0.21673, 0.012747, 0.058653, 0.216332, -0.974557, 0.071524, 0.0, 0.0, 0.0, 1.0],
