{
    "animation": [
        {
            "name": "Root",
            "time": [0.0, 0.0167, 0.0333, 0.05, 0.0667, 0.0833, 0.1, 0.1167, 0.1333, 0.15, 0.1667, 0.1833, 0.2, 0.2167, 0.2333, 0.25, 0.2667, 0.2833, 0.3, 0.3167, 0.3333, 0.35, 0.3667, 0.3833, 0.4, 0.4167, 0.4333, 0.45, 0.4667, 0.4833, 0.5, 0.5167, 0.5333, 0.55, 0.5667, 0.5833, 0.6, 0.6167, 0.6333, 0.65, 0.6667, 0.6833, 0.7, 0.7167, 0.7333, 0.75, 0.7667, 0.7833, 0.8],
            "transform": [
                [1.0, 0.0, -0.0, -5e-06, -0.0, 0.0, -1.0, -0.133723, 0.0, 1.0, 0.0, 0.612124, 0.0, 0.0, 0.0, 1.0],
                [1.0, 0.0, -0.0, -5e-06, -0.0, 0.0, -1.0, -0.133723, 0.0, 1.0, 0.0, 0.616393, 0.0, 0.0, 0.0, 1.0],
                [1.0, 0.0, -0.0, -5e-06, -0.0, 0.0, -1.0, -0.133723, 0.0, 1.0, 0.0, 0.629305, 0.0, 0.0, 0.0, 1.0],
                [1.0, 0.0, -0.0, -5e-06, -0.0, 0.0, -1.0, -0.133723, 0.0, 1.0, 0.0, 0.649139, 0.0, 0.0, 0.0, 1.0],
                [1.0, 0.0, -0.0, -5e-06, -0.0, 0.0, -1.0, -0.133723, 0.0, 1.0, 0.0, 0.67144, 0.0, 0.0, 0.0, 1.0],
                [1.0, 0.0, -0.0, -5e-06, -0.0, 0.0, -1.0, -0.133723, 0.0, 1.0, 0.0, 0.691134, 0.0, 0.0, 0.0, 1.0],
                [1.0, 0.0, -0.0, -5e-06, -0.0, 0.0, -1.0, -0.133723, 0.0, 1.0, 0.0, 0.705175, 0.0, 0.0, 0.0, 1.0],
                [1.0, 0.0, -0.0, -5e-06, -0.0, 0.0, -1.0, -0.133723, 0.0, 1.0, 0.0, 0.715141, 0.0, 0.0, 0.0, 1.0],
                [1.0, 0.0, -0.0, -5e-06, -0.0, 0.0, -1.0, -0.133723, 0.0, 1.0, 0.0, 0.724331, 0.0, 0.0, 0.0, 1.0],
                [1.0, 0.0, -0.0, -5e-06, -0.0, 0.0, -1.0, -0.133723, 0.0, 1.0, 0.0, 0.732005, 0.0, 0.0, 0.0, 1.0],
                [1.0, 0.0, -0.0, -5e-06, -0.0, 0.0, -1.0, -0.133723, 0.0, 1.0, 0.0, 0.737629, 0.0, 0.0, 0.0, 1.0],
                [1.0, 0.0, -0.0, -5e-06, -0.0, 0.0, -1.0, -0.133723, 0.0, 1.0, 0.0, 0.740969, 0.0, 0.0, 0.0, 1.0],
                [1.0, 0.0, -0.0, -5e-06, -0.0, 0.0, -1.0, -0.133723, 0.0, 1.0, 0.0, 0.742047, 0.0, 0.0, 0.0, 1.0],
                [1.0, 0.0, -0.0, -5e-06, -0.0, 0.0, -1.0, -0.133723, 0.0, 1.0, 0.0, 0.735223, 0.0, 0.0, 0.0, 1.0],
                [1.0, 0.0, -0.0, -5e-06, -0.0, 0.0, -1.0, -0.133723, 0.0, 1.0, 0.0, 0.722314, 0.0, 0.0, 0.0, 1.0],
                [1.0, 0.0, -0.0, -5e-06, -0.0, 0.0, -1.0, -0.133723, 0.0, 1.0, 0.0, 0.707407, 0.0, 0.0, 0.0, 1.0],
                [1.0, 0.0, -0.0, -5e-06, -0.0, 0.0, -1.0, -0.133723, 0.0, 1.0, 0.0, 0.691952, 0.0, 0.0, 0.0, 1.0],
                [1.0, 0.0, -0.0, -5e-06, -0.0, 0.0, -1.0, -0.133723, 0.0, 1.0, 0.0, 0.676714, 0.0, 0.0, 0.0, 1.0],
                [1.0, 0.0, -0.0, -5e-06, -0.0, 0.0, -1.0, -0.133723, 0.0, 1.0, 0.0, 0.662202, 0.0, 0.0, 0.0, 1.0],
                [1.0, 0.0, -0.0, -5e-06, -0.0, 0.0, -1.0, -0.133723, 0.0, 1.0, 0.0, 0.648818, 0.0, 0.0, 0.0, 1.0],
                [1.0, 0.0, -0.0, -5e-06, -0.0, 0.0, -1.0, -0.133723, 0.0, 1.0, 0.0, 0.636922, 0.0, 0.0, 0.0, 1.0],
                [1.0, 0.0, -0.0, -5e-06, -0.0, 0.0, -1.0, -0.133723, 0.0, 1.0, 0.0, 0.626876, 0.0, 0.0, 0.0, 1.0],
                [1.0, 0.0, -0.0, -5e-06, -0.0, 0.0, -1.0, -0.133723, 0.0, 1.0, 0.0, 0.619074, 0.0, 0.0, 0.0, 1.0],
                [1.0, 0.0, -0.0, -5e-06, -0.0, 0.0, -1.0, -0.133723, 0.0, 1.0, 0.0, 0.613972, 0.0, 0.0, 0.0, 1.0],
                [1.0, 0.0, -0.0, -5e-06, -0.0, 0.0, -1.0, -0.133723, 0.0, 1.0, 0.0, 0.612124, 0.0, 0.0, 0.0, 1.0],
                [1.0, 0.0, -0.0, -5e-06, -0.0, 0.0, -1.0, -0.133723, 0.0, 1.0, 0.0, 0.617679, 0.0, 0.0, 0.0, 1.0],
                [1.0, 0.0, -0.0, -5e-06, -0.0, 0.0, -1.0, -0.133723, 0.0, 1.0, 0.0, 0.632338, 0.0, 0.0, 0.0, 1.0],
                [1.0, 0.0, -0.0, -5e-06, -0.0, 0.0, -1.0, -0.133723, 0.0, 1.0, 0.0, 0.652207, 0.0, 0.0, 0.0, 1.0],
                [1.0, 0.0, -0.0, -5e-06, -0.0, 0.0, -1.0, -0.133723, 0.0, 1.0, 0.0, 0.67309, 0.0, 0.0, 0.0, 1.0],
                [1.0, 0.0, -0.0, -5e-06, -0.0, 0.0, -1.0, -0.133723, 0.0, 1.0, 0.0, 0.691507, 0.0, 0.0, 0.0, 1.0],
                [1.0, 0.0, -0.0, -5e-06, -0.0, 0.0, -1.0, -0.133723, 0.0, 1.0, 0.0, 0.705175, 0.0, 0.0, 0.0, 1.0],
                [1.0, 0.0, -0.0, -5e-06, -0.0, 0.0, -1.0, -0.133723, 0.0, 1.0, 0.0, 0.715011, 0.0, 0.0, 0.0, 1.0],
                [1.0, 0.0, -0.0, -5e-06, -0.0, 0.0, -1.0, -0.133723, 0.0, 1.0, 0.0, 0.724169, 0.0, 0.0, 0.0, 1.0],
                [1.0, 0.0, -0.0, -5e-06, -0.0, 0.0, -1.0, -0.133723, 0.0, 1.0, 0.0, 0.731875, 0.0, 0.0, 0.0, 1.0],
                [1.0, 0.0, -0.0, -5e-06, -0.0, 0.0, -1.0, -0.133723, 0.0, 1.0, 0.0, 0.737558, 0.0, 0.0, 0.0, 1.0],
                [1.0, 0.0, -0.0, -5e-06, -0.0, 0.0, -1.0, -0.133723, 0.0, 1.0, 0.0, 0.740948, 0.0, 0.0, 0.0, 1.0],
                [1.0, 0.0, -0.0, -5e-06, -0.0, 0.0, -1.0, -0.133723, 0.0, 1.0, 0.0, 0.742047, 0.0, 0.0, 0.0, 1.0],
                [1.0, 0.0, -0.0, -5e-06, -0.0, 0.0, -1.0, -0.133723, 0.0, 1.0, 0.0, 0.735223, 0.0, 0.0, 0.0, 1.0],
                [1.0, 0.0, -0.0, -5e-06, -0.0, 0.0, -1.0, -0.133723, 0.0, 1.0, 0.0, 0.722314, 0.0, 0.0, 0.0, 1.0],
                [1.0, 0.0, -0.0, -5e-06, -0.0, 0.0, -1.0, -0.133723, 0.0, 1.0, 0.0, 0.707407, 0.0, 0.0, 0.0, 1.0],
                [1.0, 0.0, -0.0, -5e-06, -0.0, 0.0, -1.0, -0.133723, 0.0, 1.0, 0.0, 0.691952, 0.0, 0.0, 0.0, 1.0],
                [1.0, 0.0, -0.0, -5e-06, -0.0, 0.0, -1.0, -0.133723, 0.0, 1.0, 0.0, 0.676714, 0.0, 0.0, 0.0, 1.0],
                [1.0, 0.0, -0.0, -5e-06, -0.0, 0.0, -1.0, -0.133723, 0.0, 1.0, 0.0, 0.662202, 0.0, 0.0, 0.0, 1.0],
                [1.0, 0.0, -0.0, -5e-06, -0.0, 0.0, -1.0, -0.133723, 0.0, 1.0, 0.0, 0.648818, 0.0, 0.0, 0.0, 1.0],
                [1.0, 0.0, -0.0, -5e-06, -0.0, 0.0, -1.0, -0.133723, 0.0, 1.0, 0.0, 0.636922, 0.0, 0.0, 0.0, 1.0],
                [1.0, 0.0, -0.0, -5e-06, -0.0, 0.0, -1.0, -0.133723, 0.0, 1.0, 0.0, 0.626876, 0.0, 0.0, 0.0, 1.0],
                [1.0, 0.0, -0.0, -5e-06, -0.0, 0.0, -1.0, -0.133723, 0.0, 1.0, 0.0, 0.619074, 0.0, 0.0, 0.0, 1.0],
                [1.0, 0.0, -0.0, -5e-06, -0.0, 0.0, -1.0, -0.133723, 0.0, 1.0, 0.0, 0.613972, 0.0, 0.0, 0.0, 1.0],
                [1.0, 0.0, -0.0, -5e-06, -0.0, 0.0, -1.0, -0.133723, 0.0, 1.0, 0.0, 0.612124, 0.0, 0.0, 0.0, 1.0]
            ]
        },
        {
            "name": "Thigh_R",
            "time": [0.0, 0.0167, 0.0333, 0.05, 0.0667, 0.0833, 0.1, 0.1167, 0.1333, 0.15, 0.1667, 0.1833, 0.2, 0.2167, 0.2333, 0.25, 0.2667, 0.2833, 0.3, 0.3167, 0.3333, 0.35, 0.3667, 0.3833, 0.4, 0.4167, 0.4333, 0.45, 0.4667, 0.4833, 0.5, 0.5167, 0.5333, 0.55, 0.5667, 0.5833, 0.6, 0.6167, 0.6333, 0.65, 0.6667, 0.6833, 0.7, 0.7167, 0.7333, 0.75, 0.7667, 0.7833, 0.8],
            "transform": [
                [1.0, 0.000119, -5e-06, 0.124994, 9.1e-05, -0.732583, 0.680654, -0.002831, 7.7e-05, -0.680676, -0.732553, -1.2e-05, 0.0, 0.0, 0.0, 1.0],
                [1.0, 0.000124, -5e-06, 0.124994, 9.5e-05, -0.736932, 0.675945, -0.002831, 7.9e-05, -0.675966, -0.736901, -1.2e-05, 0.0, 0.0, 0.0, 1.0],
                [1.0, 0.000132, -6e-06, 0.124994, 0.000103, -0.752882, 0.658134, -0.002831, 8.2e-05, -0.658154, -0.752851, -1.2e-05, 0.0, 0.0, 0.0, 1.0],
                [1.0, 0.000144, -8e-06, 0.124994, 0.000117, -0.778433, 0.627708, -0.002831, 8.4e-05, -0.627727, -0.7784, -1.2e-05, 0.0, 0.0, 0.0, 1.0],
                [1.0, 0.000174, -1.2e-05, 0.124994, 0.000147, -0.803389, 0.595437, -0.002831, 9.4e-05, -0.595453, -0.803355, -1.2e-05, 0.0, 0.0, 0.0, 1.0],
                [1.0, 0.000225, -2.2e-05, 0.124994, 0.000198, -0.823173, 0.567776, -0.002831, 0.00011, -0.567788, -0.823138, -1.2e-05, 0.0, 0.0, 0.0, 1.0],
                [1.0, 0.000284, -3.5e-05, 0.124994, 0.000259, -0.842488, 0.538704, -0.002831, 0.000123, -0.538712, -0.842452, -1.2e-05, 0.0, 0.0, 0.0, 1.0],
                [1.0, 0.000328, -4.8e-05, 0.124994, 0.000309, -0.870739, 0.491737, -0.002831, 0.000119, -0.491741, -0.870702, -1.2e-05, 0.0, 0.0, 0.0, 1.0],
                [1.0, 0.00034, -5.1e-05, 0.124994, 0.00033, -0.909541, 0.415607, -0.002831, 9.4e-05, -0.415607, -0.909505, -1.2e-05, 0.0, 0.0, 0.0, 1.0],
                [1.0, 0.000326, -4.7e-05, 0.124994, 0.000324, -0.947714, 0.319117, -0.002831, 5.9e-05, -0.319114, -0.947677, -1.2e-05, 0.0, 0.0, 0.0, 1.0],
                [1.0, 0.000294, -3.8e-05, 0.124994, 0.000295, -0.977279, 0.211954, -0.002831, 2.5e-05, -0.211948, -0.977242, -1.2e-05, 0.0, 0.0, 0.0, 1.0],
                [1.0, 0.000248, -2.6e-05, 0.124994, 0.000249, -0.994697, 0.102848, -0.002831, -1e-06, -0.10284, -0.994659, -1.2e-05, 0.0, 0.0, 0.0, 1.0],
                [1.0, 0.000195, -1.6e-05, 0.124994, 0.000195, -0.999999, 0.000142, -0.002831, -1.6e-05, -0.000133, -0.999962, -1.2e-05, 0.0, 0.0, 0.0, 1.0],
                [1.0, 0.000192, -1.5e-05, 0.124994, 0.000191, -0.998667, -0.051585, -0.002831, -2.5e-05, 0.051596, -0.998631, -1.2e-05, 0.0, 0.0, 0.0, 1.0],
                [1.0, 0.000219, -2e-05, 0.124994, 0.000217, -0.99683, -0.079539, -0.002831, -3.8e-05, 0.079552, -0.996794, -1.2e-05, 0.0, 0.0, 0.0, 1.0],
                [1.0, 0.000244, -2.6e-05, 0.124994, 0.00024, -0.994022, -0.109159, -0.002831, -5.2e-05, 0.109174, -0.993987, -1.2e-05, 0.0, 0.0, 0.0, 1.0],
                [1.0, 0.000261, -3e-05, 0.124994, 0.000254, -0.989551, -0.144161, -0.002831, -6.7e-05, 0.144178, -0.989516, -1.2e-05, 0.0, 0.0, 0.0, 1.0],
                [1.0, 0.00027, -3.2e-05, 0.124994, 0.00026, -0.982985, -0.18366, -0.002831, -8.1e-05, 0.18368, -0.982952, -1.2e-05, 0.0, 0.0, 0.0, 1.0],
                [1.0, 0.000272, -3.2e-05, 0.124994, 0.000258, -0.974191, -0.2257, -0.002831, -9.3e-05, 0.22572, -0.974159, -1.2e-05, 0.0, 0.0, 0.0, 1.0],
                [1.0, 0.000269, -3.1e-05, 0.124994, 0.00025, -0.963371, -0.268147, -0.002831, -0.000103, 0.268168, -0.963339, -1.2e-05, 0.0, 0.0, 0.0, 1.0],
                [1.0, 0.000261, -3e-05, 0.124994, 0.000239, -0.95113, -0.308766, -0.002831, -0.000109, 0.308789, -0.951099, -1.2e-05, 0.0, 0.0, 0.0, 1.0],
                [1.0, 0.00025, -2.7e-05, 0.124994, 0.000226, -0.938497, -0.345262, -0.002831, -0.000112, 0.345285, -0.938466, -1.2e-05, 0.0, 0.0, 0.0, 1.0],
                [1.0, 0.00024, -2.5e-05, 0.124994, 0.000213, -0.927081, -0.374836, -0.002831, -0.000113, 0.37486, -0.927051, -1.2e-05, 0.0, 0.0, 0.0, 1.0],
                [1.0, 0.000232, -2.3e-05, 0.124994, 0.000204, -0.918761, -0.394789, -0.002831, -0.000113, 0.394813, -0.918731, -1.2e-05, 0.0, 0.0, 0.0, 1.0],
                [1.0, 0.000229, -2.3e-05, 0.124994, 0.000201, -0.915587, -0.402094, -0.002831, -0.000113, 0.402118, -0.915557, -1.2e-05, 0.0, 0.0, 0.0, 1.0],
                [1.0, 0.000272, -3.2e-05, 0.124994, 0.000241, -0.930411, -0.366492, -0.002831, -0.00013, 0.366517, -0.930381, -1.2e-05, 0.0, 0.0, 0.0, 1.0],
                [1.0, 0.000326, -4.7e-05, 0.124994, 0.000294, -0.9487, -0.316149, -0.002831, -0.000148, 0.316174, -0.948671, -1.2e-05, 0.0, 0.0, 0.0, 1.0],
                [1.0, 0.000373, -6.3e-05, 0.124994, 0.000343, -0.964251, -0.264958, -0.002831, -0.00016, 0.264983, -0.964223, -1.2e-05, 0.0, 0.0, 0.0, 1.0],
                [1.0, 0.000421, -8.1e-05, 0.124994, 0.000394, -0.977998, -0.208575, -0.002831, -0.000167, 0.2086, -0.97797, -1.2e-05, 0.0, 0.0, 0.0, 1.0],
                [1.0, 0.000473, -0.000103, 0.124994, 0.000453, -0.989649, -0.143453, -0.002831, -0.00017, 0.143477, -0.989622, -1.2e-05, 0.0, 0.0, 0.0, 1.0],
                [1.0, 0.000531, -0.000133, 0.124994, 0.000521, -0.997637, -0.0686, -0.002831, -0.000169, 0.068624, -0.997611, -1.2e-05, 0.0, 0.0, 0.0, 1.0],
                [1.0, 0.00059, -0.000167, 0.124994, 0.000592, -0.999917, 0.012323, -0.002831, -0.000159, -0.012299, -0.999892, -1.2e-05, 0.0, 0.0, 0.0, 1.0],
                [1.0, 0.000641, -0.0002, 0.124994, 0.000657, -0.995484, 0.094861, -0.002831, -0.000139, -0.094838, -0.99546, -1.2e-05, 0.0, 0.0, 0.0, 1.0],
                [1.0, 0.000686, -0.000233, 0.124994, 0.000716, -0.98354, 0.180656, -0.002831, -0.000106, -0.180634, -0.983517, -1.2e-05, 0.0, 0.0, 0.0, 1.0],
                [1.0, 0.000725, -0.000265, 0.124994, 0.00077, -0.962671, 0.270653, -0.002831, -5.9e-05, -0.270632, -0.962648, -1.2e-05, 0.0, 0.0, 0.0, 1.0],
                [1.0, 0.000758, -0.000295, 0.124994, 0.000813, -0.931125, 0.364686, -0.002831, 2e-06, -0.364667, -0.931102, -1.2e-05, 0.0, 0.0, 0.0, 1.0],
                [1.0, 0.000783, -0.000319, 0.124994, 0.000842, -0.887436, 0.460919, -0.002831, 7.8e-05, -0.460902, -0.887413, -1.2e-05, 0.0, 0.0, 0.0, 1.0],
                [1.0, 0.000808, -0.000343, 0.124994, 0.00085, -0.795419, 0.606051, -0.002831, 0.000217, -0.606037, -0.795394, -1.2e-05, 0.0, 0.0, 0.0, 1.0],
                [1.0, 0.000811, -0.000346, 0.124994, 0.000799, -0.667834, 0.7443, -0.002831, 0.000372, -0.744292, -0.667807, -1.2e-05, 0.0, 0.0, 0.0, 1.0],
                [1.0, 0.000784, -0.000319, 0.124994, 0.000697, -0.547934, 0.836509, -0.002831, 0.000481, -0.836506, -0.547906, -1.2e-05, 0.0, 0.0, 0.0, 1.0],
                [1.0, 0.000727, -0.000267, 0.124994, 0.000577, -0.469201, 0.883076, -0.002831, 0.000517, -0.883079, -0.469171, -1.2e-05, 0.0, 0.0, 0.0, 1.0],
                [1.0, 0.000642, -0.000201, 0.124994, 0.000464, -0.443127, 0.89644, -0.002831, 0.000486, -0.896449, -0.443097, -1.2e-05, 0.0, 0.0, 0.0, 1.0],
                [1.0, 0.000531, -0.000133, 0.124994, 0.000365, -0.465466, 0.885045, -0.002831, 0.000408, -0.885059, -0.465435, -1.2e-05, 0.0, 0.0, 0.0, 1.0],
                [1.0, 0.0004, -7.2e-05, 0.124994, 0.000272, -0.525208, 0.850951, -0.002831, 0.000302, -0.850969, -0.525178, -1.2e-05, 0.0, 0.0, 0.0, 1.0],
                [1.0, 0.000256, -2.8e-05, 0.124994, 0.000178, -0.608676, 0.793395, -0.002831, 0.000186, -0.793417, -0.608646, -1.2e-05, 0.0, 0.0, 0.0, 1.0],
                [1.0, 0.000134, -7e-06, 0.124994, 9.7e-05, -0.687413, 0.726242, -0.002831, 9.2e-05, -0.726265, -0.687384, -1.2e-05, 0.0, 0.0, 0.0, 1.0],
                [1.0, 8.8e-05, -2e-06, 0.124994, 6.6e-05, -0.72736, 0.686232, -0.002831, 5.9e-05, -0.686255, -0.72733, -1.2e-05, 0.0, 0.0, 0.0, 1.0],
                [1.0, 0.000101, -3e-06, 0.124994, 7.7e-05, -0.736301, 0.676631, -0.002831, 6.6e-05, -0.676653, -0.736271, -1.2e-05, 0.0, 0.0, 0.0, 1.0],
                [1.0, 0.000119, -5e-06, 0.124994, 9.1e-05, -0.732583, 0.680654, -0.002831, 7.7e-05, -0.680676, -0.732553, -1.2e-05, 0.0, 0.0, 0.0, 1.0]
            ]
        },
        {
            "name": "Leg_R",
            "time": [0.0, 0.0167, 0.0333, 0.05, 0.0667, 0.0833, 0.1, 0.1167, 0.1333, 0.15, 0.1667, 0.1833, 0.2, 0.2167, 0.2333, 0.25, 0.2667, 0.2833, 0.3, 0.3167, 0.3333, 0.35, 0.3667, 0.3833, 0.4, 0.4167, 0.4333, 0.45, 0.4667, 0.4833, 0.5, 0.5167, 0.5333, 0.55, 0.5667, 0.5833, 0.6, 0.6167, 0.6333, 0.65, 0.6667, 0.6833, 0.7, 0.7167, 0.7333, 0.75, 0.7667, 0.7833, 0.8],
            "transform": [
                [1.0, -0.000237, -0.000141, 0.0, 0.000262, 0.977202, 0.21231, 0.375166, 8.7e-05, -0.212313, 0.977203, 0.0, 0.0, 0.0, 0.0, 1.0],
                [1.0, -0.000246, -0.000142, -0.0, 0.000271, 0.975573, 0.219673, 0.375166, 8.5e-05, -0.219677, 0.975574, -0.0, 0.0, 0.0, 0.0, 1.0],
                [1.0, -0.000261, -0.000146, 0.0, 0.000288, 0.972293, 0.233762, 0.375166, 8.1e-05, -0.233768, 0.972294, -0.0, 0.0, 0.0, 0.0, 1.0],
                [1.0, -0.000286, -0.000152, 0.0, 0.000316, 0.966688, 0.255951, 0.375166, 7.4e-05, -0.255958, 0.96669, -0.0, 0.0, 0.0, 0.0, 1.0],
                [1.0, -0.000344, -0.000169, 0.0, 0.000379, 0.951479, 0.307704, 0.375166, 5.5e-05, -0.307715, 0.951482, -0.0, 0.0, 0.0, 0.0, 1.0],
                [1.0, -0.000441, -0.000206, -0.0, 0.000486, 0.919043, 0.394146, 0.375166, 1.5e-05, -0.394163, 0.919047, 0.0, 0.0, 0.0, 0.0, 1.0],
                [1.0, -0.000549, -0.000259, -0.0, 0.000606, 0.871023, 0.491227, 0.375166, -4.4e-05, -0.49125, 0.87103, 0.0, 0.0, 0.0, 0.0, 1.0],
                [1.0, -0.000626, -0.000307, -0.0, 0.00069, 0.828606, 0.559815, 0.375166, -9.6e-05, -0.559843, 0.828615, -0.0, 0.0, 0.0, 0.0, 1.0],
                [1.0, -0.000646, -0.000321, -0.0, 0.000713, 0.816064, 0.577944, 0.375166, -0.000112, -0.577973, 0.816073, -0.0, 0.0, 0.0, 0.0, 1.0],
                [1.0, -0.000623, -0.000305, -0.0, 0.000687, 0.830401, 0.557148, 0.375166, -9.4e-05, -0.557176, 0.83041, 0.0, 0.0, 0.0, 0.0, 1.0],
                [1.0, -0.000566, -0.000269, -0.0, 0.000624, 0.862522, 0.506004, 0.375166, -5.5e-05, -0.506029, 0.862529, -0.0, 0.0, 0.0, 0.0, 1.0],
                [1.0, -0.000483, -0.000225, -0.0, 0.000532, 0.902096, 0.431522, 0.375166, -6e-06, -0.431542, 0.902102, 0.0, 0.0, 0.0, 0.0, 1.0],
                [1.0, -0.000384, -0.000183, -0.0, 0.000424, 0.939188, 0.343394, 0.375166, 4e-05, -0.343408, 0.939191, 0.0, 0.0, 0.0, 0.0, 1.0],
                [1.0, -0.000378, -0.000181, -0.0, 0.000417, 0.941086, 0.338156, 0.375166, 4.2e-05, -0.338169, 0.94109, 0.0, 0.0, 0.0, 0.0, 1.0],
                [1.0, -0.000429, -0.000201, -0.0, 0.000474, 0.923342, 0.383967, 0.375166, 2e-05, -0.383984, 0.923346, -0.0, 0.0, 0.0, 0.0, 1.0],
                [1.0, -0.000476, -0.000221, 0.0, 0.000525, 0.904849, 0.42572, 0.375166, -2e-06, -0.42574, 0.904854, 0.0, 0.0, 0.0, 0.0, 1.0],
                [1.0, -0.000508, -0.000237, -0.0, 0.00056, 0.89101, 0.453969, 0.375166, -1.9e-05, -0.453991, 0.891016, 0.0, 0.0, 0.0, 0.0, 1.0],
                [1.0, -0.000524, -0.000245, -0.0, 0.000578, 0.883346, 0.468706, 0.375166, -2.9e-05, -0.46873, 0.883352, 0.0, 0.0, 0.0, 0.0, 1.0],
                [1.0, -0.000528, -0.000247, 0.0, 0.000582, 0.881635, 0.471917, 0.375166, -3.1e-05, -0.471941, 0.881641, -0.0, 0.0, 0.0, 0.0, 1.0],
                [1.0, -0.000521, -0.000244, 0.0, 0.000575, 0.884857, 0.465847, 0.375166, -2.7e-05, -0.46587, 0.884864, -0.0, 0.0, 0.0, 0.0, 1.0],
                [1.0, -0.000507, -0.000236, 0.0, 0.000559, 0.89151, 0.452985, 0.375166, -1.9e-05, -0.453008, 0.891516, -0.0, 0.0, 0.0, 0.0, 1.0],
                [1.0, -0.000488, -0.000227, -0.0, 0.000538, 0.899887, 0.436108, 0.375166, -8e-06, -0.43613, 0.899893, 0.0, 0.0, 0.0, 0.0, 1.0],
                [1.0, -0.000469, -0.000218, -0.0, 0.000517, 0.9079, 0.419173, 0.375166, 1e-06, -0.419193, 0.907905, 0.0, 0.0, 0.0, 0.0, 1.0],
                [1.0, -0.000454, -0.000211, 0.0, 0.000501, 0.91384, 0.406061, 0.375166, 9e-06, -0.40608, 0.913845, 0.0, 0.0, 0.0, 0.0, 1.0],
                [1.0, -0.000448, -0.000209, 0.0, 0.000495, 0.916092, 0.400955, 0.375166, 1.2e-05, -0.400974, 0.916097, -0.0, 0.0, 0.0, 0.0, 1.0],
                [1.0, -0.000528, -0.000247, -0.0, 0.000582, 0.881713, 0.47177, 0.375166, -3.1e-05, -0.471794, 0.88172, -0.0, 0.0, 0.0, 0.0, 1.0],
                [1.0, -0.000623, -0.000305, -0.0, 0.000688, 0.830199, 0.55745, 0.375166, -9.4e-05, -0.557479, 0.830208, -0.0, 0.0, 0.0, 0.0, 1.0],
                [1.0, -0.000703, -0.000364, -0.0, 0.000776, 0.77749, 0.628876, 0.375166, -0.000159, -0.628909, 0.777501, 0.0, 0.0, 0.0, 0.0, 1.0],
                [1.0, -0.000779, -0.000431, -0.0, 0.000859, 0.71783, 0.696199, 0.375166, -0.000233, -0.696234, 0.717842, -0.0, 0.0, 0.0, 0.0, 1.0],
                [1.0, -0.000856, -0.000514, -0.0, 0.000944, 0.643551, 0.765383, 0.375166, -0.000325, -0.765421, 0.643564, 0.0, 0.0, 0.0, 0.0, 1.0],
                [0.999999, -0.000934, -0.000618, -0.0, 0.00103, 0.550156, 0.835043, 0.375166, -0.00044, -0.835082, 0.55017, 0.0, 0.0, 0.0, 0.0, 1.0],
                [0.999999, -0.001001, -0.000735, -0.0, 0.001104, 0.445512, 0.895258, 0.375166, -0.000569, -0.895297, 0.445525, 0.0, 0.0, 0.0, 0.0, 1.0],
                [0.999999, -0.001049, -0.000847, -0.0, 0.001157, 0.345418, 0.938432, 0.375166, -0.000692, -0.93847, 0.345431, -0.0, 0.0, 0.0, 0.0, 1.0],
                [0.999999, -0.001083, -0.000953, -0.0, 0.001194, 0.250344, 0.96814, 0.375166, -0.00081, -0.968177, 0.250356, -0.0, 0.0, 0.0, 0.0, 1.0],
                [0.999999, -0.001104, -0.001052, -0.0, 0.001217, 0.161719, 0.986821, 0.375166, -0.000919, -0.986856, 0.16173, -0.0, 0.0, 0.0, 0.0, 1.0],
                [0.999999, -0.001114, -0.00114, -0.0, 0.001229, 0.083099, 0.996525, 0.375166, -0.001016, -0.996559, 0.083109, -0.0, 0.0, 0.0, 0.0, 1.0],
                [0.999999, -0.001118, -0.00121, 0.0, 0.001233, 0.020804, 0.999768, 0.375166, -0.001093, -0.999801, 0.020814, 0.0, 0.0, 0.0, 0.0, 1.0],
                [0.999999, -0.001117, -0.001278, 0.0, 0.001232, -0.040352, 0.99917, 0.375166, -0.001168, -0.999202, -0.040342, 0.0, 0.0, 0.0, 0.0, 1.0],
                [0.999999, -0.001117, -0.001288, -0.0, 0.001232, -0.048711, 0.998798, 0.375166, -0.001178, -0.998829, -0.048701, 0.0, 0.0, 0.0, 0.0, 1.0],
                [0.999999, -0.001118, -0.001212, 0.0, 0.001233, 0.019408, 0.999796, 0.375166, -0.001094, -0.999828, 0.019418, 0.0, 0.0, 0.0, 0.0, 1.0],
                [0.999999, -0.001104, -0.001058, 0.0, 0.001218, 0.156919, 0.987596, 0.375166, -0.000925, -0.98763, 0.15693, 0.0, 0.0, 0.0, 0.0, 1.0],
                [0.999999, -0.00105, -0.00085, 0.0, 0.001158, 0.343057, 0.939297, 0.375166, -0.000695, -0.939335, 0.34307, 0.0, 0.0, 0.0, 0.0, 1.0],
                [0.999999, -0.000934, -0.000618, -0.0, 0.00103, 0.549964, 0.835169, 0.375166, -0.00044, -0.835207, 0.549977, -0.0, 0.0, 0.0, 0.0, 1.0],
                [1.0, -0.000746, -0.0004, 0.0, 0.000823, 0.745117, 0.666914, 0.375166, -0.000199, -0.666948, 0.745128, -0.0, 0.0, 0.0, 0.0, 1.0],
                [1.0, -0.000497, -0.000232, -0.0, 0.000548, 0.895712, 0.444621, 0.375166, -1.4e-05, -0.444641, 0.895717, 0.0, 0.0, 0.0, 0.0, 1.0],
                [1.0, -0.000265, -0.000147, -0.0, 0.000292, 0.971487, 0.237086, 0.375166, 8e-05, -0.237091, 0.971489, 0.0, 0.0, 0.0, 0.0, 1.0],
                [1.0, -0.000176, -0.000129, -0.0, 0.000194, 0.987608, 0.156942, 0.375166, 0.0001, -0.156942, 0.987608, -0.0, 0.0, 0.0, 0.0, 1.0],
                [1.0, -0.000202, -0.000133, 0.0, 0.000223, 0.983569, 0.180532, 0.375166, 9.5e-05, -0.180533, 0.983569, 0.0, 0.0, 0.0, 0.0, 1.0],
                [1.0, -0.000237, -0.000141, 0.0, 0.000262, 0.977202, 0.21231, 0.375166, 8.7e-05, -0.212313, 0.977203, 0.0, 0.0, 0.0, 0.0, 1.0]
            ]
        },
        {
            "name": "Knee_R",
            "time": [0.0, 0.0167, 0.0333, 0.05, 0.0667, 0.0833, 0.1, 0.1167, 0.1333, 0.15, 0.1667, 0.1833, 0.2, 0.2167, 0.2333, 0.25, 0.2667, 0.2833, 0.3, 0.3167, 0.3333, 0.35, 0.3667, 0.3833, 0.4, 0.4167, 0.4333, 0.45, 0.4667, 0.4833, 0.5, 0.5167, 0.5333, 0.55, 0.5667, 0.5833, 0.6, 0.6167, 0.6333, 0.65, 0.6667, 0.6833, 0.7, 0.7167, 0.7333, 0.75, 0.7667, 0.7833, 0.8],
            "transform": [
                [1.0, -5.7e-05, 5.4e-05, 0.0, 5.7e-05, 0.048757, -0.998811, 0.375166, 5.4e-05, 0.998811, 0.048757, 0.0, 0.0, 0.0, 0.0, 1.0],
                [1.0, -5.7e-05, 5.4e-05, -0.0, 5.7e-05, 0.048757, -0.998811, 0.375166, 5.4e-05, 0.998811, 0.048757, -0.0, 0.0, 0.0, 0.0, 1.0],
                [1.0, -5.7e-05, 5.4e-05, 0.0, 5.7e-05, 0.048757, -0.998811, 0.375166, 5.4e-05, 0.998811, 0.048757, -0.0, 0.0, 0.0, 0.0, 1.0],
                [1.0, -5.7e-05, 5.4e-05, 0.0, 5.7e-05, 0.048757, -0.998811, 0.375166, 5.4e-05, 0.998811, 0.048757, -0.0, 0.0, 0.0, 0.0, 1.0],
                [1.0, -5.7e-05, 5.4e-05, 0.0, 5.7e-05, 0.048757, -0.998811, 0.375166, 5.4e-05, 0.998811, 0.048757, -0.0, 0.0, 0.0, 0.0, 1.0],
                [1.0, -5.7e-05, 5.4e-05, -0.0, 5.7e-05, 0.048757, -0.998811, 0.375166, 5.4e-05, 0.998811, 0.048757, 0.0, 0.0, 0.0, 0.0, 1.0],
                [1.0, -5.7e-05, 5.4e-05, -0.0, 5.7e-05, 0.048757, -0.998811, 0.375166, 5.4e-05, 0.998811, 0.048757, 0.0, 0.0, 0.0, 0.0, 1.0],
                [1.0, -5.7e-05, 5.4e-05, -0.0, 5.7e-05, 0.048757, -0.998811, 0.375166, 5.4e-05, 0.998811, 0.048757, -0.0, 0.0, 0.0, 0.0, 1.0],
                [1.0, -5.7e-05, 5.4e-05, -0.0, 5.7e-05, 0.048757, -0.998811, 0.375166, 5.4e-05, 0.998811, 0.048757, -0.0, 0.0, 0.0, 0.0, 1.0],
                [1.0, -5.7e-05, 5.4e-05, -0.0, 5.7e-05, 0.048757, -0.998811, 0.375166, 5.4e-05, 0.998811, 0.048757, 0.0, 0.0, 0.0, 0.0, 1.0],
                [1.0, -5.7e-05, 5.4e-05, -0.0, 5.7e-05, 0.048757, -0.998811, 0.375166, 5.4e-05, 0.998811, 0.048757, -0.0, 0.0, 0.0, 0.0, 1.0],
                [1.0, -5.7e-05, 5.4e-05, -0.0, 5.7e-05, 0.048757, -0.998811, 0.375166, 5.4e-05, 0.998811, 0.048757, 0.0, 0.0, 0.0, 0.0, 1.0],
                [1.0, -5.7e-05, 5.4e-05, -0.0, 5.7e-05, 0.048757, -0.998811, 0.375166, 5.4e-05, 0.998811, 0.048757, 0.0, 0.0, 0.0, 0.0, 1.0],
                [1.0, -5.7e-05, 5.4e-05, -0.0, 5.7e-05, 0.048757, -0.998811, 0.375166, 5.4e-05, 0.998811, 0.048757, 0.0, 0.0, 0.0, 0.0, 1.0],
                [1.0, -5.7e-05, 5.4e-05, -0.0, 5.7e-05, 0.048757, -0.998811, 0.375166, 5.4e-05, 0.998811, 0.048757, -0.0, 0.0, 0.0, 0.0, 1.0],
                [1.0, -5.7e-05, 5.4e-05, 0.0, 5.7e-05, 0.048757, -0.998811, 0.375166, 5.4e-05, 0.998811, 0.048757, 0.0, 0.0, 0.0, 0.0, 1.0],
                [1.0, -5.7e-05, 5.4e-05, -0.0, 5.7e-05, 0.048757, -0.998811, 0.375166, 5.4e-05, 0.998811, 0.048757, 0.0, 0.0, 0.0, 0.0, 1.0],
                [1.0, -5.7e-05, 5.4e-05, -0.0, 5.7e-05, 0.048757, -0.998811, 0.375166, 5.4e-05, 0.998811, 0.048757, 0.0, 0.0, 0.0, 0.0, 1.0],
                [1.0, -5.7e-05, 5.4e-05, 0.0, 5.7e-05, 0.048757, -0.998811, 0.375166, 5.4e-05, 0.998811, 0.048757, -0.0, 0.0, 0.0, 0.0, 1.0],
                [1.0, -5.7e-05, 5.4e-05, 0.0, 5.7e-05, 0.048757, -0.998811, 0.375166, 5.4e-05, 0.998811, 0.048757, -0.0, 0.0, 0.0, 0.0, 1.0],
                [1.0, -5.7e-05, 5.4e-05, 0.0, 5.7e-05, 0.048757, -0.998811, 0.375166, 5.4e-05, 0.998811, 0.048757, -0.0, 0.0, 0.0, 0.0, 1.0],
                [1.0, -5.7e-05, 5.4e-05, -0.0, 5.7e-05, 0.048757, -0.998811, 0.375166, 5.4e-05, 0.998811, 0.048757, 0.0, 0.0, 0.0, 0.0, 1.0],
                [1.0, -5.7e-05, 5.4e-05, -0.0, 5.7e-05, 0.048757, -0.998811, 0.375166, 5.4e-05, 0.998811, 0.048757, 0.0, 0.0, 0.0, 0.0, 1.0],
                [1.0, -5.7e-05, 5.4e-05, 0.0, 5.7e-05, 0.048757, -0.998811, 0.375166, 5.4e-05, 0.998811, 0.048757, 0.0, 0.0, 0.0, 0.0, 1.0],
                [1.0, -5.7e-05, 5.4e-05, 0.0, 5.7e-05, 0.048757, -0.998811, 0.375166, 5.4e-05, 0.998811, 0.048757, -0.0, 0.0, 0.0, 0.0, 1.0],
                [1.0, -5.7e-05, 5.4e-05, -0.0, 5.7e-05, 0.048757, -0.998811, 0.375166, 5.4e-05, 0.998811, 0.048757, -0.0, 0.0, 0.0, 0.0, 1.0],
                [1.0, -5.7e-05, 5.4e-05, -0.0, 5.7e-05, 0.048757, -0.998811, 0.375166, 5.4e-05, 0.998811, 0.048757, -0.0, 0.0, 0.0, 0.0, 1.0],
                [1.0, -5.7e-05, 5.4e-05, -0.0, 5.7e-05, 0.048757, -0.998811, 0.375166, 5.4e-05, 0.998811, 0.048757, 0.0, 0.0, 0.0, 0.0, 1.0],
                [1.0, -5.7e-05, 5.4e-05, -0.0, 5.7e-05, 0.048757, -0.998811, 0.375166, 5.4e-05, 0.998811, 0.048757, -0.0, 0.0, 0.0, 0.0, 1.0],
                [1.0, -5.7e-05, 5.4e-05, -0.0, 5.7e-05, 0.048757, -0.998811, 0.375166, 5.4e-05, 0.998811, 0.048757, 0.0, 0.0, 0.0, 0.0, 1.0],
                [1.0, -5.7e-05, 5.4e-05, -0.0, 5.7e-05, 0.048757, -0.998811, 0.375166, 5.4e-05, 0.998811, 0.048757, 0.0, 0.0, 0.0, 0.0, 1.0],
                [1.0, -5.7e-05, 5.4e-05, -0.0, 5.7e-05, 0.048757, -0.998811, 0.375166, 5.4e-05, 0.998811, 0.048757, 0.0, 0.0, 0.0, 0.0, 1.0],
                [1.0, -5.7e-05, 5.4e-05, -0.0, 5.7e-05, 0.048757, -0.998811, 0.375166, 5.4e-05, 0.998811, 0.048757, -0.0, 0.0, 0.0, 0.0, 1.0],
                [1.0, -5.7e-05, 5.4e-05, -0.0, 5.7e-05, 0.048757, -0.998811, 0.375166, 5.4e-05, 0.998811, 0.048757, -0.0, 0.0, 0.0, 0.0, 1.0],
                [1.0, -5.7e-05, 5.4e-05, -0.0, 5.7e-05, 0.048757, -0.998811, 0.375166, 5.4e-05, 0.998811, 0.048757, -0.0, 0.0, 0.0, 0.0, 1.0],
                [1.0, -5.7e-05, 5.4e-05, -0.0, 5.7e-05, 0.048757, -0.998811, 0.375166, 5.4e-05, 0.998811, 0.048757, -0.0, 0.0, 0.0, 0.0, 1.0],
                [1.0, -5.7e-05, 5.4e-05, 0.0, 5.7e-05, 0.048757, -0.998811, 0.375166, 5.4e-05, 0.998811, 0.048757, 0.0, 0.0, 0.0, 0.0, 1.0],
                [1.0, -5.7e-05, 5.4e-05, 0.0, 5.7e-05, 0.048757, -0.998811, 0.375166, 5.4e-05, 0.998811, 0.048757, 0.0, 0.0, 0.0, 0.0, 1.0],
                [1.0, -5.7e-05, 5.4e-05, -0.0, 5.7e-05, 0.048757, -0.998811, 0.375166, 5.4e-05, 0.998811, 0.048757, 0.0, 0.0, 0.0, 0.0, 1.0],
                [1.0, -5.7e-05, 5.4e-05, 0.0, 5.7e-05, 0.048757, -0.998811, 0.375166, 5.4e-05, 0.998811, 0.048757, 0.0, 0.0, 0.0, 0.0, 1.0],
                [1.0, -5.7e-05, 5.4e-05, 0.0, 5.7e-05, 0.048757, -0.998811, 0.375166, 5.4e-05, 0.998811, 0.048757, 0.0, 0.0, 0.0, 0.0, 1.0],
                [1.0, -5.7e-05, 5.4e-05, 0.0, 5.7e-05, 0.048757, -0.998811, 0.375166, 5.4e-05, 0.998811, 0.048757, 0.0, 0.0, 0.0, 0.0, 1.0],
                [1.0, -5.7e-05, 5.4e-05, -0.0, 5.7e-05, 0.048757, -0.998811, 0.375166, 5.4e-05, 0.998811, 0.048757, -0.0, 0.0, 0.0, 0.0, 1.0],
                [1.0, -5.7e-05, 5.4e-05, 0.0, 5.7e-05, 0.048757, -0.998811, 0.375166, 5.4e-05, 0.998811, 0.048757, -0.0, 0.0, 0.0, 0.0, 1.0],
                [1.0, -5.7e-05, 5.4e-05, -0.0, 5.7e-05, 0.048757, -0.998811, 0.375166, 5.4e-05, 0.998811, 0.048757, 0.0, 0.0, 0.0, 0.0, 1.0],
                [1.0, -5.7e-05, 5.4e-05, -0.0, 5.7e-05, 0.048757, -0.998811, 0.375166, 5.4e-05, 0.998811, 0.048757, 0.0, 0.0, 0.0, 0.0, 1.0],
                [1.0, -5.7e-05, 5.4e-05, -0.0, 5.7e-05, 0.048757, -0.998811, 0.375166, 5.4e-05, 0.998811, 0.048757, -0.0, 0.0, 0.0, 0.0, 1.0],
                [1.0, -5.7e-05, 5.4e-05, 0.0, 5.7e-05, 0.048757, -0.998811, 0.375166, 5.4e-05, 0.998811, 0.048757, 0.0, 0.0, 0.0, 0.0, 1.0],
                [1.0, -5.7e-05, 5.4e-05, 0.0, 5.7e-05, 0.048757, -0.998811, 0.375166, 5.4e-05, 0.998811, 0.048757, 0.0, 0.0, 0.0, 0.0, 1.0]
            ]
        },
        {
            "name": "Thigh_L",
            "time": [0.0, 0.0167, 0.0333, 0.05, 0.0667, 0.0833, 0.1, 0.1167, 0.1333, 0.15, 0.1667, 0.1833, 0.2, 0.2167, 0.2333, 0.25, 0.2667, 0.2833, 0.3, 0.3167, 0.3333, 0.35, 0.3667, 0.3833, 0.4, 0.4167, 0.4333, 0.45, 0.4667, 0.4833, 0.5, 0.5167, 0.5333, 0.55, 0.5667, 0.5833, 0.6, 0.6167, 0.6333, 0.65, 0.6667, 0.6833, 0.7, 0.7167, 0.7333, 0.75, 0.7667, 0.7833, 0.8],
            "transform": [
                [1.0, 4e-06, 2e-05, -0.125006, 1.2e-05, -0.915587, -0.402089, -0.002831, 1.7e-05, 0.402119, -0.91555, -1.2e-05, 0.0, 0.0, 0.0, 1.0],
                [1.0, 4e-06, 2e-05, -0.125006, 1.2e-05, -0.915787, -0.401633, -0.002831, 1.7e-05, 0.401663, -0.915751, -1.2e-05, 0.0, 0.0, 0.0, 1.0],
                [1.0, 4e-06, 2e-05, -0.125006, 1.1e-05, -0.917023, -0.398804, -0.002831, 1.7e-05, 0.398834, -0.916986, -1.2e-05, 0.0, 0.0, 0.0, 1.0],
                [1.0, 4e-06, 2e-05, -0.125006, 1.1e-05, -0.923296, -0.384058, -0.002831, 1.7e-05, 0.384087, -0.923259, -1.2e-05, 0.0, 0.0, 0.0, 1.0],
                [1.0, 4e-06, 1.9e-05, -0.125006, 1.1e-05, -0.93995, -0.341281, -0.002831, 1.7e-05, 0.34131, -0.939913, -1.2e-05, 0.0, 0.0, 0.0, 1.0],
                [1.0, 5e-06, 1.9e-05, -0.125006, 1e-05, -0.964242, -0.264984, -0.002831, 1.7e-05, 0.265013, -0.964207, -1.2e-05, 0.0, 0.0, 0.0, 1.0],
                [1.0, 7e-06, 1.8e-05, -0.125006, 1e-05, -0.986182, -0.165614, -0.002831, 1.7e-05, 0.165643, -0.986148, -1.2e-05, 0.0, 0.0, 0.0, 1.0],
                [1.0, 8e-06, 1.7e-05, -0.125006, 9e-06, -0.998272, -0.058617, -0.002831, 1.7e-05, 0.058646, -0.99824, -1.2e-05, 0.0, 0.0, 0.0, 1.0],
                [1.0, 9e-06, 1.7e-05, -0.125006, 8e-06, -0.998854, 0.047703, -0.002831, 1.7e-05, -0.047675, -0.998823, -1.2e-05, 0.0, 0.0, 0.0, 1.0],
                [1.0, 1e-05, 1.6e-05, -0.125006, 7e-06, -0.98804, 0.154156, -0.002831, 1.7e-05, -0.154129, -0.98801, -1.2e-05, 0.0, 0.0, 0.0, 1.0],
                [1.0, 1e-05, 1.5e-05, -0.125006, 6e-06, -0.965613, 0.259959, -0.002831, 1.7e-05, -0.259934, -0.965584, -1.2e-05, 0.0, 0.0, 0.0, 1.0],
                [1.0, 1.1e-05, 1.4e-05, -0.125006, 5e-06, -0.931664, 0.363304, -0.002831, 1.7e-05, -0.363281, -0.931636, -1.2e-05, 0.0, 0.0, 0.0, 1.0],
                [1.0, 1.1e-05, 1.4e-05, -0.125006, 3e-06, -0.887434, 0.460922, -0.002831, 1.8e-05, -0.460901, -0.887405, -1.2e-05, 0.0, 0.0, 0.0, 1.0],
                [1.0, 1.2e-05, 1.4e-05, -0.125006, 1e-06, -0.79735, 0.603506, -0.002831, 1.8e-05, -0.603489, -0.79732, -1.2e-05, 0.0, 0.0, 0.0, 1.0],
                [1.0, 1.2e-05, 1.4e-05, -0.125006, -2e-06, -0.671118, 0.741339, -0.002831, 1.9e-05, -0.741328, -0.671086, -1.2e-05, 0.0, 0.0, 0.0, 1.0],
                [1.0, 1.3e-05, 1.6e-05, -0.125006, -6e-06, -0.548398, 0.836203, -0.002831, 2e-05, -0.836199, -0.548364, -1.2e-05, 0.0, 0.0, 0.0, 1.0],
                [1.0, 1.4e-05, 1.8e-05, -0.125006, -1e-05, -0.461279, 0.887236, -0.002831, 2.1e-05, -0.887239, -0.461244, -1.2e-05, 0.0, 0.0, 0.0, 1.0],
                [1.0, 1.4e-05, 2.1e-05, -0.125006, -1.3e-05, -0.422572, 0.906307, -0.002831, 2.2e-05, -0.906317, -0.422536, -1.2e-05, 0.0, 0.0, 0.0, 1.0],
                [1.0, 1.3e-05, 2.4e-05, -0.125006, -1.6e-05, -0.428519, 0.903508, -0.002831, 2.2e-05, -0.903523, -0.428482, -1.2e-05, 0.0, 0.0, 0.0, 1.0],
                [1.0, 1.2e-05, 2.7e-05, -0.125006, -1.9e-05, -0.467587, 0.88392, -0.002831, 2.3e-05, -0.88394, -0.46755, -1.2e-05, 0.0, 0.0, 0.0, 1.0],
                [1.0, 9e-06, 2.9e-05, -0.125006, -2e-05, -0.523081, 0.852255, -0.002831, 2.3e-05, -0.852278, -0.523045, -1.2e-05, 0.0, 0.0, 0.0, 1.0],
                [1.0, 8e-06, 2.9e-05, -0.125006, -2e-05, -0.570366, 0.821362, -0.002831, 2.3e-05, -0.821387, -0.57033, -1.2e-05, 0.0, 0.0, 0.0, 1.0],
                [1.0, 6e-06, 2.9e-05, -0.125006, -1.9e-05, -0.626169, 0.779659, -0.002831, 2.3e-05, -0.779685, -0.626132, -1.2e-05, 0.0, 0.0, 0.0, 1.0],
                [1.0, 3e-06, 2.9e-05, -0.125006, -1.8e-05, -0.705172, 0.709009, -0.002831, 2.3e-05, -0.709035, -0.705135, -1.2e-05, 0.0, 0.0, 0.0, 1.0],
                [1.0, 3e-06, 2.9e-05, -0.125006, -1.8e-05, -0.732584, 0.680649, -0.002831, 2.3e-05, -0.680676, -0.732546, -1.2e-05, 0.0, 0.0, 0.0, 1.0],
                [1.0, 5e-06, 2.7e-05, -0.125006, -1.6e-05, -0.687185, 0.726457, -0.002831, 2.3e-05, -0.72648, -0.687146, -1.2e-05, 0.0, 0.0, 0.0, 1.0],
                [1.0, 6e-06, 2.6e-05, -0.125006, -1.4e-05, -0.683675, 0.729763, -0.002831, 2.2e-05, -0.729783, -0.683635, -1.2e-05, 0.0, 0.0, 0.0, 1.0],
                [1.0, 7e-06, 2.4e-05, -0.125006, -1.2e-05, -0.7129, 0.701245, -0.002831, 2.2e-05, -0.701261, -0.712859, -1.2e-05, 0.0, 0.0, 0.0, 1.0],
                [1.0, 7e-06, 2.3e-05, -0.125006, -1e-05, -0.757606, 0.652695, -0.002831, 2.1e-05, -0.652707, -0.757563, -1.2e-05, 0.0, 0.0, 0.0, 1.0],
                [1.0, 6e-06, 2.1e-05, -0.125006, -8e-06, -0.804743, 0.593609, -0.002831, 2.1e-05, -0.593618, -0.804699, -1.2e-05, 0.0, 0.0, 0.0, 1.0],
                [1.0, 6e-06, 2e-05, -0.125006, -6e-06, -0.846734, 0.532005, -0.002831, 2.1e-05, -0.532009, -0.84669, -1.2e-05, 0.0, 0.0, 0.0, 1.0],
                [1.0, 6e-06, 2e-05, -0.125006, -4e-06, -0.884712, 0.466129, -0.002831, 2e-05, -0.46613, -0.884668, -1.2e-05, 0.0, 0.0, 0.0, 1.0],
                [1.0, 5e-06, 1.9e-05, -0.125006, -2e-06, -0.922531, 0.385917, -0.002831, 2e-05, -0.385915, -0.922486, -1.2e-05, 0.0, 0.0, 0.0, 1.0],
                [1.0, 5e-06, 1.9e-05, -0.125006, -1e-06, -0.955401, 0.295307, -0.002831, 1.9e-05, -0.295302, -0.955356, -1.2e-05, 0.0, 0.0, 0.0, 1.0],
                [1.0, 4e-06, 1.9e-05, -0.125006, 0.0, -0.9801, 0.198504, -0.002831, 1.9e-05, -0.198496, -0.980055, -1.2e-05, 0.0, 0.0, 0.0, 1.0],
                [1.0, 4e-06, 1.9e-05, -0.125006, 2e-06, -0.995102, 0.098849, -0.002831, 1.9e-05, -0.098839, -0.995057, -1.2e-05, 0.0, 0.0, 0.0, 1.0],
                [1.0, 3e-06, 1.9e-05, -0.125006, 3e-06, -0.999999, 0.000144, -0.002831, 1.9e-05, -0.000132, -0.999954, -1.2e-05, 0.0, 0.0, 0.0, 1.0],
                [1.0, 3e-06, 1.8e-05, -0.125006, 4e-06, -0.99876, -0.049767, -0.002831, 1.8e-05, 0.049781, -0.998715, -1.2e-05, 0.0, 0.0, 0.0, 1.0],
                [1.0, 3e-06, 1.8e-05, -0.125006, 5e-06, -0.99703, -0.076983, -0.002831, 1.8e-05, 0.076999, -0.996987, -1.2e-05, 0.0, 0.0, 0.0, 1.0],
                [1.0, 3e-06, 1.8e-05, -0.125006, 5e-06, -0.994323, -0.106375, -0.002831, 1.8e-05, 0.106393, -0.99428, -1.2e-05, 0.0, 0.0, 0.0, 1.0],
                [1.0, 4e-06, 1.8e-05, -0.125006, 6e-06, -0.989946, -0.141417, -0.002831, 1.8e-05, 0.141438, -0.989904, -1.2e-05, 0.0, 0.0, 0.0, 1.0],
                [1.0, 4e-06, 1.9e-05, -0.125006, 7e-06, -0.983451, -0.181142, -0.002831, 1.8e-05, 0.181165, -0.983411, -1.2e-05, 0.0, 0.0, 0.0, 1.0],
                [1.0, 4e-06, 1.9e-05, -0.125006, 8e-06, -0.974691, -0.223525, -0.002831, 1.8e-05, 0.223549, -0.974652, -1.2e-05, 0.0, 0.0, 0.0, 1.0],
                [1.0, 4e-06, 1.9e-05, -0.125006, 9e-06, -0.963856, -0.266391, -0.002831, 1.7e-05, 0.266418, -0.963818, -1.2e-05, 0.0, 0.0, 0.0, 1.0],
                [1.0, 4e-06, 2e-05, -0.125006, 1e-05, -0.951548, -0.307469, -0.002831, 1.7e-05, 0.307497, -0.95151, -1.2e-05, 0.0, 0.0, 0.0, 1.0],
                [1.0, 4e-06, 2e-05, -0.125006, 1.1e-05, -0.938802, -0.344425, -0.002831, 1.7e-05, 0.344454, -0.938765, -1.2e-05, 0.0, 0.0, 0.0, 1.0],
                [1.0, 4e-06, 2e-05, -0.125006, 1.1e-05, -0.927251, -0.374409, -0.002831, 1.7e-05, 0.374438, -0.927214, -1.2e-05, 0.0, 0.0, 0.0, 1.0],
                [1.0, 4e-06, 2e-05, -0.125006, 1.2e-05, -0.918812, -0.394665, -0.002831, 1.7e-05, 0.394695, -0.918775, -1.2e-05, 0.0, 0.0, 0.0, 1.0],
                [1.0, 4e-06, 2e-05, -0.125006, 1.2e-05, -0.915587, -0.402089, -0.002831, 1.7e-05, 0.402119, -0.91555, -1.2e-05, 0.0, 0.0, 0.0, 1.0]
            ]
        },
        {
            "name": "Leg_L",
            "time": [0.0, 0.0167, 0.0333, 0.05, 0.0667, 0.0833, 0.1, 0.1167, 0.1333, 0.15, 0.1667, 0.1833, 0.2, 0.2167, 0.2333, 0.25, 0.2667, 0.2833, 0.3, 0.3167, 0.3333, 0.35, 0.3667, 0.3833, 0.4, 0.4167, 0.4333, 0.45, 0.4667, 0.4833, 0.5, 0.5167, 0.5333, 0.55, 0.5667, 0.5833, 0.6, 0.6167, 0.6333, 0.65, 0.6667, 0.6833, 0.7, 0.7167, 0.7333, 0.75, 0.7667, 0.7833, 0.8],
            "transform": [
                [1.0, 1e-06, 1e-06, 0.0, -1e-06, 0.916092, 0.400954, 0.375166, -0.0, -0.400976, 0.916097, 0.0, 0.0, 0.0, 0.0, 1.0],
                [1.0, 1e-06, 1e-06, 0.0, -1e-06, 0.917182, 0.398452, 0.375166, -0.0, -0.398475, 0.917188, 0.0, 0.0, 0.0, 0.0, 1.0],
                [1.0, 1e-06, 1e-06, -0.0, -1e-06, 0.919548, 0.392961, 0.375166, -0.0, -0.392984, 0.919554, -0.0, 0.0, 0.0, 0.0, 1.0],
                [1.0, 1e-06, 1e-06, 0.0, -1e-06, 0.914656, 0.404218, 0.375166, -0.0, -0.404241, 0.914661, 0.0, 0.0, 0.0, 0.0, 1.0],
                [1.0, 1e-06, 1e-06, 0.0, -1e-06, 0.884955, 0.465659, 0.375166, -0.0, -0.465687, 0.884962, -0.0, 0.0, 0.0, 0.0, 1.0],
                [1.0, 1e-06, 1e-06, 0.0, -2e-06, 0.813471, 0.581583, 0.375166, -0.0, -0.58162, 0.813482, -0.0, 0.0, 0.0, 0.0, 1.0],
                [1.0, 2e-06, 1e-06, -0.0, -2e-06, 0.696968, 0.717079, 0.375166, 0.0, -0.717123, 0.696982, -0.0, 0.0, 0.0, 0.0, 1.0],
                [1.0, 2e-06, 2e-06, -0.0, -3e-06, 0.555591, 0.831433, 0.375166, 1e-06, -0.83148, 0.555607, -0.0, 0.0, 0.0, 0.0, 1.0],
                [1.0, 2e-06, 2e-06, 0.0, -3e-06, 0.416102, 0.909297, 0.375166, 1e-06, -0.909344, 0.416117, 0.0, 0.0, 0.0, 0.0, 1.0],
                [1.0, 2e-06, 2e-06, -0.0, -3e-06, 0.286872, 0.957949, 0.375166, 1e-06, -0.957995, 0.286886, -0.0, 0.0, 0.0, 0.0, 1.0],
                [1.0, 2e-06, 3e-06, 0.0, -3e-06, 0.17481, 0.984583, 0.375166, 2e-06, -0.984627, 0.174822, 0.0, 0.0, 0.0, 0.0, 1.0],
                [1.0, 2e-06, 3e-06, -0.0, -3e-06, 0.084764, 0.996383, 0.375166, 2e-06, -0.996424, 0.084775, -0.0, 0.0, 0.0, 0.0, 1.0],
                [1.0, 2e-06, 3e-06, 0.0, -3e-06, 0.020799, 0.999766, 0.375166, 2e-06, -0.999805, 0.02081, -0.0, 0.0, 0.0, 0.0, 1.0],
                [1.0, 2e-06, 3e-06, -0.0, -3e-06, -0.043018, 0.999057, 0.375166, 3e-06, -0.999094, -0.043008, 0.0, 0.0, 0.0, 0.0, 1.0],
                [1.0, 2e-06, 3e-06, 0.0, -3e-06, -0.06126, 0.998105, 0.375166, 3e-06, -0.998141, -0.06125, 0.0, 0.0, 0.0, 0.0, 1.0],
                [1.0, 2e-06, 3e-06, -0.0, -3e-06, -0.009444, 0.999938, 0.375166, 2e-06, -0.999976, -0.009434, -0.0, 0.0, 0.0, 0.0, 1.0],
                [1.0, 2e-06, 3e-06, 0.0, -3e-06, 0.106748, 0.994268, 0.375166, 2e-06, -0.994309, 0.106759, -0.0, 0.0, 0.0, 0.0, 1.0],
                [1.0, 2e-06, 2e-06, -0.0, -3e-06, 0.269466, 0.962991, 0.375166, 2e-06, -0.963034, 0.269479, -0.0, 0.0, 0.0, 0.0, 1.0],
