{
    "animation": [
        {
            "name": "Root",
            "time": [0.0, 0.0167, 0.0333, 0.05, 0.0667, 0.0833, 0.1, 0.1167, 0.1333, 0.15, 0.1667, 0.1833, 0.2, 0.2167, 0.2333, 0.25, 0.2667, 0.2833, 0.3, 0.3167, 0.3333, 0.35, 0.3667, 0.3833, 0.4, 0.4167, 0.4333, 0.45, 0.4667, 0.4833, 0.5, 0.5167, 0.5333, 0.55, 0.5667, 0.5833, 0.6, 0.6167, 0.6333, 0.65, 0.6667, 0.6833, 0.7, 0.7167, 0.7333, 0.75, 0.7667, 0.7833, 0.8, 0.8167, 0.8333, 0.85, 0.8667, 0.8833, 0.9],
            "transform": [
                [1.0, 0.0, -0.0, 0.066254, -0.0, 0.0, -1.0, -0.010443, 0.0, 1.0, 0.0, 0.505662, 0.0, 0.0, 0.0, 1.0],
                [1.0, 0.0, -0.0, 0.069019, -0.0, 0.0, -1.0, -0.013442, 0.0, 1.0, 0.0, 0.520495, 0.0, 0.0, 0.0, 1.0],
                [1.0, 0.0, -0.0, 0.079127, -0.0, 0.0, -1.0, -0.023539, 0.0, 1.0, 0.0, 0.552235, 0.0, 0.0, 0.0, 1.0],
                [1.0, 0.0, -0.0, 0.094815, -0.0, 0.0, -1.0, -0.037882, 0.0, 1.0, 0.0, 0.567068, 0.0, 0.0, 0.0, 1.0],
                [1.0, 0.0, -0.0, 0.117303, -0.0, 0.0, -1.0, -0.056667, 0.0, 1.0, 0.0, 0.566449, 0.0, 0.0, 0.0, 1.0],
                [1.0, 0.0, -0.0, 0.143466, -0.0, 0.0, -1.0, -0.077555, 0.0, 1.0, 0.0, 0.56425, 0.0, 0.0, 0.0, 1.0],
                [1.0, 0.0, -0.0, 0.170932, -0.0, 0.0, -1.0, -0.099447, 0.0, 1.0, 0.0, 0.560074, 0.0, 0.0, 0.0, 1.0],
                [1.0, 0.0, -0.0, 0.197343, -0.0, 0.0, -1.0, -0.121208, 0.0, 1.0, 0.0, 0.553756, 0.0, 0.0, 0.0, 1.0],
                [1.0, 0.0, -0.0, 0.220898, -0.0, 0.0, -1.0, -0.141936, 0.0, 1.0, 0.0, 0.545368, 0.0, 0.0, 0.0, 1.0],
                [1.0, 0.0, -0.0, 0.240547, -0.0, 0.0, -1.0, -0.161069, 0.0, 1.0, 0.0, 0.535137, 0.0, 0.0, 0.0, 1.0],
                [1.0, 0.0, -0.0, 0.256238, -0.0, 0.0, -1.0, -0.18173, 0.0, 1.0, 0.0, 0.519362, 0.0, 0.0, 0.0, 1.0],
                [1.0, 0.0, -0.0, 0.26872, -0.0, 0.0, -1.0, -0.201609, 0.0, 1.0, 0.0, 0.50089, 0.0, 0.0, 0.0, 1.0],
                [1.0, 0.0, -0.0, 0.272791, -0.0, 0.0, -1.0, -0.208866, 0.0, 1.0, 0.0, 0.484741, 0.0, 0.0, 0.0, 1.0],
                [1.0, 0.0, -0.0, 0.271157, -0.0, 0.0, -1.0, -0.208318, 0.0, 1.0, 0.0, 0.472393, 0.0, 0.0, 0.0, 1.0],
                [1.0, 0.0, -0.0, 0.266485, -0.0, 0.0, -1.0, -0.205388, 0.0, 1.0, 0.0, 0.461518, 0.0, 0.0, 0.0, 1.0],
                [1.0, 0.0, -0.0, 0.258902, -0.0, 0.0, -1.0, -0.199024, 0.0, 1.0, 0.0, 0.451205, 0.0, 0.0, 0.0, 1.0],
                [1.0, 0.0, -0.0, 0.248384, -0.0, 0.0, -1.0, -0.188588, 0.0, 1.0, 0.0, 0.441011, 0.0, 0.0, 0.0, 1.0],
                [1.0, 0.0, -0.0, 0.234818, -0.0, 0.0, -1.0, -0.173538, 0.0, 1.0, 0.0, 0.430657, 0.0, 0.0, 0.0, 1.0],
                [1.0, 0.0, -0.0, 0.218018, -0.0, 0.0, -1.0, -0.153329, 0.0, 1.0, 0.0, 0.419939, 0.0, 0.0, 0.0, 1.0],
                [1.0, 0.0, -0.0, 0.197733, -0.0, 0.0, -1.0, -0.127359, 0.0, 1.0, 0.0, 0.408679, 0.0, 0.0, 0.0, 1.0],
                [1.0, 0.0, -0.0, 0.173633, -0.0, 0.0, -1.0, -0.094923, 0.0, 1.0, 0.0, 0.396711, 0.0, 0.0, 0.0, 1.0],
                [1.0, 0.0, -0.0, 0.145292, -0.0, 0.0, -1.0, -0.055171, 0.0, 1.0, 0.0, 0.38386, 0.0, 0.0, 0.0, 1.0],
                [1.0, 0.0, -0.0, 0.097318, -0.0, 0.0, -1.0, 0.038113, 0.0, 1.0, 0.0, 0.366803, 0.0, 0.0, 0.0, 1.0],
                [1.0, 0.0, -0.0, 0.033375, -0.0, 0.0, -1.0, 0.157748, 0.0, 1.0, 0.0, 0.345519, 0.0, 0.0, 0.0, 1.0],
                [1.0, 0.0, -0.0, -0.030871, -0.0, 0.0, -1.0, 0.293797, 0.0, 1.0, 0.0, 0.324903, 0.0, 0.0, 0.0, 1.0],
                [1.0, 0.0, -0.0, -0.075342, -0.0, 0.0, -1.0, 0.427352, 0.0, 1.0, 0.0, 0.310938, 0.0, 0.0, 0.0, 1.0],
                [1.0, 0.0, -0.0, -0.090185, -0.0, 0.0, -1.0, 0.544318, 0.0, 1.0, 0.0, 0.306335, 0.0, 0.0, 0.0, 1.0],
                [1.0, 0.0, -0.0, -0.086047, -0.0, 0.0, -1.0, 0.749624, 0.0, 1.0, 0.0, 0.308814, 0.0, 0.0, 0.0, 1.0],
                [1.0, 0.0, -0.0, -0.073762, -0.0, 0.0, -1.0, 1.063862, 0.0, 1.0, 0.0, 0.316591, 0.0, 0.0, 0.0, 1.0],
                [1.0, 0.0, -0.0, -0.057541, -0.0, 0.0, -1.0, 1.249603, 0.0, 1.0, 0.0, 0.327861, 0.0, 0.0, 0.0, 1.0],
                [1.0, 0.0, -0.0, -0.043464, -0.0, 0.0, -1.0, 1.306052, 0.0, 1.0, 0.0, 0.339156, 0.0, 0.0, 0.0, 1.0],
                [1.0, 0.0, -0.0, -0.028499, -0.0, 0.0, -1.0, 1.338159, 0.0, 1.0, 0.0, 0.352079, 0.0, 0.0, 0.0, 1.0],
                [1.0, 0.0, -0.0, -0.011619, -0.0, 0.0, -1.0, 1.363412, 0.0, 1.0, 0.0, 0.366035, 0.0, 0.0, 0.0, 1.0],
                [1.0, 0.0, -0.0, 0.004914, -0.0, 0.0, -1.0, 1.382731, 0.0, 1.0, 0.0, 0.380192, 0.0, 0.0, 0.0, 1.0],
                [1.0, 0.0, -0.0, 0.019459, -0.0, 0.0, -1.0, 1.396851, 0.0, 1.0, 0.0, 0.393947, 0.0, 0.0, 0.0, 1.0],
                [1.0, 0.0, -0.0, 0.030815, -0.0, 0.0, -1.0, 1.406372, 0.0, 1.0, 0.0, 0.406852, 0.0, 0.0, 0.0, 1.0],
                [1.0, 0.0, -0.0, 0.038093, -0.0, 0.0, -1.0, 1.411788, 0.0, 1.0, 0.0, 0.418573, 0.0, 0.0, 0.0, 1.0],
                [1.0, 0.0, -0.0, 0.040635, -0.0, 0.0, -1.0, 1.413512, 0.0, 1.0, 0.0, 0.428862, 0.0, 0.0, 0.0, 1.0],
                [1.0, 0.0, -0.0, 0.040635, -0.0, 0.0, -1.0, 1.409891, 0.0, 1.0, 0.0, 0.437016, 0.0, 0.0, 0.0, 1.0],
                [1.0, 0.0, -0.0, 0.040635, -0.0, 0.0, -1.0, 1.40175, 0.0, 1.0, 0.0, 0.444835, 0.0, 0.0, 0.0, 1.0],
                [1.0, 0.0, -0.0, 0.040635, -0.0, 0.0, -1.0, 1.391573, 0.0, 1.0, 0.0, 0.452168, 0.0, 0.0, 0.0, 1.0],
                [1.0, 0.0, -0.0, 0.040635, -0.0, 0.0, -1.0, 1.380798, 0.0, 1.0, 0.0, 0.458914, 0.0, 0.0, 0.0, 1.0],
                [1.0, 0.0, -0.0, 0.040635, -0.0, 0.0, -1.0, 1.37039, 0.0, 1.0, 0.0, 0.464991, 0.0, 0.0, 0.0, 1.0],
                [1.0, 0.0, -0.0, 0.040635, -0.0, 0.0, -1.0, 1.361084, 0.0, 1.0, 0.0, 0.470322, 0.0, 0.0, 0.0, 1.0],
                [1.0, 0.0, -0.0, 0.040635, -0.0, 0.0, -1.0, 1.353492, 0.0, 1.0, 0.0, 0.47483, 0.0, 0.0, 0.0, 1.0],
                [1.0, 0.0, -0.0, 0.040635, -0.0, 0.0, -1.0, 1.34817, 0.0, 1.0, 0.0, 0.478431, 0.0, 0.0, 0.0, 1.0],
                [1.0, 0.0, -0.0, 0.040635, -0.0, 0.0, -1.0, 1.345072, 0.0, 1.0, 0.0, 0.480668, 0.0, 0.0, 0.0, 1.0],
                [1.0, 0.0, -0.0, 0.040635, -0.0, 0.0, -1.0, 1.342494, 0.0, 1.0, 0.0, 0.482617, 0.0, 0.0, 0.0, 1.0],
                [1.0, 0.0, -0.0, 0.040635, -0.0, 0.0, -1.0, 1.340308, 0.0, 1.0, 0.0, 0.484319, 0.0, 0.0, 0.0, 1.0],
                [1.0, 0.0, -0.0, 0.040635, -0.0, 0.0, -1.0, 1.338463, 0.0, 1.0, 0.0, 0.485788, 0.0, 0.0, 0.0, 1.0],
                [1.0, 0.0, -0.0, 0.040635, -0.0, 0.0, -1.0, 1.336937, 0.0, 1.0, 0.0, 0.487023, 0.0, 0.0, 0.0, 1.0],
                [1.0, 0.0, -0.0, 0.040635, -0.0, 0.0, -1.0, 1.335725, 0.0, 1.0, 0.0, 0.488018, 0.0, 0.0, 0.0, 1.0],
                [1.0, 0.0, -0.0, 0.040635, -0.0, 0.0, -1.0, 1.334834, 0.0, 1.0, 0.0, 0.488757, 0.0, 0.0, 0.0, 1.0],
                [1.0, 0.0, -0.0, 0.040635, -0.0, 0.0, -1.0, 1.33428, 0.0, 1.0, 0.0, 0.489222, 0.0, 0.0, 0.0, 1.0],
                [1.0, 0.0, -0.0, 0.040635, -0.0, 0.0, -1.0, 1.334088, 0.0, 1.0, 0.0, 0.489384, 0.0, 0.0, 0.0, 1.0]
            ]
        },
        {
            "name": "Thigh_R",
            "time": [0.0, 0.0167, 0.0333, 0.05, 0.0667, 0.0833, 0.1, 0.1167, 0.1333, 0.15, 0.1667, 0.1833, 0.2, 0.2167, 0.2333, 0.25, 0.2667, 0.2833, 0.3, 0.3167, 0.3333, 0.35, 0.3667, 0.3833, 0.4, 0.4167, 0.4333, 0.45, 0.4667, 0.4833, 0.5, 0.5167, 0.5333, 0.55, 0.5667, 0.5833, 0.6, 0.6167, 0.6333, 0.65, 0.6667, 0.6833, 0.7, 0.7167, 0.7333, 0.75, 0.7667, 0.7833, 0.8, 0.8167, 0.8333, 0.85, 0.8667, 0.8833, 0.9],
            "transform": [
                [0.864545, 0.0972, -0.493052, 0.102848, 0.477072, -0.467189, 0.744388, 0.010988, -0.158001, -0.878791, -0.450247, -0.071973, 0.0, 0.0, 0.0, 1.0],
                [0.868793, 0.107246, -0.483408, 0.101899, 0.467199, -0.50103, 0.728472, 0.010988, -0.164083, -0.858752, -0.485366, -0.071973, 0.0, 0.0, 0.0, 1.0],
                [0.87804, 0.128358, -0.461038, 0.099034, 0.444328, -0.57656, 0.68566, 0.010988, -0.177814, -0.806904, -0.563245, -0.071973, 0.0, 0.0, 0.0, 1.0],
                [0.884121, 0.134032, -0.447608, 0.094311, 0.428266, -0.615556, 0.661558, 0.010988, -0.186866, -0.776608, -0.601596, -0.071973, 0.0, 0.0, 0.0, 1.0],
                [0.888685, 0.118792, -0.442849, 0.087936, 0.415744, -0.61611, 0.668986, 0.010987, -0.193381, -0.778647, -0.596884, -0.071973, 0.0, 0.0, 0.0, 1.0],
                [0.893537, 0.101974, -0.437241, 0.080301, 0.401819, -0.616143, 0.677411, 0.010987, -0.200333, -0.781002, -0.591491, -0.071973, 0.0, 0.0, 0.0, 1.0],
                [0.898094, 0.085967, -0.431305, 0.07198, 0.388201, -0.615879, 0.685542, 0.010987, -0.206706, -0.783134, -0.58646, -0.071973, 0.0, 0.0, 0.0, 1.0],
                [0.901965, 0.072368, -0.425686, 0.06366, 0.376365, -0.615035, 0.692859, 0.010987, -0.21168, -0.785169, -0.581948, -0.071973, 0.0, 0.0, 0.0, 1.0],
                [0.905005, 0.061757, -0.420879, 0.056025, 0.367182, -0.613011, 0.699547, 0.010986, -0.214811, -0.787655, -0.577426, -0.071973, 0.0, 0.0, 0.0, 1.0],
                [0.907243, 0.053456, -0.41718, 0.04965, 0.360903, -0.608332, 0.706859, 0.010987, -0.216007, -0.791879, -0.57117, -0.071973, 0.0, 0.0, 0.0, 1.0],
                [0.9082, 0.043889, -0.416214, 0.044926, 0.359587, -0.59072, 0.722297, 0.010987, -0.214174, -0.80568, -0.552248, -0.071973, 0.0, 0.0, 0.0, 1.0],
                [0.908636, 0.032527, -0.416304, 0.042062, 0.360421, -0.564583, 0.7425, 0.010987, -0.210896, -0.824734, -0.524699, -0.071973, 0.0, 0.0, 0.0, 1.0],
                [0.908362, 0.011241, -0.418018, 0.041113, 0.364024, -0.513268, 0.777177, 0.010988, -0.205828, -0.858153, -0.4703, -0.071973, 0.0, 0.0, 0.0, 1.0],
                [0.910263, -0.009009, -0.413916, 0.047578, 0.359778, -0.477542, 0.801544, 0.015533, -0.204892, -0.878561, -0.431423, -0.071972, 0.0, 0.0, 0.0, 1.0],
                [0.914029, -0.026713, -0.404753, 0.060166, 0.348489, -0.459004, 0.817209, 0.024381, -0.207622, -0.88803, -0.410209, -0.071972, 0.0, 0.0, 0.0, 1.0],
                [0.917963, -0.044075, -0.394193, 0.074836, 0.336051, -0.441586, 0.831883, 0.034693, -0.210744, -0.896133, -0.390524, -0.071972, 0.0, 0.0, 0.0, 1.0],
                [0.921454, -0.060849, -0.383677, 0.090025, 0.32491, -0.420725, 0.846984, 0.045369, -0.212969, -0.905142, -0.367884, -0.071972, 0.0, 0.0, 0.0, 1.0],
                [0.924213, -0.076062, -0.374211, 0.10487, 0.316579, -0.395421, 0.862193, 0.055803, -0.21356, -0.915341, -0.341349, -0.071973, 0.0, 0.0, 0.0, 1.0],
                [0.92604, -0.088317, -0.366932, 0.118777, 0.312302, -0.366638, 0.876357, 0.065578, -0.211937, -0.926157, -0.311915, -0.071973, 0.0, 0.0, 0.0, 1.0],
                [0.926175, -0.114369, -0.359318, 0.131262, 0.31489, -0.289702, 0.903811, 0.074352, -0.207472, -0.950252, -0.232276, -0.071973, 0.0, 0.0, 0.0, 1.0],
                [0.924377, -0.156535, -0.347869, 0.141875, 0.325216, -0.153302, 0.933106, 0.081812, -0.199401, -0.975693, -0.090777, -0.071973, 0.0, 0.0, 0.0, 1.0],
                [0.921796, -0.183952, -0.341238, 0.150155, 0.339764, -0.040551, 0.939611, 0.087631, -0.186689, -0.982088, 0.025143, -0.071973, 0.0, 0.0, 0.0, 1.0],
                [0.908053, -0.194278, -0.371057, 0.155586, 0.386389, 0.046558, 0.921134, 0.091449, -0.161687, -0.979829, 0.117366, -0.071973, 0.0, 0.0, 0.0, 1.0],
                [0.879432, -0.191926, -0.435601, 0.157556, 0.461666, 0.120824, 0.87876, 0.092833, -0.11603, -0.973932, 0.194883, -0.071973, 0.0, 0.0, 0.0, 1.0],
                [0.821171, -0.189899, -0.538139, 0.148436, 0.570199, 0.234227, 0.78738, 0.052633, -0.023478, -0.953443, 0.30064, -0.068006, 0.0, 0.0, 0.0, 1.0],
                [0.7512, -0.171858, -0.637287, 0.128922, 0.648047, 0.375492, 0.662571, -0.033523, 0.125432, -0.910741, 0.393458, -0.056814, 0.0, 0.0, 0.0, 1.0],
                [0.767408, -0.117481, -0.630282, 0.119802, 0.605537, 0.455912, 0.652247, -0.07413, 0.210733, -0.882226, 0.421024, -0.044508, 0.0, 0.0, 0.0, 1.0],
                [0.835459, -0.050066, -0.547251, 0.119801, 0.507203, 0.453592, 0.732767, -0.070951, 0.211549, -0.889791, 0.404366, -0.031111, 0.0, 0.0, 0.0, 1.0],
                [0.894327, 0.032592, -0.446213, 0.119801, 0.410839, 0.335111, 0.847853, -0.061503, 0.17717, -0.941604, 0.286327, -0.016431, 0.0, 0.0, 0.0, 1.0],
                [0.922952, 0.078166, -0.376886, 0.119801, 0.362491, 0.152815, 0.919343, -0.048294, 0.12946, -0.985149, 0.112728, -0.002563, 0.0, 0.0, 0.0, 1.0],
                [0.933409, 0.077506, -0.350336, 0.119802, 0.347579, 0.047118, 0.936438, -0.034074, 0.08909, -0.995868, 0.017064, 0.008615, 0.0, 0.0, 0.0, 1.0],
                [0.940755, 0.057403, -0.334185, 0.119802, 0.334717, 0.000524, 0.942292, -0.021154, 0.054267, -0.998341, -0.018697, 0.015844, 0.0, 0.0, 0.0, 1.0],
                [0.950243, 0.040134, -0.308906, 0.119802, 0.310579, -0.045454, 0.949435, -0.011078, 0.024064, -0.998149, -0.055632, 0.018557, 0.0, 0.0, 0.0, 1.0],
                [0.96064, 0.029847, -0.27618, 0.119802, 0.277775, -0.090994, 0.956303, -0.002602, 0.003411, -0.995393, -0.095678, 0.016734, 0.0, 0.0, 0.0, 1.0],
                [0.969994, 0.025814, -0.241749, 0.119802, 0.242958, -0.140254, 0.959821, 0.006086, -0.00913, -0.989768, -0.142291, 0.013032, 0.0, 0.0, 0.0, 1.0],
                [0.977434, 0.027428, -0.209448, 0.119802, 0.210808, -0.190112, 0.95884, 0.014548, -0.01352, -0.981369, -0.191577, 0.008718, 0.0, 0.0, 0.0, 1.0],
                [0.982967, 0.035334, -0.180348, 0.119802, 0.18355, -0.237883, 0.953771, 0.022633, -0.009202, -0.970641, -0.240289, 0.00421, 0.0, 0.0, 0.0, 1.0],
                [0.986719, 0.050231, -0.154471, 0.119802, 0.162388, -0.281963, 0.945561, 0.030251, 0.003941, -0.958099, -0.286347, -0.000281, 0.0, 0.0, 0.0, 1.0],
                [0.989133, 0.067554, -0.130579, 0.119802, 0.145434, -0.319467, 0.936349, 0.03733, 0.021539, -0.945177, -0.325791, -0.00462, 0.0, 0.0, 0.0, 1.0],
                [0.990786, 0.082482, -0.107417, 0.119802, 0.129931, -0.355106, 0.925731, 0.043801, 0.038213, -0.931171, -0.362522, -0.008701, 0.0, 0.0, 0.0, 1.0],
                [0.991819, 0.094785, -0.085501, 0.119802, 0.115955, -0.388887, 0.913938, 0.049591, 0.05338, -0.916388, -0.396667, -0.012437, 0.0, 0.0, 0.0, 1.0],
                [0.992378, 0.104433, -0.065413, 0.119802, 0.10368, -0.420715, 0.901228, 0.054617, 0.0666, -0.901154, -0.428306, -0.01574, 0.0, 0.0, 0.0, 1.0],
                [0.992613, 0.111499, -0.047822, 0.119802, 0.093351, -0.450165, 0.888031, 0.058781, 0.077489, -0.88595, -0.457218, -0.018519, 0.0, 0.0, 0.0, 1.0],
                [0.992668, 0.116126, -0.033537, 0.119802, 0.085279, -0.476238, 0.87515, 0.061965, 0.085659, -0.871609, -0.482618, -0.020671, 0.0, 0.0, 0.0, 1.0],
                [0.992675, 0.11851, -0.023476, 0.119802, 0.079852, -0.497797, 0.863588, 0.064021, 0.090661, -0.859153, -0.503583, -0.022076, 0.0, 0.0, 0.0, 1.0],
                [0.99274, 0.118811, -0.018759, 0.119802, 0.077564, -0.513139, 0.854773, 0.064757, 0.091934, -0.850037, -0.518598, -0.022584, 0.0, 0.0, 0.0, 1.0],
                [0.992826, 0.118267, -0.017559, 0.119802, 0.077175, -0.52173, 0.849591, 0.064757, 0.091321, -0.844868, -0.527084, -0.022584, 0.0, 0.0, 0.0, 1.0],
                [0.992899, 0.117811, -0.0165, 0.119802, 0.076848, -0.529341, 0.8449, 0.064757, 0.090807, -0.840185, -0.534605, -0.022584, 0.0, 0.0, 0.0, 1.0],
                [0.99296, 0.117422, -0.015554, 0.119802, 0.07657, -0.536157, 0.840617, 0.064757, 0.09037, -0.835907, -0.541342, -0.022584, 0.0, 0.0, 0.0, 1.0],
                [0.993012, 0.11709, -0.014737, 0.119802, 0.076335, -0.542062, 0.836843, 0.064757, 0.090001, -0.832136, -0.547181, -0.022584, 0.0, 0.0, 0.0, 1.0],
                [0.993055, 0.116814, -0.014038, 0.119802, 0.076141, -0.547114, 0.833566, 0.064757, 0.089695, -0.828862, -0.552178, -0.022584, 0.0, 0.0, 0.0, 1.0],
                [0.993088, 0.116594, -0.01347, 0.119802, 0.075986, -0.551229, 0.830865, 0.064757, 0.089452, -0.826163, -0.556248, -0.022584, 0.0, 0.0, 0.0, 1.0],
                [0.993113, 0.116431, -0.013043, 0.119802, 0.075872, -0.554317, 0.828819, 0.064757, 0.089273, -0.824117, -0.559302, -0.022584, 0.0, 0.0, 0.0, 1.0],
                [0.993128, 0.116329, -0.012774, 0.119802, 0.075801, -0.556268, 0.827517, 0.064757, 0.089162, -0.822816, -0.561233, -0.022584, 0.0, 0.0, 0.0, 1.0],
                [0.993134, 0.116294, -0.01268, 0.119802, 0.075777, -0.556951, 0.827059, 0.064757, 0.089123, -0.822359, -0.561909, -0.022584, 0.0, 0.0, 0.0, 1.0]
            ]
        },
        {
            "name": "Leg_R",
            "time": [0.0, 0.0167, 0.0333, 0.05, 0.0667, 0.0833, 0.1, 0.1167, 0.1333, 0.15, 0.1667, 0.1833, 0.2, 0.2167, 0.2333, 0.25, 0.2667, 0.2833, 0.3, 0.3167, 0.3333, 0.35, 0.3667, 0.3833, 0.4, 0.4167, 0.4333, 0.45, 0.4667, 0.4833, 0.5, 0.5167, 0.5333, 0.55, 0.5667, 0.5833, 0.6, 0.6167, 0.6333, 0.65, 0.6667, 0.6833, 0.7, 0.7167, 0.7333, 0.75, 0.7667, 0.7833, 0.8, 0.8167, 0.8333, 0.85, 0.8667, 0.8833, 0.9],
            "transform": [
                [0.999999, -0.000965, -0.000668, 0.0, 0.001064, 0.505645, 0.862723, 0.375166, -0.000495, -0.862761, 0.505658, -0.0, 0.0, 0.0, 0.0, 1.0],
                [1.0, -0.000923, -0.000602, 0.0, 0.001018, 0.564312, 0.825543, 0.375166, -0.000422, -0.82558, 0.564325, -0.0, 0.0, 0.0, 0.0, 1.0],
                [1.0, -0.000799, -0.000451, -0.0, 0.000881, 0.699993, 0.714131, 0.375166, -0.000255, -0.714166, 0.700004, -0.0, 0.0, 0.0, 0.0, 1.0],
                [1.0, -0.000698, -0.00036, -0.0, 0.00077, 0.781163, 0.624308, 0.375166, -0.000155, -0.62434, 0.781173, -0.0, 0.0, 0.0, 0.0, 1.0],
                [1.0, -0.000657, -0.000329, 0.0, 0.000725, 0.808982, 0.587815, 0.375166, -0.00012, -0.587845, 0.808991, -0.0, 0.0, 0.0, 0.0, 1.0],
                [1.0, -0.00061, -0.000296, 0.0, 0.000672, 0.838357, 0.545105, 0.375166, -8.4e-05, -0.545132, 0.838364, 0.0, 0.0, 0.0, 0.0, 1.0],
                [1.0, -0.000555, -0.000263, -0.0, 0.000612, 0.867982, 0.496579, 0.375166, -4.8e-05, -0.496603, 0.867989, 0.0, 0.0, 0.0, 0.0, 1.0],
                [1.0, -0.000497, -0.000232, 0.0, 0.000549, 0.895647, 0.444752, 0.375166, -1.4e-05, -0.444773, 0.895652, -0.0, 0.0, 0.0, 0.0, 1.0],
                [1.0, -0.00044, -0.000205, 0.0, 0.000485, 0.919428, 0.393246, 0.375166, 1.6e-05, -0.393263, 0.919432, -0.0, 0.0, 0.0, 0.0, 1.0],
                [1.0, -0.000389, -0.000185, -0.0, 0.000429, 0.937594, 0.347722, 0.375166, 3.8e-05, -0.347736, 0.937597, -0.0, 0.0, 0.0, 0.0, 1.0],
                [1.0, -0.00036, -0.000175, 0.0, 0.000397, 0.946793, 0.321833, 0.375166, 4.9e-05, -0.321845, 0.946796, 0.0, 0.0, 0.0, 0.0, 1.0],
                [1.0, -0.00035, -0.000171, -0.0, 0.000386, 0.949718, 0.313098, 0.375166, 5.3e-05, -0.313109, 0.949721, 0.0, 0.0, 0.0, 0.0, 1.0],
                [1.0, -0.000439, -0.000205, 0.0, 0.000484, 0.919889, 0.392166, 0.375166, 1.6e-05, -0.392183, 0.919893, -0.0, 0.0, 0.0, 0.0, 1.0],
                [1.0, -0.000513, -0.000239, -0.0, 0.000565, 0.888774, 0.45833, 0.375166, -2.2e-05, -0.458352, 0.88878, 0.0, 0.0, 0.0, 0.0, 1.0],
                [1.0, -0.000557, -0.000264, 0.0, 0.000614, 0.867229, 0.497893, 0.375166, -4.9e-05, -0.497918, 0.867236, -0.0, 0.0, 0.0, 0.0, 1.0],
                [1.0, -0.000607, -0.000294, -0.0, 0.000669, 0.839973, 0.542611, 0.375166, -8.2e-05, -0.542638, 0.839981, -0.0, 0.0, 0.0, 0.0, 1.0],
                [1.0, -0.00067, -0.000338, -0.0, 0.000739, 0.800467, 0.599359, 0.375166, -0.000131, -0.599389, 0.800476, 0.0, 0.0, 0.0, 0.0, 1.0],
                [1.0, -0.000746, -0.000401, -0.0, 0.000823, 0.744653, 0.667433, 0.375166, -0.0002, -0.667466, 0.744664, 0.0, 0.0, 0.0, 0.0, 1.0],
                [1.0, -0.00083, -0.000484, -0.0, 0.000915, 0.67016, 0.742197, 0.375166, -0.000292, -0.742233, 0.670172, -0.0, 0.0, 0.0, 0.0, 1.0],
                [0.999999, -0.000953, -0.000648, -0.0, 0.001051, 0.523448, 0.852039, 0.375166, -0.000473, -0.852077, 0.523461, 0.0, 0.0, 0.0, 0.0, 1.0],
                [0.999999, -0.001062, -0.000884, -0.0, 0.001172, 0.31195, 0.950081, 0.375166, -0.000734, -0.950119, 0.311962, 0.0, 0.0, 0.0, 0.0, 1.0],
                [0.999999, -0.001104, -0.001057, -0.0, 0.001218, 0.157938, 0.987432, 0.375166, -0.000923, -0.987468, 0.157949, 0.0, 0.0, 0.0, 0.0, 1.0],
                [0.999999, -0.001115, -0.001151, 0.0, 0.00123, 0.073162, 0.997304, 0.375166, -0.001028, -0.997338, 0.073172, 0.0, 0.0, 0.0, 0.0, 1.0],
                [0.999999, -0.001116, -0.001164, -0.0, 0.001231, 0.061942, 0.998063, 0.375166, -0.001042, -0.998098, 0.061952, 0.0, 0.0, 0.0, 0.0, 1.0],
                [0.999999, -0.001115, -0.001152, 0.0, 0.00123, 0.07301, 0.997314, 0.375166, -0.001028, -0.99735, 0.07302, 0.0, 0.0, 0.0, 0.0, 1.0],
                [0.999999, -0.00111, -0.001097, 0.0, 0.001224, 0.121767, 0.992542, 0.375166, -0.000968, -0.992578, 0.121778, 0.0, 0.0, 0.0, 0.0, 1.0],
                [0.999999, -0.001101, -0.001038, -0.0, 0.001214, 0.17428, 0.984679, 0.375166, -0.000903, -0.984717, 0.174291, -0.0, 0.0, 0.0, 0.0, 1.0],
                [0.999999, -0.001104, -0.001058, 0.0, 0.001218, 0.156938, 0.987591, 0.375166, -0.000925, -0.987629, 0.156949, 0.0, 0.0, 0.0, 0.0, 1.0],
                [0.999999, -0.001103, -0.001049, -0.0, 0.001216, 0.16476, 0.986317, 0.375166, -0.000915, -0.986354, 0.164771, 0.0, 0.0, 0.0, 0.0, 1.0],
                [0.999999, -0.001092, -0.000993, -0.0, 0.001205, 0.21472, 0.976659, 0.375166, -0.000853, -0.976696, 0.214732, 0.0, 0.0, 0.0, 0.0, 1.0],
                [0.999999, -0.001092, -0.000992, -0.0, 0.001204, 0.215533, 0.976479, 0.375166, -0.000852, -0.976516, 0.215544, -0.0, 0.0, 0.0, 0.0, 1.0],
                [0.999999, -0.0011, -0.001031, 0.0, 0.001213, 0.181303, 0.98341, 0.375166, -0.000895, -0.983447, 0.181314, 0.0, 0.0, 0.0, 0.0, 1.0],
                [0.999999, -0.001104, -0.001057, -0.0, 0.001218, 0.158031, 0.987417, 0.375166, -0.000923, -0.987454, 0.158042, 0.0, 0.0, 0.0, 0.0, 1.0],
                [0.999999, -0.001107, -0.001072, 0.0, 0.00122, 0.144548, 0.989481, 0.375166, -0.00094, -0.989517, 0.144559, 0.0, 0.0, 0.0, 0.0, 1.0],
                [0.999999, -0.001106, -0.001066, -0.0, 0.001219, 0.149592, 0.988731, 0.375166, -0.000934, -0.988767, 0.149603, -0.0, 0.0, 0.0, 0.0, 1.0],
                [0.999999, -0.001102, -0.001042, 0.0, 0.001215, 0.170909, 0.98527, 0.375166, -0.000908, -0.985306, 0.17092, -0.0, 0.0, 0.0, 0.0, 1.0],
                [0.999999, -0.001095, -0.001005, -0.0, 0.001207, 0.204456, 0.978859, 0.375166, -0.000866, -0.978895, 0.204467, -0.0, 0.0, 0.0, 0.0, 1.0],
                [0.999999, -0.001084, -0.000957, 0.0, 0.001195, 0.247016, 0.968995, 0.375166, -0.000814, -0.969031, 0.247027, 0.0, 0.0, 0.0, 0.0, 1.0],
                [0.999999, -0.001068, -0.000901, 0.0, 0.001177, 0.297511, 0.954701, 0.375166, -0.000751, -0.954738, 0.297523, -0.0, 0.0, 0.0, 0.0, 1.0],
                [0.999999, -0.001044, -0.000833, -0.0, 0.001152, 0.358095, 0.933668, 0.375166, -0.000677, -0.933705, 0.358108, 0.0, 0.0, 0.0, 0.0, 1.0],
                [0.999999, -0.001014, -0.000762, -0.0, 0.001118, 0.421791, 0.906675, 0.375167, -0.000598, -0.906713, 0.421804, -0.0, 0.0, 0.0, 0.0, 1.0],
                [0.999999, -0.000978, -0.000691, 0.0, 0.001079, 0.484533, 0.874755, 0.375166, -0.000521, -0.874793, 0.484546, -0.0, 0.0, 0.0, 0.0, 1.0],
                [0.999999, -0.000939, -0.000626, -0.0, 0.001035, 0.543302, 0.839518, 0.375166, -0.000448, -0.839556, 0.543315, -0.0, 0.0, 0.0, 0.0, 1.0],
                [1.0, -0.000899, -0.000568, 0.0, 0.000991, 0.595113, 0.803623, 0.375166, -0.000384, -0.80366, 0.595126, 0.0, 0.0, 0.0, 0.0, 1.0],
                [0.999999, -0.000861, -0.00052, -0.0, 0.00095, 0.637549, 0.77039, 0.375166, -0.000332, -0.770427, 0.637562, -0.0, 0.0, 0.0, 0.0, 1.0],
                [1.0, -0.000832, -0.000486, 0.0, 0.000918, 0.667856, 0.744272, 0.375166, -0.000295, -0.744307, 0.667868, -0.0, 0.0, 0.0, 0.0, 1.0],
                [1.0, -0.000814, -0.000467, -0.0, 0.000898, 0.685296, 0.728246, 0.375166, -0.000273, -0.728281, 0.685308, 0.0, 0.0, 0.0, 0.0, 1.0],
                [1.0, -0.000798, -0.00045, -0.0, 0.00088, 0.700241, 0.713887, 0.375166, -0.000255, -0.713922, 0.700253, -0.0, 0.0, 0.0, 0.0, 1.0],
                [0.999999, -0.000784, -0.000436, -0.0, 0.000864, 0.71326, 0.70088, 0.375166, -0.000239, -0.700915, 0.713271, 0.0, 0.0, 0.0, 0.0, 1.0],
                [1.0, -0.000771, -0.000423, -0.0, 0.00085, 0.724315, 0.68945, 0.375166, -0.000225, -0.689484, 0.724326, 0.0, 0.0, 0.0, 0.0, 1.0],
                [1.0, -0.00076, -0.000413, 0.0, 0.000838, 0.733598, 0.679565, 0.375166, -0.000214, -0.679599, 0.733609, -0.0, 0.0, 0.0, 0.0, 1.0],
                [1.0, -0.000751, -0.000405, 0.0, 0.000828, 0.741042, 0.67144, 0.375166, -0.000204, -0.671473, 0.741053, -0.0, 0.0, 0.0, 0.0, 1.0],
                [1.0, -0.000744, -0.000398, 0.0, 0.000821, 0.746561, 0.665298, 0.375166, -0.000198, -0.665331, 0.746572, -0.0, 0.0, 0.0, 0.0, 1.0],
                [1.0, -0.00074, -0.000395, 0.0, 0.000816, 0.750018, 0.661398, 0.375166, -0.000193, -0.661431, 0.750028, -0.0, 0.0, 0.0, 0.0, 1.0],
                [1.0, -0.000738, -0.000393, -0.0, 0.000814, 0.751222, 0.660031, 0.375166, -0.000192, -0.660064, 0.751233, -0.0, 0.0, 0.0, 0.0, 1.0]
            ]
        },
        {
            "name": "Knee_R",
            "time": [0.0, 0.0167, 0.0333, 0.05, 0.0667, 0.0833, 0.1, 0.1167, 0.1333, 0.15, 0.1667, 0.1833, 0.2, 0.2167, 0.2333, 0.25, 0.2667, 0.2833, 0.3, 0.3167, 0.3333, 0.35, 0.3667, 0.3833, 0.4, 0.4167, 0.4333, 0.45, 0.4667, 0.4833, 0.5, 0.5167, 0.5333, 0.55, 0.5667, 0.5833, 0.6, 0.6167, 0.6333, 0.65, 0.6667, 0.6833, 0.7, 0.7167, 0.7333, 0.75, 0.7667, 0.7833, 0.8, 0.8167, 0.8333, 0.85, 0.8667, 0.8833, 0.9],
            "transform": [
                [1.0, -5.9e-05, 5.2e-05, 0.0, 5.7e-05, 0.087098, -0.9962, 0.375166, 5.4e-05, 0.9962, 0.087098, -0.0, 0.0, 0.0, 0.0, 1.0],
                [1.0, -5.9e-05, 5.2e-05, 0.0, 5.7e-05, 0.087098, -0.9962, 0.375166, 5.4e-05, 0.9962, 0.087098, -0.0, 0.0, 0.0, 0.0, 1.0],
                [1.0, -5.9e-05, 5.2e-05, -0.0, 5.7e-05, 0.087098, -0.9962, 0.375166, 5.4e-05, 0.9962, 0.087098, -0.0, 0.0, 0.0, 0.0, 1.0],
                [1.0, -5.9e-05, 5.2e-05, -0.0, 5.7e-05, 0.087098, -0.9962, 0.375166, 5.4e-05, 0.9962, 0.087098, -0.0, 0.0, 0.0, 0.0, 1.0],
                [1.0, -5.9e-05, 5.2e-05, 0.0, 5.7e-05, 0.087098, -0.9962, 0.375166, 5.4e-05, 0.9962, 0.087098, -0.0, 0.0, 0.0, 0.0, 1.0],
                [1.0, -5.9e-05, 5.2e-05, 0.0, 5.7e-05, 0.087098, -0.9962, 0.375166, 5.4e-05, 0.9962, 0.087098, 0.0, 0.0, 0.0, 0.0, 1.0],
                [1.0, -5.9e-05, 5.2e-05, -0.0, 5.7e-05, 0.087098, -0.9962, 0.375166, 5.4e-05, 0.9962, 0.087098, 0.0, 0.0, 0.0, 0.0, 1.0],
                [1.0, -5.9e-05, 5.2e-05, 0.0, 5.7e-05, 0.087098, -0.9962, 0.375166, 5.4e-05, 0.9962, 0.087098, -0.0, 0.0, 0.0, 0.0, 1.0],
                [1.0, -5.9e-05, 5.2e-05, 0.0, 5.7e-05, 0.087098, -0.9962, 0.375166, 5.4e-05, 0.9962, 0.087098, -0.0, 0.0, 0.0, 0.0, 1.0],
                [1.0, -5.9e-05, 5.2e-05, -0.0, 5.7e-05, 0.087098, -0.9962, 0.375166, 5.4e-05, 0.9962, 0.087098, -0.0, 0.0, 0.0, 0.0, 1.0],
                [1.0, -5.9e-05, 5.2e-05, 0.0, 5.7e-05, 0.087098, -0.9962, 0.375166, 5.4e-05, 0.9962, 0.087097, 0.0, 0.0, 0.0, 0.0, 1.0],
                [1.0, -5.9e-05, 5.2e-05, -0.0, 5.7e-05, 0.087098, -0.9962, 0.375166, 5.4e-05, 0.9962, 0.087098, 0.0, 0.0, 0.0, 0.0, 1.0],
                [1.0, -5.9e-05, 5.2e-05, 0.0, 5.7e-05, 0.087098, -0.9962, 0.375166, 5.4e-05, 0.9962, 0.087098, -0.0, 0.0, 0.0, 0.0, 1.0],
                [1.0, -5.9e-05, 5.2e-05, -0.0, 5.7e-05, 0.087098, -0.9962, 0.375166, 5.4e-05, 0.9962, 0.087098, 0.0, 0.0, 0.0, 0.0, 1.0],
                [1.0, -5.9e-05, 5.2e-05, 0.0, 5.7e-05, 0.087098, -0.9962, 0.375166, 5.4e-05, 0.9962, 0.087098, -0.0, 0.0, 0.0, 0.0, 1.0],
                [1.0, -5.9e-05, 5.2e-05, -0.0, 5.7e-05, 0.087098, -0.9962, 0.375166, 5.4e-05, 0.9962, 0.087098, -0.0, 0.0, 0.0, 0.0, 1.0],
                [1.0, -5.9e-05, 5.2e-05, -0.0, 5.7e-05, 0.087098, -0.9962, 0.375166, 5.4e-05, 0.9962, 0.087098, 0.0, 0.0, 0.0, 0.0, 1.0],
                [1.0, -5.9e-05, 5.2e-05, -0.0, 5.7e-05, 0.087098, -0.9962, 0.375166, 5.4e-05, 0.9962, 0.087098, 0.0, 0.0, 0.0, 0.0, 1.0],
                [1.0, -5.9e-05, 5.2e-05, -0.0, 5.7e-05, 0.087098, -0.9962, 0.375166, 5.4e-05, 0.9962, 0.087098, -0.0, 0.0, 0.0, 0.0, 1.0],
                [1.0, -5.9e-05, 5.2e-05, -0.0, 5.7e-05, 0.087098, -0.9962, 0.375166, 5.4e-05, 0.9962, 0.087098, 0.0, 0.0, 0.0, 0.0, 1.0],
                [1.0, -5.9e-05, 5.2e-05, -0.0, 5.7e-05, 0.087098, -0.9962, 0.375166, 5.4e-05, 0.9962, 0.087098, 0.0, 0.0, 0.0, 0.0, 1.0],
                [1.0, -5.9e-05, 5.2e-05, -0.0, 5.7e-05, 0.087098, -0.9962, 0.375166, 5.4e-05, 0.9962, 0.087098, 0.0, 0.0, 0.0, 0.0, 1.0],
                [1.0, -5.9e-05, 5.2e-05, 0.0, 5.7e-05, 0.087098, -0.9962, 0.375166, 5.4e-05, 0.9962, 0.087098, 0.0, 0.0, 0.0, 0.0, 1.0],
                [1.0, -5.9e-05, 5.2e-05, -0.0, 5.7e-05, 0.087098, -0.9962, 0.375166, 5.4e-05, 0.9962, 0.087098, 0.0, 0.0, 0.0, 0.0, 1.0],
                [1.0, -5.9e-05, 5.2e-05, 0.0, 5.7e-05, 0.087098, -0.9962, 0.375166, 5.4e-05, 0.9962, 0.087098, 0.0, 0.0, 0.0, 0.0, 1.0],
                [1.0, -5.9e-05, 5.2e-05, 0.0, 5.7e-05, 0.087098, -0.9962, 0.375166, 5.4e-05, 0.9962, 0.087098, 0.0, 0.0, 0.0, 0.0, 1.0],
                [1.0, -5.9e-05, 5.2e-05, -0.0, 5.7e-05, 0.087098, -0.9962, 0.375166, 5.4e-05, 0.9962, 0.087098, -0.0, 0.0, 0.0, 0.0, 1.0],
                [1.0, -5.9e-05, 5.2e-05, 0.0, 5.7e-05, 0.087098, -0.9962, 0.375166, 5.4e-05, 0.9962, 0.087098, 0.0, 0.0, 0.0, 0.0, 1.0],
                [1.0, -5.9e-05, 5.2e-05, -0.0, 5.7e-05, 0.087098, -0.9962, 0.375166, 5.4e-05, 0.9962, 0.087098, 0.0, 0.0, 0.0, 0.0, 1.0],
                [1.0, -5.9e-05, 5.2e-05, -0.0, 5.7e-05, 0.087098, -0.9962, 0.375166, 5.4e-05, 0.9962, 0.087098, 0.0, 0.0, 0.0, 0.0, 1.0],
                [1.0, -5.9e-05, 5.2e-05, -0.0, 5.7e-05, 0.087098, -0.9962, 0.375166, 5.4e-05, 0.9962, 0.087098, -0.0, 0.0, 0.0, 0.0, 1.0],
                [1.0, -5.9e-05, 5.2e-05, 0.0, 5.7e-05, 0.087098, -0.9962, 0.375166, 5.4e-05, 0.9962, 0.087098, 0.0, 0.0, 0.0, 0.0, 1.0],
                [1.0, -5.9e-05, 5.2e-05, -0.0, 5.7e-05, 0.087098, -0.9962, 0.375166, 5.4e-05, 0.9962, 0.087098, 0.0, 0.0, 0.0, 0.0, 1.0],
                [1.0, -5.9e-05, 5.2e-05, 0.0, 5.7e-05, 0.087098, -0.9962, 0.375166, 5.4e-05, 0.9962, 0.087098, 0.0, 0.0, 0.0, 0.0, 1.0],
                [1.0, -5.9e-05, 5.2e-05, -0.0, 5.7e-05, 0.087098, -0.9962, 0.375166, 5.4e-05, 0.9962, 0.087098, -0.0, 0.0, 0.0, 0.0, 1.0],
                [1.0, -5.9e-05, 5.2e-05, 0.0, 5.7e-05, 0.087098, -0.9962, 0.375166, 5.4e-05, 0.9962, 0.087098, -0.0, 0.0, 0.0, 0.0, 1.0],
                [1.0, -5.9e-05, 5.2e-05, -0.0, 5.7e-05, 0.087098, -0.9962, 0.375166, 5.4e-05, 0.9962, 0.087098, -0.0, 0.0, 0.0, 0.0, 1.0],
                [1.0, -5.9e-05, 5.2e-05, 0.0, 5.7e-05, 0.087098, -0.9962, 0.375166, 5.4e-05, 0.9962, 0.087098, 0.0, 0.0, 0.0, 0.0, 1.0],
                [1.0, -5.9e-05, 5.2e-05, 0.0, 5.7e-05, 0.087098, -0.9962, 0.375166, 5.4e-05, 0.9962, 0.087098, -0.0, 0.0, 0.0, 0.0, 1.0],
                [1.0, -5.9e-05, 5.2e-05, -0.0, 5.7e-05, 0.087098, -0.9962, 0.375166, 5.4e-05, 0.9962, 0.087098, 0.0, 0.0, 0.0, 0.0, 1.0],
                [1.0, -5.9e-05, 5.2e-05, -0.0, 5.7e-05, 0.087098, -0.9962, 0.375167, 5.4e-05, 0.9962, 0.087098, -0.0, 0.0, 0.0, 0.0, 1.0],
                [1.0, -5.9e-05, 5.2e-05, 0.0, 5.7e-05, 0.087098, -0.9962, 0.375166, 5.4e-05, 0.9962, 0.087098, -0.0, 0.0, 0.0, 0.0, 1.0],
                [1.0, -5.9e-05, 5.2e-05, -0.0, 5.7e-05, 0.087098, -0.9962, 0.375166, 5.4e-05, 0.9962, 0.087098, -0.0, 0.0, 0.0, 0.0, 1.0],
                [1.0, -5.9e-05, 5.2e-05, 0.0, 5.7e-05, 0.087098, -0.9962, 0.375166, 5.4e-05, 0.9962, 0.087098, 0.0, 0.0, 0.0, 0.0, 1.0],
                [1.0, -5.9e-05, 5.2e-05, -0.0, 5.7e-05, 0.087098, -0.9962, 0.375166, 5.4e-05, 0.9962, 0.087098, -0.0, 0.0, 0.0, 0.0, 1.0],
                [1.0, -5.9e-05, 5.2e-05, 0.0, 5.7e-05, 0.087098, -0.9962, 0.375166, 5.4e-05, 0.9962, 0.087098, -0.0, 0.0, 0.0, 0.0, 1.0],
                [1.0, -5.9e-05, 5.2e-05, -0.0, 5.7e-05, 0.087098, -0.9962, 0.375166, 5.4e-05, 0.9962, 0.087098, 0.0, 0.0, 0.0, 0.0, 1.0],
                [1.0, -5.9e-05, 5.2e-05, -0.0, 5.7e-05, 0.087098, -0.9962, 0.375166, 5.4e-05, 0.9962, 0.087098, -0.0, 0.0, 0.0, 0.0, 1.0],
                [1.0, -5.9e-05, 5.2e-05, -0.0, 5.7e-05, 0.087098, -0.9962, 0.375166, 5.4e-05, 0.9962, 0.087098, 0.0, 0.0, 0.0, 0.0, 1.0],
                [1.0, -5.9e-05, 5.2e-05, -0.0, 5.7e-05, 0.087098, -0.9962, 0.375166, 5.4e-05, 0.9962, 0.087098, 0.0, 0.0, 0.0, 0.0, 1.0],
                [1.0, -5.9e-05, 5.2e-05, 0.0, 5.7e-05, 0.087098, -0.9962, 0.375166, 5.4e-05, 0.9962, 0.087098, -0.0, 0.0, 0.0, 0.0, 1.0],
                [1.0, -5.9e-05, 5.2e-05, 0.0, 5.7e-05, 0.087098, -0.9962, 0.375166, 5.4e-05, 0.9962, 0.087098, -0.0, 0.0, 0.0, 0.0, 1.0],
                [1.0, -5.9e-05, 5.2e-05, 0.0, 5.7e-05, 0.087098, -0.9962, 0.375166, 5.4e-05, 0.9962, 0.087098, -0.0, 0.0, 0.0, 0.0, 1.0],
                [1.0, -5.9e-05, 5.2e-05, 0.0, 5.7e-05, 0.087098, -0.9962, 0.375166, 5.4e-05, 0.9962, 0.087098, -0.0, 0.0, 0.0, 0.0, 1.0],
                [1.0, -5.9e-05, 5.2e-05, -0.0, 5.7e-05, 0.087098, -0.9962, 0.375166, 5.4e-05, 0.9962, 0.087098, -0.0, 0.0, 0.0, 0.0, 1.0]
            ]
        },
        {
            "name": "Thigh_L",
            "time": [0.0, 0.0167, 0.0333, 0.05, 0.0667, 0.0833, 0.1, 0.1167, 0.1333, 0.15, 0.1667, 0.1833, 0.2, 0.2167, 0.2333, 0.25, 0.2667, 0.2833, 0.3, 0.3167, 0.3333, 0.35, 0.3667, 0.3833, 0.4, 0.4167, 0.4333, 0.45, 0.4667, 0.4833, 0.5, 0.5167, 0.5333, 0.55, 0.5667, 0.5833, 0.6, 0.6167, 0.6333, 0.65, 0.6667, 0.6833, 0.7, 0.7167, 0.7333, 0.75, 0.7667, 0.7833, 0.8, 0.8167, 0.8333, 0.85, 0.8667, 0.8833, 0.9],
            "transform": [
                [0.255071, -0.548957, -0.795933, -0.063636, -0.66917, -0.69444, 0.264503, 0.016609, -0.697961, 0.465178, -0.544467, 0.108649, 0.0, 0.0, 0.0, 1.0],
                [0.266216, -0.517774, -0.812997, -0.063653, -0.659405, -0.713054, 0.238196, 0.016646, -0.703074, 0.472713, -0.531238, 0.108649, 0.0, 0.0, 0.0, 1.0],
                [0.291146, -0.443342, -0.847706, -0.063729, -0.640162, -0.748796, 0.171745, 0.016785, -0.710933, 0.492696, -0.501806, 0.108649, 0.0, 0.0, 0.0, 1.0],
                [0.309235, -0.420922, -0.852715, -0.06391, -0.636719, -0.757699, 0.143113, 0.017076, -0.706372, 0.498714, -0.502301, 0.108649, 0.0, 0.0, 0.0, 1.0],
                [0.321403, -0.481118, -0.815569, -0.064251, -0.645771, -0.74132, 0.182824, 0.017579, -0.692589, 0.46794, -0.548938, 0.108649, 0.0, 0.0, 0.0, 1.0],
                [0.334023, -0.559392, -0.758579, -0.064814, -0.656104, -0.715836, 0.238965, 0.018355, -0.676724, 0.417916, -0.606108, 0.108649, 0.0, 0.0, 0.0, 1.0],
                [0.346618, -0.643629, -0.682302, -0.065657, -0.666483, -0.680865, 0.303679, 0.019461, -0.660042, 0.349511, -0.66495, 0.108649, 0.0, 0.0, 0.0, 1.0],
                [0.359228, -0.751345, -0.553518, -0.066824, -0.675195, -0.618712, 0.401625, 0.020931, -0.644257, 0.229485, -0.729545, 0.108649, 0.0, 0.0, 0.0, 1.0],
                [0.373936, -0.85065, -0.36949, -0.068336, -0.674626, -0.522883, 0.521021, 0.022777, -0.636436, 0.054464, -0.769378, 0.108649, 0.0, 0.0, 0.0, 1.0],
                [0.392094, -0.906028, -0.159189, -0.070189, -0.663216, -0.39835, 0.633599, 0.024984, -0.6375, -0.142832, -0.757065, 0.108649, 0.0, 0.0, 0.0, 1.0],
                [0.41469, -0.908207, 0.056272, -0.072357, -0.639027, -0.246652, 0.72855, 0.027515, -0.647824, -0.338064, -0.682635, 0.108649, 0.0, 0.0, 0.0, 1.0],
                [0.442909, -0.865562, 0.233697, -0.074804, -0.599373, -0.092025, 0.795143, 0.030327, -0.666771, -0.492234, -0.559535, 0.108649, 0.0, 0.0, 0.0, 1.0],
                [0.472999, -0.817881, 0.327607, -0.077491, -0.550979, 0.015554, 0.834352, 0.033373, -0.687527, -0.575142, -0.443259, 0.108649, 0.0, 0.0, 0.0, 1.0],
                [0.514922, -0.79663, 0.316575, -0.082386, -0.455793, 0.058321, 0.888148, 0.037032, -0.726022, -0.601614, -0.333049, 0.108701, 0.0, 0.0, 0.0, 1.0],
                [0.560709, -0.801579, 0.207508, -0.08842, -0.313001, 0.0268, 0.949347, 0.040531, -0.766574, -0.597256, -0.235849, 0.108793, 0.0, 0.0, 0.0, 1.0],
                [0.594829, -0.801702, 0.058597, -0.094683, -0.187136, -0.067242, 0.980003, 0.04415, -0.781767, -0.593901, -0.190005, 0.108889, 0.0, 0.0, 0.0, 1.0],
                [0.619657, -0.781573, -0.071744, -0.100814, -0.10826, -0.175678, 0.978451, 0.048006, -0.777371, -0.59854, -0.193453, 0.108974, 0.0, 0.0, 0.0, 1.0],
                [0.640407, -0.753215, -0.15007, -0.106606, -0.073987, -0.255022, 0.964075, 0.052171, -0.764464, -0.606302, -0.219025, 0.109039, 0.0, 0.0, 0.0, 1.0],
                [0.658969, -0.733512, -0.166422, -0.111909, -0.0761, -0.285171, 0.955427, 0.056706, -0.748311, -0.616936, -0.243717, 0.109077, 0.0, 0.0, 0.0, 1.0],
                [0.67514, -0.720758, -0.157063, -0.116589, -0.09536, -0.296431, 0.95026, 0.06167, -0.7315, -0.626582, -0.268842, 0.109083, 0.0, 0.0, 0.0, 1.0],
                [0.68875, -0.70739, -0.158738, -0.120516, -0.115852, -0.323555, 0.93907, 0.067125, -0.715683, -0.628393, -0.304779, 0.109051, 0.0, 0.0, 0.0, 1.0],
                [0.6996, -0.692556, -0.175782, -0.123547, -0.138226, -0.372568, 0.917635, 0.073146, -0.701037, -0.617675, -0.356357, 0.108973, 0.0, 0.0, 0.0, 1.0],
                [0.693384, -0.677221, -0.246086, -0.125518, -0.208305, -0.515353, 0.831263, 0.079821, -0.689802, -0.525112, -0.498388, 0.108842, 0.0, 0.0, 0.0, 1.0],
                [0.674253, -0.626289, -0.391287, -0.126228, -0.29699, -0.715088, 0.632797, 0.087262, -0.67615, -0.310438, -0.668137, 0.108649, 0.0, 0.0, 0.0, 1.0],
                [0.621283, -0.537856, -0.569798, -0.116081, -0.434421, -0.841636, 0.320803, 0.099987, -0.652139, 0.048248, -0.756541, 0.099838, 0.0, 0.0, 0.0, 1.0],
                [0.528594, -0.418537, -0.738481, -0.094368, -0.594341, -0.803644, 0.030078, 0.114778, -0.606092, 0.423043, -0.673548, 0.082356, 0.0, 0.0, 0.0, 1.0],
                [0.441776, -0.198685, -0.874805, -0.084222, -0.704974, -0.679987, -0.201542, 0.121379, -0.554838, 0.70579, -0.440463, 0.074336, 0.0, 0.0, 0.0, 1.0],
                [0.377558, 0.056112, -0.924241, -0.085243, -0.766437, -0.541206, -0.345919, 0.122346, -0.519639, 0.839017, -0.161322, 0.078852, 0.0, 0.0, 0.0, 1.0],
                [0.326797, 0.040455, -0.944184, -0.087825, -0.804385, -0.512592, -0.300345, 0.122584, -0.496154, 0.85768, -0.134965, 0.090153, 0.0, 0.0, 0.0, 1.0],
                [0.29824, 0.024402, -0.954134, -0.091082, -0.82073, -0.503805, -0.269401, 0.122344, -0.487293, 0.863474, -0.13022, 0.104386, 0.0, 0.0, 0.0, 1.0],
                [0.291932, 0.011839, -0.956321, -0.094116, -0.819162, -0.513062, -0.25639, 0.12191, -0.49371, 0.85827, -0.140074, 0.117633, 0.0, 0.0, 0.0, 1.0],
                [0.29678, -0.002591, -0.954898, -0.096222, -0.807905, -0.533829, -0.249623, 0.121531, -0.509128, 0.845589, -0.160515, 0.126828, 0.0, 0.0, 0.0, 1.0],
                [0.299163, -0.021133, -0.953923, -0.096976, -0.796651, -0.555818, -0.237505, 0.121379, -0.525212, 0.831036, -0.183107, 0.130117, 0.0, 0.0, 0.0, 1.0],
                [0.297904, -0.042331, -0.953612, -0.095483, -0.787034, -0.576244, -0.220266, 0.119105, -0.540213, 0.816182, -0.204971, 0.128852, 0.0, 0.0, 0.0, 1.0],
                [0.296524, -0.06377, -0.952849, -0.092729, -0.777031, -0.596205, -0.20189, 0.114911, -0.555244, 0.800296, -0.226329, 0.126519, 0.0, 0.0, 0.0, 1.0],
                [0.296599, -0.082259, -0.951409, -0.089574, -0.765423, -0.616265, -0.185318, 0.110106, -0.571102, 0.783232, -0.245734, 0.123846, 0.0, 0.0, 0.0, 1.0],
                [0.298438, -0.096717, -0.949472, -0.086302, -0.751992, -0.636465, -0.171518, 0.105122, -0.587743, 0.765219, -0.262663, 0.121073, 0.0, 0.0, 0.0, 1.0],
                [0.302141, -0.10593, -0.947315, -0.083056, -0.736743, -0.656591, -0.161545, 0.100178, -0.604913, 0.746772, -0.276413, 0.118322, 0.0, 0.0, 0.0, 1.0],
