{
    "animation": [
        {
            "name": "Root",
            "time": [0.0, 0.0167, 0.0333, 0.05, 0.0667, 0.0833, 0.1, 0.1167, 0.1333, 0.15, 0.1667, 0.1833, 0.2, 0.2167, 0.2333, 0.25, 0.2667, 0.2833, 0.3, 0.3167, 0.3333, 0.35, 0.3667, 0.3833, 0.4, 0.4167, 0.4333, 0.45, 0.4667, 0.4833, 0.5, 0.5167, 0.5333, 0.55, 0.5667, 0.5833, 0.6, 0.6167, 0.6333, 0.65, 0.6667, 0.6833, 0.7, 0.7167, 0.7333, 0.75],
            "transform": [
                [1.0, 0.0, -0.0, -0.000863, -0.0, 0.0, -1.0, 0.043319, 0.0, 1.0, 0.0, 0.486735, 0.0, 0.0, 0.0, 1.0],
                [1.0, 0.0, -0.0, -0.051825, -0.0, 0.0, -1.0, -0.007644, 0.0, 1.0, 0.0, 0.552798, 0.0, 0.0, 0.0, 1.0],
                [1.0, 0.0, -0.0, -0.102788, -0.0, 0.0, -1.0, -0.058606, 0.0, 1.0, 0.0, 0.61886, 0.0, 0.0, 0.0, 1.0],
                [1.0, 0.0, -0.0, -0.15375, -0.0, 0.0, -1.0, -0.109569, 0.0, 1.0, 0.0, 0.684922, 0.0, 0.0, 0.0, 1.0],
                [1.0, 0.0, -0.0, -0.198737, -0.0, 0.0, -1.0, -0.185261, 0.0, 1.0, 0.0, 0.678532, 0.0, 0.0, 0.0, 1.0],
                [1.0, 0.0, -0.0, -0.242553, -0.0, 0.0, -1.0, -0.276276, 0.0, 1.0, 0.0, 0.659144, 0.0, 0.0, 0.0, 1.0],
                [1.0, 0.0, -0.0, -0.282932, -0.0, 0.0, -1.0, -0.372017, 0.0, 1.0, 0.0, 0.630527, 0.0, 0.0, 0.0, 1.0],
                [1.0, 0.0, -0.0, -0.318298, -0.0, 0.0, -1.0, -0.457186, 0.0, 1.0, 0.0, 0.600992, 0.0, 0.0, 0.0, 1.0],
                [1.0, 0.0, -0.0, -0.34891, -0.0, 0.0, -1.0, -0.52293, 0.0, 1.0, 0.0, 0.577335, 0.0, 0.0, 0.0, 1.0],
                [1.0, 0.0, -0.0, -0.374742, -0.0, 0.0, -1.0, -0.569193, 0.0, 1.0, 0.0, 0.556953, 0.0, 0.0, 0.0, 1.0],
                [1.0, 0.0, -0.0, -0.401242, -0.0, 0.0, -1.0, -0.612091, 0.0, 1.0, 0.0, 0.537338, 0.0, 0.0, 0.0, 1.0],
                [1.0, 0.0, -0.0, -0.425894, -0.0, 0.0, -1.0, -0.649522, 0.0, 1.0, 0.0, 0.518574, 0.0, 0.0, 0.0, 1.0],
                [1.0, 0.0, -0.0, -0.446892, -0.0, 0.0, -1.0, -0.680019, 0.0, 1.0, 0.0, 0.500712, 0.0, 0.0, 0.0, 1.0],
                [1.0, 0.0, -0.0, -0.462924, -0.0, 0.0, -1.0, -0.702555, 0.0, 1.0, 0.0, 0.483781, 0.0, 0.0, 0.0, 1.0],
                [1.0, 0.0, -0.0, -0.473034, -0.0, 0.0, -1.0, -0.716417, 0.0, 1.0, 0.0, 0.467795, 0.0, 0.0, 0.0, 1.0],
                [1.0, 0.0, -0.0, -0.476525, -0.0, 0.0, -1.0, -0.721117, 0.0, 1.0, 0.0, 0.45276, 0.0, 0.0, 0.0, 1.0],
                [1.0, 0.0, -0.0, -0.474983, -0.0, 0.0, -1.0, -0.72059, 0.0, 1.0, 0.0, 0.439763, 0.0, 0.0, 0.0, 1.0],
                [1.0, 0.0, -0.0, -0.470639, -0.0, 0.0, -1.0, -0.716036, 0.0, 1.0, 0.0, 0.427377, 0.0, 0.0, 0.0, 1.0],
                [1.0, 0.0, -0.0, -0.465061, -0.0, 0.0, -1.0, -0.701944, 0.0, 1.0, 0.0, 0.41597, 0.0, 0.0, 0.0, 1.0],
                [1.0, 0.0, -0.0, -0.460717, -0.0, 0.0, -1.0, -0.674926, 0.0, 1.0, 0.0, 0.405639, 0.0, 0.0, 0.0, 1.0],
                [1.0, 0.0, -0.0, -0.459175, -0.0, 0.0, -1.0, -0.63618, 0.0, 1.0, 0.0, 0.396135, 0.0, 0.0, 0.0, 1.0],
                [1.0, 0.0, -0.0, -0.459175, -0.0, 0.0, -1.0, -0.592967, 0.0, 1.0, 0.0, 0.38689, 0.0, 0.0, 0.0, 1.0],
                [1.0, 0.0, -0.0, -0.459175, -0.0, 0.0, -1.0, -0.559366, 0.0, 1.0, 0.0, 0.377124, 0.0, 0.0, 0.0, 1.0],
                [1.0, 0.0, -0.0, -0.459175, -0.0, 0.0, -1.0, -0.475635, 0.0, 1.0, 0.0, 0.370113, 0.0, 0.0, 0.0, 1.0],
                [1.0, 0.0, -0.0, -0.459175, -0.0, 0.0, -1.0, -0.305868, 0.0, 1.0, 0.0, 0.367823, 0.0, 0.0, 0.0, 1.0],
                [1.0, 0.0, -0.0, -0.357058, -0.0, 0.0, -1.0, 0.129034, 0.0, 1.0, 0.0, 0.367992, 0.0, 0.0, 0.0, 1.0],
                [1.0, 0.0, -0.0, -0.13854, -0.0, 0.0, -1.0, 0.666455, 0.0, 1.0, 0.0, 0.369444, 0.0, 0.0, 0.0, 1.0],
                [1.0, 0.0, -0.0, -0.036423, -0.0, 0.0, -1.0, 0.884765, 0.0, 1.0, 0.0, 0.372977, 0.0, 0.0, 0.0, 1.0],
                [1.0, 0.0, -0.0, -0.049721, -0.0, 0.0, -1.0, 0.865768, 0.0, 1.0, 0.0, 0.38252, 0.0, 0.0, 0.0, 1.0],
                [1.0, 0.0, -0.0, -0.078177, -0.0, 0.0, -1.0, 0.819836, 0.0, 1.0, 0.0, 0.394786, 0.0, 0.0, 0.0, 1.0],
                [1.0, 0.0, -0.0, -0.091475, -0.0, 0.0, -1.0, 0.784555, 0.0, 1.0, 0.0, 0.40295, 0.0, 0.0, 0.0, 1.0],
                [1.0, 0.0, -0.0, -0.089053, -0.0, 0.0, -1.0, 0.765505, 0.0, 1.0, 0.0, 0.40721, 0.0, 0.0, 0.0, 1.0],
                [1.0, 0.0, -0.0, -0.082695, -0.0, 0.0, -1.0, 0.752333, 0.0, 1.0, 0.0, 0.41003, 0.0, 0.0, 0.0, 1.0],
                [1.0, 0.0, -0.0, -0.074145, -0.0, 0.0, -1.0, 0.743761, 0.0, 1.0, 0.0, 0.411755, 0.0, 0.0, 0.0, 1.0],
                [1.0, 0.0, -0.0, -0.065271, -0.0, 0.0, -1.0, 0.738107, 0.0, 1.0, 0.0, 0.412826, 0.0, 0.0, 0.0, 1.0],
                [1.0, 0.0, -0.0, -0.057608, -0.0, 0.0, -1.0, 0.733735, 0.0, 1.0, 0.0, 0.413657, 0.0, 0.0, 0.0, 1.0],
                [1.0, 0.0, -0.0, -0.052152, -0.0, 0.0, -1.0, 0.72937, 0.0, 1.0, 0.0, 0.414567, 0.0, 0.0, 0.0, 1.0],
                [1.0, 0.0, -0.0, -0.048849, -0.0, 0.0, -1.0, 0.726348, 0.0, 1.0, 0.0, 0.415214, 0.0, 0.0, 0.0, 1.0],
                [1.0, 0.0, -0.0, -0.04602, -0.0, 0.0, -1.0, 0.723532, 0.0, 1.0, 0.0, 0.415827, 0.0, 0.0, 0.0, 1.0],
                [1.0, 0.0, -0.0, -0.043577, -0.0, 0.0, -1.0, 0.720973, 0.0, 1.0, 0.0, 0.416389, 0.0, 0.0, 0.0, 1.0],
                [1.0, 0.0, -0.0, -0.041486, -0.0, 0.0, -1.0, 0.718705, 0.0, 1.0, 0.0, 0.416889, 0.0, 0.0, 0.0, 1.0],
                [1.0, 0.0, -0.0, -0.039737, -0.0, 0.0, -1.0, 0.716758, 0.0, 1.0, 0.0, 0.41732, 0.0, 0.0, 0.0, 1.0],
                [1.0, 0.0, -0.0, -0.038337, -0.0, 0.0, -1.0, 0.715165, 0.0, 1.0, 0.0, 0.417674, 0.0, 0.0, 0.0, 1.0],
                [1.0, 0.0, -0.0, -0.037299, -0.0, 0.0, -1.0, 0.713965, 0.0, 1.0, 0.0, 0.417941, 0.0, 0.0, 0.0, 1.0],
                [1.0, 0.0, -0.0, -0.03665, -0.0, 0.0, -1.0, 0.713204, 0.0, 1.0, 0.0, 0.418112, 0.0, 0.0, 0.0, 1.0],
                [1.0, 0.0, -0.0, -0.036423, -0.0, 0.0, -1.0, 0.712935, 0.0, 1.0, 0.0, 0.418172, 0.0, 0.0, 0.0, 1.0]
            ]
        },
        {
            "name": "Thigh_R",
            "time": [0.0, 0.0167, 0.0333, 0.05, 0.0667, 0.0833, 0.1, 0.1167, 0.1333, 0.15, 0.1667, 0.1833, 0.2, 0.2167, 0.2333, 0.25, 0.2667, 0.2833, 0.3, 0.3167, 0.3333, 0.35, 0.3667, 0.3833, 0.4, 0.4167, 0.4333, 0.45, 0.4667, 0.4833, 0.5, 0.5167, 0.5333, 0.55, 0.5667, 0.5833, 0.6, 0.6167, 0.6333, 0.65, 0.6667, 0.6833, 0.7, 0.7167, 0.7333, 0.75],
            "transform": [
                [0.841266, 0.287707, -0.457696, 0.156012, 0.512989, -0.692029, 0.507868, 0.102017, -0.170629, -0.662052, -0.729736, -0.023119, 0.0, 0.0, 0.0, 1.0],
                [0.789822, 0.417487, -0.449309, 0.136928, 0.602746, -0.663879, 0.442671, 0.084922, -0.113483, -0.620448, -0.775951, 0.026715, 0.0, 0.0, 0.0, 1.0],
                [0.665631, 0.610125, -0.429742, 0.096089, 0.742158, -0.601629, 0.295367, 0.04834, -0.078339, -0.515533, -0.85324, 0.133352, 0.0, 0.0, 0.0, 1.0],
                [0.560748, 0.795854, -0.228421, 0.077004, 0.823141, -0.565632, 0.049963, 0.031245, -0.089443, -0.216024, -0.972245, 0.183186, 0.0, 0.0, 0.0, 1.0],
                [0.583222, 0.810303, 0.057075, 0.077004, 0.811418, -0.577839, -0.08775, 0.031245, -0.038126, 0.097508, -0.99447, 0.183186, 0.0, 0.0, 0.0, 1.0],
                [0.675736, 0.688959, 0.26212, 0.077004, 0.735304, -0.655096, -0.173701, 0.031245, 0.052042, 0.310135, -0.949234, 0.183186, 0.0, 0.0, 0.0, 1.0],
                [0.779, 0.487661, 0.394121, 0.077004, 0.6071, -0.743807, -0.279595, 0.031245, 0.156808, 0.457098, -0.875453, 0.183186, 0.0, 0.0, 0.0, 1.0],
                [0.83262, 0.316942, 0.454177, 0.077004, 0.499475, -0.784044, -0.368497, 0.031245, 0.239311, 0.533689, -0.811083, 0.183186, 0.0, 0.0, 0.0, 1.0],
                [0.827869, 0.400243, 0.392968, 0.077004, 0.482203, -0.865736, -0.134076, 0.031245, 0.286554, 0.300509, -0.909684, 0.183186, 0.0, 0.0, 0.0, 1.0],
                [0.784893, 0.510773, 0.350767, 0.077004, 0.521336, -0.850335, 0.071671, 0.031245, 0.33489, 0.126634, -0.933678, 0.183186, 0.0, 0.0, 0.0, 1.0],
                [0.726095, 0.604744, 0.327191, 0.077004, 0.556144, -0.79636, 0.237725, 0.031245, 0.404339, 0.009373, -0.91453, 0.183186, 0.0, 0.0, 0.0, 1.0],
                [0.654146, 0.688625, 0.31284, 0.077004, 0.577327, -0.721816, 0.381669, 0.031245, 0.488658, -0.069039, -0.86971, 0.183186, 0.0, 0.0, 0.0, 1.0],
                [0.573634, 0.761064, 0.302822, 0.077004, 0.580309, -0.638532, 0.505481, 0.031245, 0.578087, -0.114215, -0.807913, 0.183186, 0.0, 0.0, 0.0, 1.0],
                [0.494447, 0.818966, 0.291189, 0.077004, 0.568001, -0.558035, 0.604946, 0.031245, 0.657949, -0.133704, -0.741071, 0.183186, 0.0, 0.0, 0.0, 1.0],
                [0.432381, 0.859531, 0.272444, 0.077004, 0.552718, -0.491398, 0.673063, 0.031245, 0.712425, -0.140421, -0.687531, 0.183186, 0.0, 0.0, 0.0, 1.0],
                [0.40372, 0.881576, 0.244554, 0.077004, 0.551273, -0.447764, 0.70398, 0.031245, 0.730142, -0.149381, -0.666743, 0.183186, 0.0, 0.0, 0.0, 1.0],
                [0.396549, 0.892059, 0.216685, 0.077004, 0.559963, -0.422109, 0.712914, 0.031245, 0.727454, -0.161357, -0.66689, 0.183186, 0.0, 0.0, 0.0, 1.0],
                [0.387495, 0.900858, 0.195643, 0.077004, 0.57075, -0.401118, 0.716471, 0.031245, 0.723942, -0.165952, -0.669579, 0.183186, 0.0, 0.0, 0.0, 1.0],
                [0.371652, 0.908741, 0.189836, 0.077004, 0.589134, -0.388915, 0.708271, 0.031245, 0.717492, -0.151377, -0.679896, 0.183186, 0.0, 0.0, 0.0, 1.0],
                [0.345067, 0.915723, 0.205796, 0.077004, 0.618605, -0.386813, 0.683877, 0.031245, 0.705873, -0.108661, -0.699932, 0.183186, 0.0, 0.0, 0.0, 1.0],
                [0.307991, 0.91933, 0.244831, 0.077004, 0.656969, -0.391667, 0.644185, 0.031245, 0.688138, -0.037539, -0.724587, 0.183186, 0.0, 0.0, 0.0, 1.0],
                [0.266945, 0.916475, 0.297961, 0.077004, 0.69599, -0.397214, 0.598169, 0.031245, 0.666587, 0.04772, -0.743878, 0.183186, 0.0, 0.0, 0.0, 1.0],
                [0.233171, 0.911281, 0.339356, 0.077004, 0.725558, -0.395403, 0.563214, 0.031245, 0.647453, 0.114918, -0.753371, 0.183186, 0.0, 0.0, 0.0, 1.0],
                [0.166621, 0.855821, 0.489659, 0.077004, 0.777606, -0.419415, 0.468415, 0.031245, 0.606272, 0.302738, -0.735362, 0.183186, 0.0, 0.0, 0.0, 1.0],
                [0.060404, 0.43415, 0.898778, 0.077004, 0.844664, -0.502042, 0.185728, 0.031245, 0.531878, 0.747976, -0.397021, 0.183186, 0.0, 0.0, 0.0, 1.0],
                [0.129935, 0.674429, 0.726778, 0.097022, 0.831983, -0.472914, 0.290092, 0.027259, 0.53937, 0.567003, -0.62255, 0.11576, 0.0, 0.0, 0.0, 1.0],
                [0.931795, 0.202302, -0.301379, 0.139856, 0.362803, -0.54531, 0.755643, 0.018731, -0.011478, -0.813434, -0.581493, -0.028524, 0.0, 0.0, 0.0, 1.0],
                [0.860566, -0.257281, -0.439562, 0.159873, 0.404382, -0.179599, 0.896766, 0.014746, -0.309679, -0.949483, -0.050494, -0.09595, 0.0, 0.0, 0.0, 1.0],
                [0.854992, -0.230515, -0.464578, 0.159873, 0.427135, -0.195141, 0.882863, 0.014746, -0.294184, -0.953285, -0.068359, -0.09595, 0.0, 0.0, 0.0, 1.0],
                [0.840185, -0.174394, -0.513475, 0.159873, 0.476517, -0.214604, 0.852554, 0.014746, -0.258885, -0.960992, -0.097181, -0.09595, 0.0, 0.0, 0.0, 1.0],
                [0.831986, -0.14209, -0.536274, 0.159873, 0.499361, -0.229401, 0.835455, 0.014746, -0.241742, -0.962893, -0.119878, -0.09595, 0.0, 0.0, 0.0, 1.0],
                [0.831748, -0.138447, -0.537594, 0.159873, 0.499983, -0.234057, 0.833789, 0.014746, -0.241274, -0.962303, -0.12543, -0.09595, 0.0, 0.0, 0.0, 1.0],
                [0.833503, -0.142432, -0.533822, 0.159873, 0.495306, -0.235532, 0.836162, 0.014746, -0.244839, -0.961362, -0.125744, -0.09595, 0.0, 0.0, 0.0, 1.0],
                [0.836347, -0.151441, -0.526848, 0.159873, 0.487504, -0.2341, 0.841133, 0.014746, -0.250728, -0.960334, -0.121935, -0.09595, 0.0, 0.0, 0.0, 1.0],
                [0.839392, -0.161983, -0.518808, 0.159873, 0.478815, -0.231342, 0.846867, 0.014746, -0.257211, -0.959282, -0.116602, -0.09595, 0.0, 0.0, 0.0, 1.0],
                [0.841963, -0.171027, -0.511691, 0.159873, 0.471183, -0.228951, 0.851783, 0.014746, -0.262841, -0.958286, -0.112158, -0.09595, 0.0, 0.0, 0.0, 1.0],
                [0.843656, -0.176517, -0.507016, 0.159873, 0.465991, -0.228276, 0.854815, 0.014746, -0.26664, -0.957451, -0.110306, -0.09595, 0.0, 0.0, 0.0, 1.0],
                [0.844634, -0.179508, -0.504331, 0.159873, 0.46293, -0.228242, 0.856485, 0.014746, -0.268867, -0.956903, -0.109657, -0.09595, 0.0, 0.0, 0.0, 1.0],
                [0.845443, -0.181861, -0.502129, 0.159873, 0.460361, -0.228458, 0.857811, 0.014746, -0.270729, -0.956407, -0.109402, -0.09595, 0.0, 0.0, 0.0, 1.0],
                [0.846123, -0.18376, -0.500289, 0.159873, 0.458175, -0.228806, 0.858888, 0.014746, -0.27231, -0.955961, -0.109378, -0.09595, 0.0, 0.0, 0.0, 1.0],
                [0.846692, -0.185294, -0.498758, 0.159873, 0.456325, -0.229215, 0.859763, 0.014746, -0.273643, -0.955567, -0.109496, -0.09595, 0.0, 0.0, 0.0, 1.0],
                [0.847159, -0.186513, -0.497508, 0.159873, 0.454793, -0.229637, 0.860462, 0.014746, -0.274745, -0.955228, -0.109689, -0.09595, 0.0, 0.0, 0.0, 1.0],
                [0.847528, -0.187448, -0.496528, 0.159873, 0.453575, -0.230028, 0.861, 0.014746, -0.27562, -0.954951, -0.109909, -0.09595, 0.0, 0.0, 0.0, 1.0],
                [0.847798, -0.188115, -0.495814, 0.159873, 0.452679, -0.23035, 0.861386, 0.014746, -0.276262, -0.954742, -0.11011, -0.09595, 0.0, 0.0, 0.0, 1.0],
                [0.847965, -0.188521, -0.495374, 0.159873, 0.452121, -0.230568, 0.86162, 0.014746, -0.276662, -0.95461, -0.110255, -0.09595, 0.0, 0.0, 0.0, 1.0],
                [0.848023, -0.188659, -0.495222, 0.159873, 0.451927, -0.230648, 0.861701, 0.014746, -0.276801, -0.954563, -0.11031, -0.09595, 0.0, 0.0, 0.0, 1.0]
            ]
        },
        {
            "name": "Leg_R",
            "time": [0.0, 0.0167, 0.0333, 0.05, 0.0667, 0.0833, 0.1, 0.1167, 0.1333, 0.15, 0.1667, 0.1833, 0.2, 0.2167, 0.2333, 0.25, 0.2667, 0.2833, 0.3, 0.3167, 0.3333, 0.35, 0.3667, 0.3833, 0.4, 0.4167, 0.4333, 0.45, 0.4667, 0.4833, 0.5, 0.5167, 0.5333, 0.55, 0.5667, 0.5833, 0.6, 0.6167, 0.6333, 0.65, 0.6667, 0.6833, 0.7, 0.7167, 0.7333, 0.75],
            "transform": [
                [1.0, -0.000806, -0.000458, -0.0, 0.000889, 0.693482, 0.720455, 0.375166, -0.000263, -0.72049, 0.693494, -0.0, 0.0, 0.0, 0.0, 1.0],
                [0.999999, -0.001007, -0.000746, -0.0, 0.00111, 0.435652, 0.900097, 0.375166, -0.000581, -0.900135, 0.435665, -0.0, 0.0, 0.0, 0.0, 1.0],
                [0.999999, -0.001024, -0.000785, 0.0, 0.00113, 0.400762, 0.916165, 0.375166, -0.000624, -0.916203, 0.400775, -0.0, 0.0, 0.0, 0.0, 1.0],
                [0.999999, -0.000922, -0.0006, -0.0, 0.001016, 0.566414, 0.824101, 0.375166, -0.00042, -0.82414, 0.566428, 0.0, 0.0, 0.0, 0.0, 1.0],
                [1.0, -0.000655, -0.000327, -0.0, 0.000722, 0.81053, 0.585679, 0.375166, -0.000119, -0.58571, 0.810539, -0.0, 0.0, 0.0, 0.0, 1.0],
                [1.0, -0.000459, -0.000214, 0.0, 0.000506, 0.911872, 0.410462, 0.375166, 6e-06, -0.410481, 0.911877, -0.0, 0.0, 0.0, 0.0, 1.0],
                [1.0, -0.00024, -0.000141, 0.0, 0.000264, 0.97679, 0.214197, 0.375166, 8.6e-05, -0.214201, 0.976791, 0.0, 0.0, 0.0, 0.0, 1.0],
                [1.0, -6e-06, -0.000115, -0.0, 7e-06, 0.999986, 0.005374, 0.375166, 0.000115, -0.005362, 0.999986, 0.0, 0.0, 0.0, 0.0, 1.0],
                [1.0, -0.000478, -0.000222, 0.0, 0.000527, 0.903944, 0.427637, 0.375166, -3e-06, -0.427658, 0.903949, 0.0, 0.0, 0.0, 0.0, 1.0],
                [1.0, -0.000738, -0.000393, 0.0, 0.000814, 0.751333, 0.659904, 0.375166, -0.000192, -0.659938, 0.751344, 0.0, 0.0, 0.0, 0.0, 1.0],
                [1.0, -0.000866, -0.000526, 0.0, 0.000955, 0.632445, 0.774586, 0.375166, -0.000338, -0.774623, 0.632458, 0.0, 0.0, 0.0, 0.0, 1.0],
                [0.999999, -0.000939, -0.000626, -0.0, 0.001036, 0.542591, 0.839978, 0.375166, -0.000449, -0.840017, 0.542605, -0.0, 0.0, 0.0, 0.0, 1.0],
                [0.999999, -0.000985, -0.000703, -0.0, 0.001086, 0.47426, 0.880366, 0.375166, -0.000533, -0.880405, 0.474274, -0.0, 0.0, 0.0, 0.0, 1.0],
                [0.999999, -0.001015, -0.000764, -0.0, 0.00112, 0.419405, 0.907781, 0.375166, -0.000601, -0.907819, 0.419418, 0.0, 0.0, 0.0, 0.0, 1.0],
                [0.999999, -0.001039, -0.000819, 0.0, 0.001146, 0.37059, 0.928779, 0.375166, -0.000661, -0.928817, 0.370603, -0.0, 0.0, 0.0, 0.0, 1.0],
                [0.999999, -0.001059, -0.000873, 0.0, 0.001167, 0.32239, 0.94659, 0.375166, -0.000721, -0.946627, 0.322403, -0.0, 0.0, 0.0, 0.0, 1.0],
                [0.999999, -0.001075, -0.000924, 0.0, 0.001185, 0.276215, 0.961079, 0.375166, -0.000778, -0.961116, 0.276227, -0.0, 0.0, 0.0, 0.0, 1.0],
                [0.999999, -0.001088, -0.000975, 0.0, 0.0012, 0.231045, 0.972926, 0.375166, -0.000833, -0.972963, 0.231057, -0.0, 0.0, 0.0, 0.0, 1.0],
                [0.999999, -0.001096, -0.00101, 0.0, 0.001209, 0.199261, 0.97993, 0.375166, -0.000873, -0.979966, 0.199272, -0.0, 0.0, 0.0, 0.0, 1.0],
                [0.999999, -0.001097, -0.001016, 0.0, 0.00121, 0.194739, 0.980839, 0.375166, -0.000878, -0.980875, 0.19475, -0.0, 0.0, 0.0, 0.0, 1.0],
                [0.999999, -0.001089, -0.000981, -0.0, 0.001202, 0.225424, 0.974244, 0.375166, -0.00084, -0.974281, 0.225435, 0.0, 0.0, 0.0, 0.0, 1.0],
                [0.999999, -0.001073, -0.000919, 0.0, 0.001184, 0.280926, 0.959712, 0.375166, -0.000772, -0.95975, 0.280939, 0.0, 0.0, 0.0, 0.0, 1.0],
                [0.999999, -0.001057, -0.000868, 0.0, 0.001166, 0.326364, 0.945227, 0.375166, -0.000716, -0.945265, 0.326377, -0.0, 0.0, 0.0, 0.0, 1.0],
                [0.999999, -0.000952, -0.000647, -0.0, 0.00105, 0.5245, 0.851391, 0.375166, -0.000471, -0.85143, 0.524514, -0.0, 0.0, 0.0, 0.0, 1.0],
                [1.0, -6e-06, -0.000115, -0.0, 7e-06, 0.999986, 0.005386, 0.375166, 0.000115, -0.005374, 0.999986, -0.0, 0.0, 0.0, 0.0, 1.0],
                [1.0, -0.000714, -0.000373, -0.0, 0.000788, 0.769596, 0.638513, 0.375166, -0.000169, -0.638546, 0.769606, -0.0, 0.0, 0.0, 0.0, 1.0],
                [0.999998, -0.001016, -0.001701, -0.0, 0.00112, -0.418261, 0.908315, 0.375166, -0.001634, -0.908335, -0.41825, 0.0, 0.0, 0.0, 0.0, 1.0],
                [0.999998, -0.001082, -0.001515, -0.0, 0.001194, -0.252045, 0.967701, 0.375166, -0.001429, -0.967728, -0.252035, -0.0, 0.0, 0.0, 0.0, 1.0],
                [0.999998, -0.001099, -0.001438, 0.0, 0.001213, -0.182722, 0.98315, 0.375166, -0.001344, -0.983178, -0.182713, 0.0, 0.0, 0.0, 0.0, 1.0],
                [0.999999, -0.001118, -0.001268, 0.0, 0.001233, -0.030831, 0.999509, 0.375166, -0.001156, -0.999541, -0.030821, -0.0, 0.0, 0.0, 0.0, 1.0],
                [0.999999, -0.001114, -0.001135, 0.0, 0.001228, 0.087941, 0.99611, 0.375166, -0.00101, -0.996144, 0.087951, -0.0, 0.0, 0.0, 0.0, 1.0],
                [0.999999, -0.001106, -0.00107, -0.0, 0.00122, 0.146162, 0.989244, 0.375166, -0.000938, -0.98928, 0.146173, -0.0, 0.0, 0.0, 0.0, 1.0],
                [0.999999, -0.001099, -0.001028, 0.0, 0.001212, 0.18334, 0.983033, 0.375166, -0.000892, -0.983069, 0.183351, -0.0, 0.0, 0.0, 0.0, 1.0],
                [0.999999, -0.001095, -0.001005, -0.0, 0.001207, 0.203967, 0.978961, 0.375166, -0.000867, -0.978997, 0.203978, 0.0, 0.0, 0.0, 0.0, 1.0],
                [0.999999, -0.001092, -0.000993, 0.0, 0.001204, 0.215255, 0.976541, 0.375166, -0.000853, -0.976578, 0.215266, 0.0, 0.0, 0.0, 0.0, 1.0],
                [0.999999, -0.00109, -0.000983, -0.0, 0.001202, 0.223916, 0.974592, 0.375166, -0.000842, -0.974628, 0.223927, -0.0, 0.0, 0.0, 0.0, 1.0],
                [0.999999, -0.001087, -0.000971, -0.0, 0.001199, 0.234942, 0.971993, 0.375166, -0.000829, -0.972029, 0.234953, 0.0, 0.0, 0.0, 0.0, 1.0],
                [0.999999, -0.001085, -0.000961, -0.0, 0.001196, 0.243169, 0.969967, 0.375166, -0.000818, -0.970004, 0.24318, 0.0, 0.0, 0.0, 0.0, 1.0],
                [0.999999, -0.001082, -0.000952, 0.0, 0.001194, 0.251162, 0.967928, 0.375166, -0.000809, -0.967965, 0.251174, 0.0, 0.0, 0.0, 0.0, 1.0],
                [0.999999, -0.00108, -0.000944, -0.0, 0.001191, 0.258626, 0.96596, 0.375166, -0.000799, -0.965998, 0.258638, 0.0, 0.0, 0.0, 0.0, 1.0],
                [0.999999, -0.001078, -0.000937, -0.0, 0.001189, 0.265375, 0.964128, 0.375166, -0.000791, -0.964165, 0.265387, -0.0, 0.0, 0.0, 0.0, 1.0],
                [0.999999, -0.001076, -0.00093, -0.0, 0.001187, 0.271258, 0.96249, 0.375166, -0.000784, -0.962527, 0.27127, -0.0, 0.0, 0.0, 0.0, 1.0],
                [0.999999, -0.001075, -0.000924, -0.0, 0.001185, 0.276128, 0.961104, 0.375166, -0.000778, -0.961141, 0.27614, -0.0, 0.0, 0.0, 0.0, 1.0],
                [0.999999, -0.001074, -0.00092, 0.0, 0.001184, 0.279832, 0.960032, 0.375166, -0.000773, -0.960069, 0.279844, 0.0, 0.0, 0.0, 0.0, 1.0],
                [0.999999, -0.001073, -0.000918, -0.0, 0.001183, 0.282201, 0.959338, 0.375166, -0.00077, -0.959376, 0.282213, 0.0, 0.0, 0.0, 0.0, 1.0],
                [0.999999, -0.001072, -0.000917, 0.0, 0.001183, 0.283039, 0.959091, 0.375166, -0.000769, -0.959129, 0.283051, -0.0, 0.0, 0.0, 0.0, 1.0]
            ]
        },
        {
            "name": "Knee_R",
            "time": [0.0, 0.0167, 0.0333, 0.05, 0.0667, 0.0833, 0.1, 0.1167, 0.1333, 0.15, 0.1667, 0.1833, 0.2, 0.2167, 0.2333, 0.25, 0.2667, 0.2833, 0.3, 0.3167, 0.3333, 0.35, 0.3667, 0.3833, 0.4, 0.4167, 0.4333, 0.45, 0.4667, 0.4833, 0.5, 0.5167, 0.5333, 0.55, 0.5667, 0.5833, 0.6, 0.6167, 0.6333, 0.65, 0.6667, 0.6833, 0.7, 0.7167, 0.7333, 0.75],
            "transform": [
                [1.0, -5.9e-05, 5.2e-05, -0.0, 5.7e-05, 0.087098, -0.9962, 0.375166, 5.4e-05, 0.9962, 0.087098, -0.0, 0.0, 0.0, 0.0, 1.0],
                [1.0, -5.9e-05, 5.2e-05, -0.0, 5.7e-05, 0.087098, -0.9962, 0.375166, 5.4e-05, 0.9962, 0.087098, -0.0, 0.0, 0.0, 0.0, 1.0],
                [1.0, -5.9e-05, 5.2e-05, 0.0, 5.7e-05, 0.087098, -0.9962, 0.375166, 5.4e-05, 0.9962, 0.087098, -0.0, 0.0, 0.0, 0.0, 1.0],
                [1.0, -5.9e-05, 5.2e-05, -0.0, 5.7e-05, 0.087098, -0.9962, 0.375166, 5.4e-05, 0.9962, 0.087098, 0.0, 0.0, 0.0, 0.0, 1.0],
                [1.0, -5.9e-05, 5.2e-05, -0.0, 5.7e-05, 0.087098, -0.9962, 0.375166, 5.4e-05, 0.9962, 0.087098, -0.0, 0.0, 0.0, 0.0, 1.0],
                [1.0, -5.9e-05, 5.2e-05, 0.0, 5.7e-05, 0.087098, -0.9962, 0.375166, 5.4e-05, 0.9962, 0.087098, -0.0, 0.0, 0.0, 0.0, 1.0],
                [1.0, -5.9e-05, 5.2e-05, 0.0, 5.7e-05, 0.087098, -0.9962, 0.375166, 5.4e-05, 0.9962, 0.087098, 0.0, 0.0, 0.0, 0.0, 1.0],
                [1.0, -5.9e-05, 5.2e-05, -0.0, 5.7e-05, 0.087098, -0.9962, 0.375166, 5.4e-05, 0.9962, 0.087098, 0.0, 0.0, 0.0, 0.0, 1.0],
                [1.0, -5.9e-05, 5.2e-05, 0.0, 5.7e-05, 0.087098, -0.9962, 0.375166, 5.4e-05, 0.9962, 0.087098, 0.0, 0.0, 0.0, 0.0, 1.0],
                [1.0, -5.9e-05, 5.2e-05, 0.0, 5.7e-05, 0.087098, -0.9962, 0.375166, 5.4e-05, 0.9962, 0.087098, 0.0, 0.0, 0.0, 0.0, 1.0],
                [1.0, -5.9e-05, 5.2e-05, 0.0, 5.7e-05, 0.087098, -0.9962, 0.375166, 5.4e-05, 0.9962, 0.087098, 0.0, 0.0, 0.0, 0.0, 1.0],
                [1.0, -5.9e-05, 5.2e-05, -0.0, 5.7e-05, 0.087098, -0.9962, 0.375166, 5.4e-05, 0.9962, 0.087098, -0.0, 0.0, 0.0, 0.0, 1.0],
                [1.0, -5.9e-05, 5.2e-05, -0.0, 5.7e-05, 0.087098, -0.9962, 0.375166, 5.4e-05, 0.9962, 0.087098, -0.0, 0.0, 0.0, 0.0, 1.0],
                [1.0, -5.9e-05, 5.2e-05, -0.0, 5.7e-05, 0.087098, -0.9962, 0.375166, 5.4e-05, 0.9962, 0.087098, 0.0, 0.0, 0.0, 0.0, 1.0],
                [1.0, -5.9e-05, 5.2e-05, 0.0, 5.7e-05, 0.087098, -0.9962, 0.375166, 5.4e-05, 0.9962, 0.087098, -0.0, 0.0, 0.0, 0.0, 1.0],
                [1.0, -5.9e-05, 5.2e-05, 0.0, 5.7e-05, 0.087098, -0.9962, 0.375166, 5.4e-05, 0.9962, 0.087098, -0.0, 0.0, 0.0, 0.0, 1.0],
                [1.0, -5.9e-05, 5.2e-05, 0.0, 5.7e-05, 0.087098, -0.9962, 0.375166, 5.4e-05, 0.9962, 0.087098, -0.0, 0.0, 0.0, 0.0, 1.0],
                [1.0, -5.9e-05, 5.2e-05, 0.0, 5.7e-05, 0.087098, -0.9962, 0.375166, 5.4e-05, 0.9962, 0.087098, -0.0, 0.0, 0.0, 0.0, 1.0],
                [1.0, -5.9e-05, 5.2e-05, 0.0, 5.7e-05, 0.087098, -0.9962, 0.375166, 5.4e-05, 0.9962, 0.087098, -0.0, 0.0, 0.0, 0.0, 1.0],
                [1.0, -5.9e-05, 5.2e-05, 0.0, 5.7e-05, 0.087098, -0.9962, 0.375166, 5.4e-05, 0.9962, 0.087098, -0.0, 0.0, 0.0, 0.0, 1.0],
                [1.0, -5.9e-05, 5.2e-05, -0.0, 5.7e-05, 0.087098, -0.9962, 0.375166, 5.4e-05, 0.9962, 0.087098, 0.0, 0.0, 0.0, 0.0, 1.0],
                [1.0, -5.9e-05, 5.2e-05, 0.0, 5.7e-05, 0.087098, -0.9962, 0.375166, 5.4e-05, 0.9962, 0.087098, 0.0, 0.0, 0.0, 0.0, 1.0],
                [1.0, -5.9e-05, 5.2e-05, 0.0, 5.7e-05, 0.087098, -0.9962, 0.375166, 5.4e-05, 0.9962, 0.087098, -0.0, 0.0, 0.0, 0.0, 1.0],
                [1.0, -5.9e-05, 5.2e-05, -0.0, 5.7e-05, 0.087098, -0.9962, 0.375166, 5.4e-05, 0.9962, 0.087098, -0.0, 0.0, 0.0, 0.0, 1.0],
                [1.0, -5.9e-05, 5.2e-05, -0.0, 5.7e-05, 0.087098, -0.9962, 0.375166, 5.4e-05, 0.9962, 0.087098, -0.0, 0.0, 0.0, 0.0, 1.0],
                [1.0, -5.9e-05, 5.2e-05, -0.0, 5.7e-05, 0.087098, -0.9962, 0.375166, 5.4e-05, 0.9962, 0.087098, -0.0, 0.0, 0.0, 0.0, 1.0],
                [1.0, -5.9e-05, 5.2e-05, -0.0, 5.7e-05, 0.087098, -0.9962, 0.375166, 5.4e-05, 0.9962, 0.087098, 0.0, 0.0, 0.0, 0.0, 1.0],
                [1.0, -5.9e-05, 5.2e-05, -0.0, 5.7e-05, 0.087098, -0.9962, 0.375166, 5.4e-05, 0.9962, 0.087098, -0.0, 0.0, 0.0, 0.0, 1.0],
                [1.0, -5.9e-05, 5.2e-05, 0.0, 5.7e-05, 0.087098, -0.9962, 0.375166, 5.4e-05, 0.9962, 0.087098, 0.0, 0.0, 0.0, 0.0, 1.0],
                [1.0, -5.9e-05, 5.2e-05, 0.0, 5.7e-05, 0.087098, -0.9962, 0.375166, 5.4e-05, 0.9962, 0.087098, -0.0, 0.0, 0.0, 0.0, 1.0],
                [1.0, -5.9e-05, 5.2e-05, 0.0, 5.7e-05, 0.087098, -0.9962, 0.375166, 5.4e-05, 0.9962, 0.087098, -0.0, 0.0, 0.0, 0.0, 1.0],
                [1.0, -5.9e-05, 5.2e-05, -0.0, 5.7e-05, 0.087098, -0.9962, 0.375166, 5.4e-05, 0.9962, 0.087098, -0.0, 0.0, 0.0, 0.0, 1.0],
                [1.0, -5.9e-05, 5.2e-05, 0.0, 5.7e-05, 0.087098, -0.9962, 0.375166, 5.4e-05, 0.9962, 0.087098, -0.0, 0.0, 0.0, 0.0, 1.0],
                [1.0, -5.9e-05, 5.2e-05, -0.0, 5.7e-05, 0.087098, -0.9962, 0.375166, 5.4e-05, 0.9962, 0.087098, 0.0, 0.0, 0.0, 0.0, 1.0],
                [1.0, -5.9e-05, 5.2e-05, 0.0, 5.7e-05, 0.087098, -0.9962, 0.375166, 5.4e-05, 0.9962, 0.087098, 0.0, 0.0, 0.0, 0.0, 1.0],
                [1.0, -5.9e-05, 5.2e-05, -0.0, 5.7e-05, 0.087098, -0.9962, 0.375166, 5.4e-05, 0.9962, 0.087098, -0.0, 0.0, 0.0, 0.0, 1.0],
                [1.0, -5.9e-05, 5.2e-05, -0.0, 5.7e-05, 0.087098, -0.9962, 0.375166, 5.4e-05, 0.9962, 0.087098, 0.0, 0.0, 0.0, 0.0, 1.0],
                [1.0, -5.9e-05, 5.2e-05, -0.0, 5.7e-05, 0.087098, -0.9962, 0.375166, 5.4e-05, 0.9962, 0.087098, 0.0, 0.0, 0.0, 0.0, 1.0],
                [1.0, -5.9e-05, 5.2e-05, 0.0, 5.7e-05, 0.087098, -0.9962, 0.375166, 5.4e-05, 0.9962, 0.087098, 0.0, 0.0, 0.0, 0.0, 1.0],
                [1.0, -5.9e-05, 5.2e-05, -0.0, 5.7e-05, 0.087098, -0.9962, 0.375166, 5.4e-05, 0.9962, 0.087098, 0.0, 0.0, 0.0, 0.0, 1.0],
                [1.0, -5.9e-05, 5.2e-05, -0.0, 5.7e-05, 0.087098, -0.9962, 0.375166, 5.4e-05, 0.9962, 0.087098, -0.0, 0.0, 0.0, 0.0, 1.0],
                [1.0, -5.9e-05, 5.2e-05, -0.0, 5.7e-05, 0.087098, -0.9962, 0.375166, 5.4e-05, 0.9962, 0.087098, -0.0, 0.0, 0.0, 0.0, 1.0],
                [1.0, -5.9e-05, 5.2e-05, -0.0, 5.7e-05, 0.087098, -0.9962, 0.375166, 5.4e-05, 0.9962, 0.087098, -0.0, 0.0, 0.0, 0.0, 1.0],
                [1.0, -5.9e-05, 5.2e-05, 0.0, 5.7e-05, 0.087098, -0.9962, 0.375166, 5.4e-05, 0.9962, 0.087098, 0.0, 0.0, 0.0, 0.0, 1.0],
                [1.0, -5.9e-05, 5.2e-05, -0.0, 5.7e-05, 0.087098, -0.9962, 0.375166, 5.4e-05, 0.9962, 0.087098, 0.0, 0.0, 0.0, 0.0, 1.0],
                [1.0, -5.9e-05, 5.2e-05, 0.0, 5.7e-05, 0.087098, -0.9962, 0.375166, 5.4e-05, 0.9962, 0.087098, -0.0, 0.0, 0.0, 0.0, 1.0]
            ]
        },
        {
            "name": "Thigh_L",
            "time": [0.0, 0.0167, 0.0333, 0.05, 0.0667, 0.0833, 0.1, 0.1167, 0.1333, 0.15, 0.1667, 0.1833, 0.2, 0.2167, 0.2333, 0.25, 0.2667, 0.2833, 0.3, 0.3167, 0.3333, 0.35, 0.3667, 0.3833, 0.4, 0.4167, 0.4333, 0.45, 0.4667, 0.4833, 0.5, 0.5167, 0.5333, 0.55, 0.5667, 0.5833, 0.6, 0.6167, 0.6333, 0.65, 0.6667, 0.6833, 0.7, 0.7167, 0.7333, 0.75],
            "transform": [
                [0.616115, -0.787492, -0.015976, -0.208881, -0.521274, -0.422881, 0.741219, -0.025293, -0.590487, -0.448355, -0.671008, -0.037336, 0.0, 0.0, 0.0, 1.0],
                [0.694666, -0.70371, -0.149085, -0.198442, -0.435831, -0.576643, 0.691012, -0.030902, -0.572267, -0.415058, -0.707238, -0.038295, 0.0, 0.0, 0.0, 1.0],
                [0.757112, -0.60079, -0.256568, -0.175154, -0.385998, -0.728262, 0.566224, -0.043436, -0.527054, -0.329675, -0.783244, -0.043897, 0.0, 0.0, 0.0, 1.0],
                [0.82224, -0.527212, -0.214396, -0.161781, -0.353286, -0.768145, 0.533961, -0.050678, -0.446219, -0.363317, -0.817818, -0.055798, 0.0, 0.0, 0.0, 1.0],
                [0.872198, -0.478631, -0.100908, -0.158733, -0.357207, -0.764165, 0.537054, -0.052109, -0.334176, -0.432392, -0.837435, -0.078215, 0.0, 0.0, 0.0, 1.0],
                [0.902246, -0.428606, 0.047419, -0.157231, -0.382627, -0.745001, 0.54639, -0.052373, -0.198868, -0.511146, -0.836132, -0.108878, 0.0, 0.0, 0.0, 1.0],
                [0.90239, -0.378734, 0.205546, -0.156685, -0.425848, -0.71079, 0.559822, -0.051767, -0.065926, -0.592736, -0.802656, -0.140102, 0.0, 0.0, 0.0, 1.0],
                [0.877663, -0.331675, 0.34596, -0.155979, -0.477436, -0.668281, 0.57046, -0.051, 0.041994, -0.665876, -0.744845, -0.161881, 0.0, 0.0, 0.0, 1.0],
                [0.841963, -0.289483, 0.455279, -0.154287, -0.526297, -0.626455, 0.574921, -0.050678, 0.118788, -0.723707, -0.679775, -0.169181, 0.0, 0.0, 0.0, 1.0],
                [0.789265, -0.261262, 0.555674, -0.150893, -0.583671, -0.600328, 0.546723, -0.050678, 0.190759, -0.755875, -0.62628, -0.169181, 0.0, 0.0, 0.0, 1.0],
                [0.730023, -0.239238, 0.640151, -0.146688, -0.633065, -0.589632, 0.501537, -0.050678, 0.25748, -0.771426, -0.581872, -0.169181, 0.0, 0.0, 0.0, 1.0],
                [0.676787, -0.222359, 0.701762, -0.142313, -0.666961, -0.588755, 0.45663, -0.050678, 0.311645, -0.777125, -0.546741, -0.169181, 0.0, 0.0, 0.0, 1.0],
                [0.632312, -0.069554, 0.771551, -0.138, -0.688626, -0.506756, 0.518627, -0.050678, 0.354933, -0.859277, -0.368299, -0.169181, 0.0, 0.0, 0.0, 1.0],
                [0.595101, 0.087073, 0.798884, -0.133875, -0.702985, -0.425338, 0.569983, -0.050678, 0.389445, -0.900832, -0.191883, -0.169181, 0.0, 0.0, 0.0, 1.0],
                [0.562241, 0.18505, 0.805965, -0.130026, -0.714621, -0.381768, 0.586133, -0.050678, 0.416176, -0.905536, -0.08238, -0.169181, 0.0, 0.0, 0.0, 1.0],
                [0.530682, 0.248226, 0.810368, -0.126531, -0.727391, -0.357409, 0.585785, -0.050678, 0.435062, -0.900347, -0.009089, -0.169181, 0.0, 0.0, 0.0, 1.0],
                [0.500604, 0.284696, 0.817484, -0.123461, -0.741361, -0.346604, 0.574661, -0.050678, 0.446968, -0.893752, 0.037575, -0.169181, 0.0, 0.0, 0.0, 1.0],
                [0.475721, 0.310385, 0.822973, -0.120893, -0.753156, -0.339584, 0.563405, -0.050678, 0.454364, -0.887874, 0.072245, -0.169181, 0.0, 0.0, 0.0, 1.0],
                [0.458046, 0.332108, 0.824519, -0.118914, -0.759909, -0.334991, 0.557052, -0.050678, 0.46123, -0.881737, 0.098954, -0.169181, 0.0, 0.0, 0.0, 1.0],
                [0.450541, 0.356312, 0.818528, -0.117628, -0.75804, -0.331643, 0.561584, -0.050678, 0.471582, -0.873513, 0.120704, -0.169181, 0.0, 0.0, 0.0, 1.0],
                [0.455393, 0.383229, 0.803548, -0.117165, -0.745383, -0.329456, 0.579526, -0.050678, 0.486849, -0.862879, 0.135645, -0.169181, 0.0, 0.0, 0.0, 1.0],
                [0.467361, 0.405355, 0.785621, -0.117165, -0.725555, -0.331878, 0.602839, -0.050678, 0.505119, -0.851767, 0.139025, -0.169181, 0.0, 0.0, 0.0, 1.0],
                [0.475963, 0.418023, 0.773729, -0.117165, -0.710461, -0.335802, 0.618441, -0.050678, 0.518368, -0.84407, 0.137183, -0.169181, 0.0, 0.0, 0.0, 1.0],
                [0.511154, 0.417498, 0.751241, -0.117165, -0.639912, -0.398663, 0.656938, -0.050678, 0.57379, -0.816528, 0.063406, -0.169181, 0.0, 0.0, 0.0, 1.0],
                [0.590005, 0.358728, 0.723301, -0.117165, -0.380681, -0.666429, 0.641044, -0.050678, 0.712023, -0.653558, -0.25662, -0.169181, 0.0, 0.0, 0.0, 1.0],
                [0.702711, 0.239541, 0.66991, -0.114714, 0.193129, -0.970466, 0.14446, -0.024074, 0.684761, 0.027889, -0.728214, -0.095408, 0.0, 0.0, 0.0, 1.0],
                [0.827033, -0.463623, -0.31789, -0.10947, -0.55302, -0.772524, -0.31201, 0.032855, -0.100926, 0.433879, -0.895272, 0.062459, 0.0, 0.0, 0.0, 1.0],
                [0.456136, -0.272845, -0.847012, -0.107019, -0.796787, -0.549118, -0.252179, 0.05946, -0.396321, 0.789953, -0.467849, 0.136232, 0.0, 0.0, 0.0, 1.0],
                [0.483312, -0.259875, -0.835948, -0.107019, -0.774901, -0.571329, -0.270381, 0.05946, -0.407354, 0.778492, -0.477484, 0.136232, 0.0, 0.0, 0.0, 1.0],
                [0.537515, -0.451685, -0.712041, -0.107019, -0.726292, -0.677045, -0.118763, 0.05946, -0.428459, 0.581023, -0.691957, 0.136232, 0.0, 0.0, 0.0, 1.0],
                [0.572965, -0.500035, -0.649327, -0.107019, -0.690479, -0.721349, -0.053753, 0.05946, -0.441532, 0.47918, -0.758551, 0.136232, 0.0, 0.0, 0.0, 1.0],
                [0.585119, -0.524484, -0.618468, -0.107019, -0.677377, -0.735432, -0.017152, 0.05946, -0.445866, 0.429007, -0.785569, 0.136232, 0.0, 0.0, 0.0, 1.0],
                [0.589989, -0.543363, -0.597178, -0.107019, -0.672001, -0.740481, 0.009865, 0.05946, -0.447579, 0.395518, -0.801997, 0.136232, 0.0, 0.0, 0.0, 1.0],
                [0.589933, -0.558728, -0.582885, -0.107019, -0.672064, -0.739919, 0.029087, 0.05946, -0.447559, 0.37461, -0.811983, 0.136232, 0.0, 0.0, 0.0, 1.0],
                [0.587601, -0.57117, -0.573101, -0.107019, -0.674647, -0.736901, 0.042724, 0.05946, -0.44674, 0.361569, -0.81832, 0.136232, 0.0, 0.0, 0.0, 1.0],
                [0.585275, -0.58107, -0.565478, -0.107019, -0.677206, -0.733865, 0.053206, 0.05946, -0.445921, 0.351838, -0.822996, 0.136232, 0.0, 0.0, 0.0, 1.0],
                [0.584541, -0.588857, -0.558134, -0.107019, -0.67801, -0.732377, 0.062624, 0.05946, -0.445661, 0.341848, -0.827334, 0.136232, 0.0, 0.0, 0.0, 1.0],
                [0.584372, -0.593744, -0.553111, -0.107019, -0.678194, -0.731644, 0.068887, 0.05946, -0.445602, 0.334894, -0.830205, 0.136232, 0.0, 0.0, 0.0, 1.0],
                [0.584392, -0.598082, -0.548397, -0.107019, -0.678173, -0.731097, 0.074668, 0.05946, -0.445609, 0.328305, -0.832829, 0.136232, 0.0, 0.0, 0.0, 1.0],
                [0.5845, -0.601809, -0.544189, -0.107019, -0.678055, -0.730667, 0.079769, 0.05946, -0.445647, 0.322397, -0.835113, 0.136232, 0.0, 0.0, 0.0, 1.0],
                [0.584647, -0.605007, -0.540472, -0.107019, -0.677893, -0.730316, 0.084236, 0.05946, -0.445699, 0.317167, -0.837086, 0.136232, 0.0, 0.0, 0.0, 1.0],
                [0.584806, -0.60768, -0.537292, -0.107019, -0.67772, -0.730029, 0.088034, 0.05946, -0.445755, 0.312683, -0.838741, 0.136232, 0.0, 0.0, 0.0, 1.0],
                [0.584956, -0.609821, -0.534697, -0.107019, -0.677555, -0.729804, 0.091116, 0.05946, -0.445808, 0.309021, -0.840069, 0.136232, 0.0, 0.0, 0.0, 1.0],
                [0.585081, -0.611407, -0.532746, -0.107019, -0.677418, -0.729639, 0.093424, 0.05946, -0.445852, 0.306264, -0.841054, 0.136232, 0.0, 0.0, 0.0, 1.0],
                [0.585167, -0.612401, -0.531509, -0.107019, -0.677324, -0.729538, 0.094883, 0.05946, -0.445883, 0.304514, -0.841673, 0.136232, 0.0, 0.0, 0.0, 1.0],
                [0.585199, -0.612748, -0.531074, -0.107019, -0.677289, -0.729504, 0.095396, 0.05946, -0.445894, 0.303897, -0.84189, 0.136232, 0.0, 0.0, 0.0, 1.0]
            ]
        },
        {
            "name": "Leg_L",
            "time": [0.0, 0.0167, 0.0333, 0.05, 0.0667, 0.0833, 0.1, 0.1167, 0.1333, 0.15, 0.1667, 0.1833, 0.2, 0.2167, 0.2333, 0.25, 0.2667, 0.2833, 0.3, 0.3167, 0.3333, 0.35, 0.3667, 0.3833, 0.4, 0.4167, 0.4333, 0.45, 0.4667, 0.4833, 0.5, 0.5167, 0.5333, 0.55, 0.5667, 0.5833, 0.6, 0.6167, 0.6333, 0.65, 0.6667, 0.6833, 0.7, 0.7167, 0.7333, 0.75],
            "transform": [
                [1.0, 1e-06, 1e-06, -0.0, -2e-06, 0.811868, 0.58382, 0.375166, -0.0, -0.583856, 0.811878, -0.0, 0.0, 0.0, 0.0, 1.0],
                [1.0, 1e-06, 1e-06, 0.0, -1e-06, 0.935629, 0.352971, 0.375166, -1e-06, -0.352989, 0.935633, -0.0, 0.0, 0.0, 0.0, 1.0],
                [1.0, -0.0, 1e-06, -0.0, -0.0, 0.999987, 0.005369, 0.375166, -1e-06, -0.005354, 0.999986, 0.0, 0.0, 0.0, 0.0, 1.0],
                [1.0, 0.0, 1e-06, 0.0, -0.0, 0.999987, 0.005391, 0.375166, -1e-06, -0.005377, 0.999986, 0.0, 0.0, 0.0, 0.0, 1.0],
                [1.0, 0.0, 1e-06, -0.0, 0.0, 0.999987, 0.005387, 0.375166, -1e-06, -0.005373, 0.999986, 0.0, 0.0, 0.0, 0.0, 1.0],
                [1.0, 0.0, 1e-06, -0.0, 0.0, 0.999987, 0.005384, 0.375166, -1e-06, -0.00537, 0.999986, 0.0, 0.0, 0.0, 0.0, 1.0],
                [1.0, 0.0, 1e-06, 0.0, 0.0, 0.999987, 0.005383, 0.375166, -1e-06, -0.005369, 0.999986, -0.0, 0.0, 0.0, 0.0, 1.0],
                [1.0, 0.0, 1e-06, -0.0, -0.0, 0.999987, 0.005388, 0.375166, -1e-06, -0.005374, 0.999986, -0.0, 0.0, 0.0, 0.0, 1.0],
                [1.0, 0.0, 1e-06, -0.0, -0.0, 0.999987, 0.005397, 0.375166, -1e-06, -0.005383, 0.999986, 0.0, 0.0, 0.0, 0.0, 1.0],
                [1.0, -0.0, 1e-06, -0.0, -0.0, 0.999987, 0.005398, 0.375166, -1e-06, -0.005384, 0.999986, 0.0, 0.0, 0.0, 0.0, 1.0],
                [1.0, 0.0, 1e-06, -0.0, -0.0, 0.999987, 0.005388, 0.375166, -1e-06, -0.005374, 0.999986, -0.0, 0.0, 0.0, 0.0, 1.0],
                [1.0, 0.0, 1e-06, 0.0, -0.0, 0.999987, 0.005369, 0.375166, -1e-06, -0.005355, 0.999986, -0.0, 0.0, 0.0, 0.0, 1.0],
                [1.0, 1e-06, 1e-06, -0.0, -1e-06, 0.930042, 0.367439, 0.375166, -0.0, -0.367458, 0.930047, 0.0, 0.0, 0.0, 0.0, 1.0],
                [1.0, 2e-06, 1e-06, 0.0, -2e-06, 0.739901, 0.672693, 0.375166, 0.0, -0.672734, 0.739914, -0.0, 0.0, 0.0, 0.0, 1.0],
                [1.0, 2e-06, 2e-06, 0.0, -3e-06, 0.573367, 0.819276, 0.375166, 1e-06, -0.819322, 0.573382, 0.0, 0.0, 0.0, 0.0, 1.0],
                [1.0, 2e-06, 2e-06, 0.0, -3e-06, 0.441731, 0.897126, 0.375166, 1e-06, -0.897173, 0.441746, 0.0, 0.0, 0.0, 0.0, 1.0],
                [1.0, 2e-06, 2e-06, -0.0, -3e-06, 0.350021, 0.936721, 0.375166, 1e-06, -0.936767, 0.350035, 0.0, 0.0, 0.0, 0.0, 1.0],
                [1.0, 2e-06, 2e-06, 0.0, -3e-06, 0.267059, 0.96366, 0.375166, 2e-06, -0.963705, 0.267072, 0.0, 0.0, 0.0, 0.0, 1.0],
                [1.0, 2e-06, 3e-06, -0.0, -3e-06, 0.178382, 0.983942, 0.375166, 2e-06, -0.983986, 0.178394, -0.0, 0.0, 0.0, 0.0, 1.0],
                [1.0, 2e-06, 3e-06, 0.0, -3e-06, 0.07087, 0.997467, 0.375166, 2e-06, -0.997508, 0.070881, 0.0, 0.0, 0.0, 0.0, 1.0],
                [1.0, 2e-06, 3e-06, 0.0, -3e-06, -0.055058, 0.998465, 0.375166, 3e-06, -0.998503, -0.055049, 0.0, 0.0, 0.0, 0.0, 1.0],
                [1.0, 2e-06, 4e-06, 0.0, -3e-06, -0.179388, 0.983761, 0.375166, 3e-06, -0.983796, -0.179378, -0.0, 0.0, 0.0, 0.0, 1.0],
                [1.0, 2e-06, 4e-06, 0.0, -3e-06, -0.272267, 0.962205, 0.375166, 3e-06, -0.962237, -0.272258, 0.0, 0.0, 0.0, 0.0, 1.0],
                [1.0, 2e-06, 4e-06, 0.0, -3e-06, -0.429415, 0.903093, 0.375166, 4e-06, -0.903118, -0.429405, -0.0, 0.0, 0.0, 0.0, 1.0],
                [1.0, 2e-06, 4e-06, 0.0, -3e-06, -0.568616, 0.822593, 0.375166, 4e-06, -0.82261, -0.568603, 0.0, 0.0, 0.0, 0.0, 1.0],
                [1.0, 2e-06, 4e-06, -0.0, -3e-06, -0.23144, 0.972831, 0.375166, 3e-06, -0.972866, -0.23143, -0.0, 0.0, 0.0, 0.0, 1.0],
                [1.0, 2e-06, 2e-06, 0.0, -2e-06, 0.653984, 0.756484, 0.375166, 0.0, -0.756531, 0.653999, -0.0, 0.0, 0.0, 0.0, 1.0],
