{
    "animation": [
        {
            "name": "Root",
            "time": [0.0, 0.0167, 0.0333, 0.05, 0.0667, 0.0833, 0.1, 0.1167, 0.1333, 0.15, 0.1667, 0.1833, 0.2, 0.2167, 0.2333, 0.25, 0.2667, 0.2833, 0.3, 0.3167, 0.3333, 0.35, 0.3667, 0.3833, 0.4, 0.4167, 0.4333, 0.45, 0.4667, 0.4833, 0.5, 0.5167, 0.5333, 0.55, 0.5667, 0.5833, 0.6, 0.6167, 0.6333, 0.65, 0.6667, 0.6833, 0.7, 0.7167, 0.7333, 0.75, 0.7667, 0.7833, 0.8, 0.8167, 0.8333, 0.85, 0.8667, 0.8833, 0.9, 0.9167, 0.9333, 0.95, 0.9667, 0.9833, 1.0, 1.0167, 1.0333, 1.05, 1.0667, 1.0833, 1.1, 1.1167, 1.1333, 1.15, 1.1667, 1.1833, 1.2, 1.2167, 1.2333, 1.25, 1.2667, 1.2833, 1.3, 1.3167, 1.3333, 1.35, 1.3667, 1.3833, 1.4, 1.4167],
            "transform": [
                [1.0, 0.0, -0.0, -5e-06, -0.0, 0.0, -1.0, 0.000946, 0.0, 1.0, 0.0, 0.699153, 0.0, 0.0, 0.0, 1.0],
                [1.0, 0.0, -0.0, -0.000414, -0.0, 0.0, -1.0, 0.006721, 0.0, 1.0, 0.0, 0.694761, 0.0, 0.0, 0.0, 1.0],
                [1.0, 0.0, -0.0, -0.001715, -0.0, 0.0, -1.0, 0.022984, 0.0, 1.0, 0.0, 0.681682, 0.0, 0.0, 0.0, 1.0],
                [1.0, 0.0, -0.0, -0.003785, -0.0, 0.0, -1.0, 0.043867, 0.0, 1.0, 0.0, 0.662993, 0.0, 0.0, 0.0, 1.0],
                [1.0, 0.0, -0.0, -0.006175, -0.0, 0.0, -1.0, 0.060131, 0.0, 1.0, 0.0, 0.644747, 0.0, 0.0, 0.0, 1.0],
                [1.0, 0.0, -0.0, -0.008435, -0.0, 0.0, -1.0, 0.065905, 0.0, 1.0, 0.0, 0.631562, 0.0, 0.0, 0.0, 1.0],
                [1.0, 0.0, -0.0, -0.010878, -0.0, 0.0, -1.0, 0.039114, 0.0, 1.0, 0.0, 0.621616, 0.0, 0.0, 0.0, 1.0],
                [1.0, 0.0, -0.0, -0.013412, -0.0, 0.0, -1.0, -0.039028, 0.0, 1.0, 0.0, 0.612176, 0.0, 0.0, 0.0, 1.0],
                [1.0, 0.0, -0.0, -0.016001, -0.0, 0.0, -1.0, -0.146556, 0.0, 1.0, 0.0, 0.604715, 0.0, 0.0, 0.0, 1.0],
                [1.0, 0.0, -0.0, -0.018573, -0.0, 0.0, -1.0, -0.244303, 0.0, 1.0, 0.0, 0.600357, 0.0, 0.0, 0.0, 1.0],
                [1.0, 0.0, -0.0, -0.021081, -0.0, 0.0, -1.0, -0.304451, 0.0, 1.0, 0.0, 0.599056, 0.0, 0.0, 0.0, 1.0],
                [1.0, 0.0, -0.0, -0.023975, -0.0, 0.0, -1.0, -0.337361, 0.0, 1.0, 0.0, 0.601444, 0.0, 0.0, 0.0, 1.0],
                [1.0, 0.0, -0.0, -0.027329, -0.0, 0.0, -1.0, -0.36229, 0.0, 1.0, 0.0, 0.607335, 0.0, 0.0, 0.0, 1.0],
                [1.0, 0.0, -0.0, -0.030659, -0.0, 0.0, -1.0, -0.380684, 0.0, 1.0, 0.0, 0.615214, 0.0, 0.0, 0.0, 1.0],
                [1.0, 0.0, -0.0, -0.033611, -0.0, 0.0, -1.0, -0.393668, 0.0, 1.0, 0.0, 0.623956, 0.0, 0.0, 0.0, 1.0],
                [1.0, 0.0, -0.0, -0.035929, -0.0, 0.0, -1.0, -0.402133, 0.0, 1.0, 0.0, 0.632715, 0.0, 0.0, 0.0, 1.0],
                [1.0, 0.0, -0.0, -0.03742, -0.0, 0.0, -1.0, -0.406795, 0.0, 1.0, 0.0, 0.640847, 0.0, 0.0, 0.0, 1.0],
                [1.0, 0.0, -0.0, -0.037942, -0.0, 0.0, -1.0, -0.408237, 0.0, 1.0, 0.0, 0.647859, 0.0, 0.0, 0.0, 1.0],
                [1.0, 0.0, -0.0, -0.03792, -0.0, 0.0, -1.0, -0.408097, 0.0, 1.0, 0.0, 0.654045, 0.0, 0.0, 0.0, 1.0],
                [1.0, 0.0, -0.0, -0.03779, -0.0, 0.0, -1.0, -0.40729, 0.0, 1.0, 0.0, 0.660005, 0.0, 0.0, 0.0, 1.0],
                [1.0, 0.0, -0.0, -0.037493, -0.0, 0.0, -1.0, -0.405445, 0.0, 1.0, 0.0, 0.665801, 0.0, 0.0, 0.0, 1.0],
                [1.0, 0.0, -0.0, -0.03699, -0.0, 0.0, -1.0, -0.402319, 0.0, 1.0, 0.0, 0.671466, 0.0, 0.0, 0.0, 1.0],
                [1.0, 0.0, -0.0, -0.036249, -0.0, 0.0, -1.0, -0.397717, 0.0, 1.0, 0.0, 0.677021, 0.0, 0.0, 0.0, 1.0],
                [1.0, 0.0, -0.0, -0.035241, -0.0, 0.0, -1.0, -0.391459, 0.0, 1.0, 0.0, 0.682478, 0.0, 0.0, 0.0, 1.0],
                [1.0, 0.0, -0.0, -0.033939, -0.0, 0.0, -1.0, -0.383367, 0.0, 1.0, 0.0, 0.687845, 0.0, 0.0, 0.0, 1.0],
                [1.0, 0.0, -0.0, -0.032309, -0.0, 0.0, -1.0, -0.373247, 0.0, 1.0, 0.0, 0.693126, 0.0, 0.0, 0.0, 1.0],
                [1.0, 0.0, -0.0, -0.027827, -0.0, 0.0, -1.0, -0.356288, 0.0, 1.0, 0.0, 0.69889, 0.0, 0.0, 0.0, 1.0],
                [1.0, 0.0, -0.0, -0.021901, -0.0, 0.0, -1.0, -0.342595, 0.0, 1.0, 0.0, 0.705592, 0.0, 0.0, 0.0, 1.0],
                [1.0, 0.0, -0.0, -0.013113, -0.0, 0.0, -1.0, -0.32079, 0.0, 1.0, 0.0, 0.711807, 0.0, 0.0, 0.0, 1.0],
                [1.0, 0.0, -0.0, -0.000742, -0.0, 0.0, -1.0, -0.279461, 0.0, 1.0, 0.0, 0.715902, 0.0, 0.0, 0.0, 1.0],
                [1.0, 0.0, -0.0, 0.014706, -0.0, 0.0, -1.0, -0.215482, 0.0, 1.0, 0.0, 0.717229, 0.0, 0.0, 0.0, 1.0],
                [1.0, 0.0, -0.0, 0.034004, -0.0, 0.0, -1.0, -0.129125, 0.0, 1.0, 0.0, 0.706824, 0.0, 0.0, 0.0, 1.0],
                [1.0, 0.0, -0.0, 0.0536, -0.0, 0.0, -1.0, -0.043427, 0.0, 1.0, 0.0, 0.675353, 0.0, 0.0, 0.0, 1.0],
                [1.0, 0.0, -0.0, 0.075826, -0.0, 0.0, -1.0, 0.059719, 0.0, 1.0, 0.0, 0.629141, 0.0, 0.0, 0.0, 1.0],
                [1.0, 0.0, -0.0, 0.102655, -0.0, 0.0, -1.0, 0.196747, 0.0, 1.0, 0.0, 0.581853, 0.0, 0.0, 0.0, 1.0],
                [1.0, 0.0, -0.0, 0.13426, -0.0, 0.0, -1.0, 0.370437, 0.0, 1.0, 0.0, 0.544537, 0.0, 0.0, 0.0, 1.0],
                [1.0, 0.0, -0.0, 0.188722, -0.0, 0.0, -1.0, 0.647611, 0.0, 1.0, 0.0, 0.508423, 0.0, 0.0, 0.0, 1.0],
                [1.0, 0.0, -0.0, 0.221201, -0.0, 0.0, -1.0, 0.896108, 0.0, 1.0, 0.0, 0.491064, 0.0, 0.0, 0.0, 1.0],
                [1.0, 0.0, -0.0, 0.220958, -0.0, 0.0, -1.0, 1.035652, 0.0, 1.0, 0.0, 0.495477, 0.0, 0.0, 0.0, 1.0],
                [1.0, 0.0, -0.0, 0.219206, -0.0, 0.0, -1.0, 1.134515, 0.0, 1.0, 0.0, 0.50704, 0.0, 0.0, 0.0, 1.0],
                [1.0, 0.0, -0.0, 0.21449, -0.0, 0.0, -1.0, 1.203127, 0.0, 1.0, 0.0, 0.522541, 0.0, 0.0, 0.0, 1.0],
                [1.0, 0.0, -0.0, 0.205757, -0.0, 0.0, -1.0, 1.254451, 0.0, 1.0, 0.0, 0.538557, 0.0, 0.0, 0.0, 1.0],
                [1.0, 0.0, -0.0, 0.192544, -0.0, 0.0, -1.0, 1.300582, 0.0, 1.0, 0.0, 0.552279, 0.0, 0.0, 0.0, 1.0],
                [1.0, 0.0, -0.0, 0.174892, -0.0, 0.0, -1.0, 1.350609, 0.0, 1.0, 0.0, 0.561888, 0.0, 0.0, 0.0, 1.0],
                [1.0, 0.0, -0.0, 0.117293, -0.0, 0.0, -1.0, 1.393208, 0.0, 1.0, 0.0, 0.567149, 0.0, 0.0, 0.0, 1.0],
                [1.0, 0.0, -0.0, 0.043647, -0.0, 0.0, -1.0, 1.429546, 0.0, 1.0, 0.0, 0.569791, 0.0, 0.0, 0.0, 1.0],
                [1.0, 0.0, -0.0, 0.013374, -0.0, 0.0, -1.0, 1.448206, 0.0, 1.0, 0.0, 0.570307, 0.0, 0.0, 0.0, 1.0],
                [1.0, 0.0, -0.0, 0.015555, -0.0, 0.0, -1.0, 1.455239, 0.0, 1.0, 0.0, 0.567969, 0.0, 0.0, 0.0, 1.0],
                [1.0, 0.0, -0.0, 0.019116, -0.0, 0.0, -1.0, 1.459783, 0.0, 1.0, 0.0, 0.564181, 0.0, 0.0, 0.0, 1.0],
                [1.0, 0.0, -0.0, 0.023076, -0.0, 0.0, -1.0, 1.463463, 0.0, 1.0, 0.0, 0.56, 0.0, 0.0, 0.0, 1.0],
                [1.0, 0.0, -0.0, 0.027201, -0.0, 0.0, -1.0, 1.466672, 0.0, 1.0, 0.0, 0.55568, 0.0, 0.0, 0.0, 1.0],
                [1.0, 0.0, -0.0, 0.031389, -0.0, 0.0, -1.0, 1.469578, 0.0, 1.0, 0.0, 0.55133, 0.0, 0.0, 0.0, 1.0],
                [1.0, 0.0, -0.0, 0.035582, -0.0, 0.0, -1.0, 1.472274, 0.0, 1.0, 0.0, 0.547011, 0.0, 0.0, 0.0, 1.0],
                [1.0, 0.0, -0.0, 0.039743, -0.0, 0.0, -1.0, 1.474818, 0.0, 1.0, 0.0, 0.542766, 0.0, 0.0, 0.0, 1.0],
                [1.0, 0.0, -0.0, 0.043844, -0.0, 0.0, -1.0, 1.477248, 0.0, 1.0, 0.0, 0.538626, 0.0, 0.0, 0.0, 1.0],
                [1.0, 0.0, -0.0, 0.047864, -0.0, 0.0, -1.0, 1.479593, 0.0, 1.0, 0.0, 0.534614, 0.0, 0.0, 0.0, 1.0],
                [1.0, 0.0, -0.0, 0.051784, -0.0, 0.0, -1.0, 1.481874, 0.0, 1.0, 0.0, 0.530755, 0.0, 0.0, 0.0, 1.0],
                [1.0, 0.0, -0.0, 0.055585, -0.0, 0.0, -1.0, 1.484108, 0.0, 1.0, 0.0, 0.527069, 0.0, 0.0, 0.0, 1.0],
                [1.0, 0.0, -0.0, 0.05925, -0.0, 0.0, -1.0, 1.48631, 0.0, 1.0, 0.0, 0.523578, 0.0, 0.0, 0.0, 1.0],
                [1.0, 0.0, -0.0, 0.062762, -0.0, 0.0, -1.0, 1.488492, 0.0, 1.0, 0.0, 0.520306, 0.0, 0.0, 0.0, 1.0],
                [1.0, 0.0, -0.0, 0.066101, -0.0, 0.0, -1.0, 1.490666, 0.0, 1.0, 0.0, 0.517274, 0.0, 0.0, 0.0, 1.0],
                [1.0, 0.0, -0.0, 0.069246, -0.0, 0.0, -1.0, 1.492842, 0.0, 1.0, 0.0, 0.514512, 0.0, 0.0, 0.0, 1.0],
                [1.0, 0.0, -0.0, 0.072176, -0.0, 0.0, -1.0, 1.49503, 0.0, 1.0, 0.0, 0.512048, 0.0, 0.0, 0.0, 1.0],
                [1.0, 0.0, -0.0, 0.074862, -0.0, 0.0, -1.0, 1.497242, 0.0, 1.0, 0.0, 0.509917, 0.0, 0.0, 0.0, 1.0],
                [1.0, 0.0, -0.0, 0.077276, -0.0, 0.0, -1.0, 1.499488, 0.0, 1.0, 0.0, 0.508159, 0.0, 0.0, 0.0, 1.0],
                [1.0, 0.0, -0.0, 0.079381, -0.0, 0.0, -1.0, 1.501781, 0.0, 1.0, 0.0, 0.506823, 0.0, 0.0, 0.0, 1.0],
                [1.0, 0.0, -0.0, 0.081132, -0.0, 0.0, -1.0, 1.504135, 0.0, 1.0, 0.0, 0.505967, 0.0, 0.0, 0.0, 1.0],
                [1.0, 0.0, -0.0, 0.082477, -0.0, 0.0, -1.0, 1.506566, 0.0, 1.0, 0.0, 0.505662, 0.0, 0.0, 0.0, 1.0],
                [1.0, 0.0, -0.0, 0.08328, -0.0, 0.0, -1.0, 1.509395, 0.0, 1.0, 0.0, 0.508054, 0.0, 0.0, 0.0, 1.0],
                [1.0, 0.0, -0.0, 0.084, -0.0, 0.0, -1.0, 1.512524, 0.0, 1.0, 0.0, 0.51208, 0.0, 0.0, 0.0, 1.0],
                [1.0, 0.0, -0.0, 0.084672, -0.0, 0.0, -1.0, 1.515677, 0.0, 1.0, 0.0, 0.516569, 0.0, 0.0, 0.0, 1.0],
                [1.0, 0.0, -0.0, 0.085306, -0.0, 0.0, -1.0, 1.518783, 0.0, 1.0, 0.0, 0.521217, 0.0, 0.0, 0.0, 1.0],
                [1.0, 0.0, -0.0, 0.085907, -0.0, 0.0, -1.0, 1.521807, 0.0, 1.0, 0.0, 0.525885, 0.0, 0.0, 0.0, 1.0],
                [1.0, 0.0, -0.0, 0.086476, -0.0, 0.0, -1.0, 1.524729, 0.0, 1.0, 0.0, 0.530494, 0.0, 0.0, 0.0, 1.0],
                [1.0, 0.0, -0.0, 0.087013, -0.0, 0.0, -1.0, 1.527534, 0.0, 1.0, 0.0, 0.534987, 0.0, 0.0, 0.0, 1.0],
                [1.0, 0.0, -0.0, 0.087518, -0.0, 0.0, -1.0, 1.530206, 0.0, 1.0, 0.0, 0.539321, 0.0, 0.0, 0.0, 1.0],
                [1.0, 0.0, -0.0, 0.08799, -0.0, 0.0, -1.0, 1.532731, 0.0, 1.0, 0.0, 0.543458, 0.0, 0.0, 0.0, 1.0],
                [1.0, 0.0, -0.0, 0.088428, -0.0, 0.0, -1.0, 1.535095, 0.0, 1.0, 0.0, 0.547363, 0.0, 0.0, 0.0, 1.0],
                [1.0, 0.0, -0.0, 0.08883, -0.0, 0.0, -1.0, 1.537281, 0.0, 1.0, 0.0, 0.551001, 0.0, 0.0, 0.0, 1.0],
                [1.0, 0.0, -0.0, 0.089194, -0.0, 0.0, -1.0, 1.539273, 0.0, 1.0, 0.0, 0.554335, 0.0, 0.0, 0.0, 1.0],
                [1.0, 0.0, -0.0, 0.089517, -0.0, 0.0, -1.0, 1.541049, 0.0, 1.0, 0.0, 0.557325, 0.0, 0.0, 0.0, 1.0],
                [1.0, 0.0, -0.0, 0.089794, -0.0, 0.0, -1.0, 1.542585, 0.0, 1.0, 0.0, 0.559923, 0.0, 0.0, 0.0, 1.0],
                [1.0, 0.0, -0.0, 0.090022, -0.0, 0.0, -1.0, 1.543854, 0.0, 1.0, 0.0, 0.562077, 0.0, 0.0, 0.0, 1.0],
                [1.0, 0.0, -0.0, 0.090195, -0.0, 0.0, -1.0, 1.54482, 0.0, 1.0, 0.0, 0.563724, 0.0, 0.0, 0.0, 1.0],
                [1.0, 0.0, -0.0, 0.090305, -0.0, 0.0, -1.0, 1.54544, 0.0, 1.0, 0.0, 0.564785, 0.0, 0.0, 0.0, 1.0],
                [1.0, 0.0, -0.0, 0.090345, -0.0, 0.0, -1.0, 1.545661, 0.0, 1.0, 0.0, 0.565165, 0.0, 0.0, 0.0, 1.0]
            ]
        },
        {
            "name": "Thigh_R",
            "time": [0.0, 0.0167, 0.0333, 0.05, 0.0667, 0.0833, 0.1, 0.1167, 0.1333, 0.15, 0.1667, 0.1833, 0.2, 0.2167, 0.2333, 0.25, 0.2667, 0.2833, 0.3, 0.3167, 0.3333, 0.35, 0.3667, 0.3833, 0.4, 0.4167, 0.4333, 0.45, 0.4667, 0.4833, 0.5, 0.5167, 0.5333, 0.55, 0.5667, 0.5833, 0.6, 0.6167, 0.6333, 0.65, 0.6667, 0.6833, 0.7, 0.7167, 0.7333, 0.75, 0.7667, 0.7833, 0.8, 0.8167, 0.8333, 0.85, 0.8667, 0.8833, 0.9, 0.9167, 0.9333, 0.95, 0.9667, 0.9833, 1.0, 1.0167, 1.0333, 1.05, 1.0667, 1.0833, 1.1, 1.1167, 1.1333, 1.15, 1.1667, 1.1833, 1.2, 1.2167, 1.2333, 1.25, 1.2667, 1.2833, 1.3, 1.3167, 1.3333, 1.35, 1.3667, 1.3833, 1.4, 1.4167],
            "transform": [
                [0.951813, 0.15821, 0.262707, 0.114686, 0.122418, -0.981451, 0.147531, 0.003069, 0.281185, -0.108249, -0.953493, 0.087006, 0.0, 0.0, 0.0, 1.0],
                [0.951004, 0.162951, 0.262738, 0.114686, 0.126323, -0.980451, 0.150848, 0.003069, 0.282193, -0.110254, -0.952965, 0.087006, 0.0, 0.0, 0.0, 1.0],
                [0.948473, 0.176677, 0.263017, 0.114686, 0.138061, -0.977604, 0.15883, 0.003069, 0.285199, -0.114319, -0.951591, 0.087006, 0.0, 0.0, 0.0, 1.0],
                [0.944525, 0.19588, 0.263622, 0.114686, 0.155121, -0.973569, 0.167625, 0.003069, 0.289499, -0.117417, -0.949914, 0.087006, 0.0, 0.0, 0.0, 1.0],
                [0.940416, 0.215045, 0.263373, 0.114686, 0.171565, -0.968866, 0.178496, 0.003069, 0.293569, -0.122658, -0.948001, 0.087006, 0.0, 0.0, 0.0, 1.0],
                [0.937654, 0.230147, 0.260443, 0.114686, 0.181997, -0.96352, 0.196219, 0.003069, 0.296112, -0.136569, -0.945305, 0.087006, 0.0, 0.0, 0.0, 1.0],
                [0.939399, 0.244098, 0.240705, 0.114686, 0.175449, -0.945543, 0.274157, 0.003069, 0.294529, -0.215295, -0.93104, 0.087006, 0.0, 0.0, 0.0, 1.0],
                [0.947268, 0.251773, 0.198211, 0.114686, 0.143349, -0.886189, 0.440583, 0.003069, 0.28659, -0.388924, -0.875522, 0.087006, 0.0, 0.0, 0.0, 1.0],
                [0.956383, 0.245547, 0.158224, 0.114686, 0.09845, -0.780924, 0.616811, 0.003069, 0.275027, -0.574322, -0.771007, 0.087006, 0.0, 0.0, 0.0, 1.0],
                [0.96244, 0.233266, 0.1389, 0.114686, 0.0602, -0.682262, 0.728614, 0.003069, 0.264737, -0.692883, -0.670648, 0.087006, 0.0, 0.0, 0.0, 1.0],
                [0.965099, 0.224824, 0.134296, 0.114686, 0.039264, -0.631254, 0.774569, 0.003069, 0.258926, -0.742263, -0.618019, 0.087006, 0.0, 0.0, 0.0, 1.0],
                [0.966092, 0.22031, 0.134633, 0.114686, 0.030344, -0.614731, 0.788139, 0.003069, 0.256407, -0.757333, -0.600541, 0.087006, 0.0, 0.0, 0.0, 1.0],
                [0.966616, 0.21617, 0.137554, 0.114686, 0.025334, -0.61487, 0.788207, 0.003069, 0.254974, -0.758413, -0.599788, 0.087006, 0.0, 0.0, 0.0, 1.0],
                [0.966867, 0.212105, 0.142042, 0.114686, 0.022861, -0.626155, 0.779349, 0.003069, 0.254253, -0.750286, -0.610226, 0.087006, 0.0, 0.0, 0.0, 1.0],
                [0.966965, 0.207966, 0.147394, 0.114686, 0.02191, -0.643927, 0.764758, 0.003069, 0.253965, -0.736272, -0.627179, 0.087006, 0.0, 0.0, 0.0, 1.0],
                [0.966986, 0.203693, 0.153117, 0.114686, 0.021749, -0.664667, 0.746808, 0.003069, 0.253901, -0.71883, -0.647121, 0.087006, 0.0, 0.0, 0.0, 1.0],
                [0.966981, 0.199363, 0.158745, 0.114686, 0.021846, -0.685478, 0.72775, 0.003069, 0.253912, -0.700261, -0.667166, 0.087006, 0.0, 0.0, 0.0, 1.0],
                [0.966988, 0.195119, 0.163892, 0.114686, 0.021812, -0.704209, 0.709643, 0.003069, 0.253888, -0.682649, -0.685184, 0.087006, 0.0, 0.0, 0.0, 1.0],
                [0.967004, 0.191028, 0.168547, 0.11466, 0.021674, -0.720912, 0.692672, 0.003036, 0.253837, -0.666173, -0.701232, 0.086988, 0.0, 0.0, 0.0, 1.0],
                [0.966998, 0.187109, 0.172922, 0.11455, 0.021771, -0.736931, 0.675603, 0.002892, 0.253853, -0.649551, -0.71665, 0.086913, 0.0, 0.0, 0.0, 1.0],
                [0.966961, 0.183449, 0.177, 0.114337, 0.02217, -0.752245, 0.658496, 0.002614, 0.253958, -0.632825, -0.731425, 0.086768, 0.0, 0.0, 0.0, 1.0],
                [0.96689, 0.180141, 0.180744, 0.114015, 0.022911, -0.766721, 0.641557, 0.002194, 0.254161, -0.616184, -0.745429, 0.086548, 0.0, 0.0, 0.0, 1.0],
                [0.966781, 0.177267, 0.184137, 0.113577, 0.024026, -0.780268, 0.62497, 0.001623, 0.254473, -0.599794, -0.758574, 0.08625, 0.0, 0.0, 0.0, 1.0],
                [0.96663, 0.1749, 0.187174, 0.113015, 0.025549, -0.792847, 0.608871, 0.00089, 0.254902, -0.583779, -0.770824, 0.085867, 0.0, 0.0, 0.0, 1.0],
                [0.966428, 0.173152, 0.189819, 0.11232, 0.02752, -0.804318, 0.593548, -1.6e-05, 0.255459, -0.568406, -0.782046, 0.085393, 0.0, 0.0, 0.0, 1.0],
                [0.96617, 0.172052, 0.192119, 0.11148, 0.029984, -0.814838, 0.5789, -0.001112, 0.256157, -0.553563, -0.792397, 0.08482, 0.0, 0.0, 0.0, 1.0],
                [0.966025, 0.16961, 0.194999, 0.110479, 0.031351, -0.825861, 0.56299, -0.002417, 0.25654, -0.537755, -0.803085, 0.084139, 0.0, 0.0, 0.0, 1.0],
                [0.966174, 0.163421, 0.199492, 0.109302, 0.02998, -0.83952, 0.542489, -0.003953, 0.256142, -0.518164, -0.815987, 0.083336, 0.0, 0.0, 0.0, 1.0],
                [0.966382, 0.15664, 0.203876, 0.107925, 0.028032, -0.85245, 0.522047, -0.005749, 0.255577, -0.498787, -0.828148, 0.082397, 0.0, 0.0, 0.0, 1.0],
                [0.966328, 0.151383, 0.208061, 0.10632, 0.028582, -0.86677, 0.49788, -0.007842, 0.255722, -0.47517, -0.841876, 0.081303, 0.0, 0.0, 0.0, 1.0],
                [0.96579, 0.145162, 0.214881, 0.10445, 0.033642, -0.891778, 0.451215, -0.01028, 0.257135, -0.428548, -0.866118, 0.080029, 0.0, 0.0, 0.0, 1.0],
                [0.964257, 0.144081, 0.222361, 0.100049, 0.046798, -0.918645, 0.392299, -0.01608, 0.260803, -0.367863, -0.892518, 0.078213, 0.0, 0.0, 0.0, 1.0],
                [0.961674, 0.15224, 0.228037, 0.093801, 0.066105, -0.935888, 0.346033, -0.024369, 0.266108, -0.317684, -0.910052, 0.076771, 0.0, 0.0, 0.0, 1.0],
                [0.956606, 0.155625, 0.246331, 0.087321, 0.097618, -0.967728, 0.232307, -0.032933, 0.274545, -0.198161, -0.9409, 0.074582, 0.0, 0.0, 0.0, 1.0],
                [0.945824, 0.130167, 0.297434, 0.082752, 0.149909, -0.987694, -0.044424, -0.038843, 0.288002, 0.08663, -0.953675, 0.070498, 0.0, 0.0, 0.0, 1.0],
                [0.921988, 0.00063, 0.387204, 0.081208, 0.234153, -0.797355, -0.556205, -0.040594, 0.3084, 0.603509, -0.735277, 0.064186, 0.0, 0.0, 0.0, 1.0],
                [0.862975, -0.077881, 0.499188, 0.081206, 0.352173, -0.615748, -0.704834, 0.011747, 0.362281, 0.784086, -0.503927, -0.035637, 0.0, 0.0, 0.0, 1.0],
                [0.838884, 0.145377, 0.524516, 0.081208, 0.36406, -0.86625, -0.342126, 0.063633, 0.40464, 0.477988, -0.77959, -0.126143, 0.0, 0.0, 0.0, 1.0],
                [0.889887, 0.266623, 0.370134, 0.082011, 0.269399, -0.961957, 0.045272, 0.061678, 0.368137, 0.059451, -0.927842, -0.124131, 0.0, 0.0, 0.0, 1.0],
                [0.952157, 0.239222, 0.190166, 0.084177, 0.152875, -0.911668, 0.381421, 0.05641, 0.264623, -0.334083, -0.9046, -0.118711, 0.0, 0.0, 0.0, 1.0],
                [0.989102, 0.144749, 0.026917, 0.087206, 0.093528, -0.758931, 0.644411, 0.049041, 0.11371, -0.634858, -0.764172, -0.111128, 0.0, 0.0, 0.0, 1.0],
                [0.991919, 0.044543, -0.118792, 0.090542, 0.121098, -0.611634, 0.781806, 0.040926, -0.037835, -0.789871, -0.612057, -0.102777, 0.0, 0.0, 0.0, 1.0],
                [0.967584, -0.016484, -0.252002, 0.093706, 0.201838, -0.549296, 0.810871, 0.033229, -0.151797, -0.835454, -0.528133, -0.094857, 0.0, 0.0, 0.0, 1.0],
                [0.933745, -0.020825, -0.357321, 0.09637, 0.28572, -0.557954, 0.779119, 0.026748, -0.215603, -0.829602, -0.515006, -0.088189, 0.0, 0.0, 0.0, 1.0],
                [0.889896, 0.069561, -0.450813, 0.099188, 0.396781, -0.605627, 0.689753, 0.019891, -0.225054, -0.792698, -0.566514, -0.081133, 0.0, 0.0, 0.0, 1.0],
                [0.843485, 0.217011, -0.491349, 0.101873, 0.494274, -0.671704, 0.551808, 0.01336, -0.210301, -0.70832, -0.673803, -0.074413, 0.0, 0.0, 0.0, 1.0],
                [0.825604, 0.292435, -0.482539, 0.102848, 0.526881, -0.705604, 0.473821, 0.010988, -0.201929, -0.645448, -0.736596, -0.071972, 0.0, 0.0, 0.0, 1.0],
                [0.82823, 0.269575, -0.491273, 0.102848, 0.523438, -0.685223, 0.506427, 0.010988, -0.20012, -0.676606, -0.708596, -0.071972, 0.0, 0.0, 0.0, 1.0],
                [0.83027, 0.248309, -0.498977, 0.102848, 0.520527, -0.665509, 0.534916, 0.010988, -0.199257, -0.703873, -0.681772, -0.071972, 0.0, 0.0, 0.0, 1.0],
                [0.832161, 0.229178, -0.504944, 0.102848, 0.517732, -0.647291, 0.559421, 0.010988, -0.198648, -0.726971, -0.657272, -0.071972, 0.0, 0.0, 0.0, 1.0],
                [0.834004, 0.211706, -0.50951, 0.102848, 0.514959, -0.630258, 0.581013, 0.010988, -0.198127, -0.746961, -0.634626, -0.071973, 0.0, 0.0, 0.0, 1.0],
                [0.835842, 0.195609, -0.512922, 0.102848, 0.512165, -0.614219, 0.600337, 0.010988, -0.197624, -0.764504, -0.613543, -0.071973, 0.0, 0.0, 0.0, 1.0],
                [0.837698, 0.180653, -0.515374, 0.102848, 0.509329, -0.598998, 0.617874, 0.010988, -0.197096, -0.780102, -0.593759, -0.071972, 0.0, 0.0, 0.0, 1.0],
                [0.839587, 0.16674, -0.516987, 0.102848, 0.506435, -0.584544, 0.633888, 0.010988, -0.196515, -0.794039, -0.575187, -0.071973, 0.0, 0.0, 0.0, 1.0],
                [0.841519, 0.153745, -0.517873, 0.102848, 0.503474, -0.57075, 0.648645, 0.010988, -0.195859, -0.806597, -0.557672, -0.071973, 0.0, 0.0, 0.0, 1.0],
                [0.843502, 0.141656, -0.518094, 0.102848, 0.500437, -0.557644, 0.662251, 0.010988, -0.195109, -0.817898, -0.541233, -0.071973, 0.0, 0.0, 0.0, 1.0],
                [0.845543, 0.130412, -0.517719, 0.102848, 0.497318, -0.545174, 0.674863, 0.010988, -0.194245, -0.828111, -0.525794, -0.071973, 0.0, 0.0, 0.0, 1.0],
                [0.847648, 0.120012, -0.516792, 0.102848, 0.494112, -0.533364, 0.686553, 0.010988, -0.193252, -0.837323, -0.511374, -0.071973, 0.0, 0.0, 0.0, 1.0],
                [0.849822, 0.110382, -0.515367, 0.102848, 0.490813, -0.522129, 0.697469, 0.010988, -0.192108, -0.845687, -0.497863, -0.071973, 0.0, 0.0, 0.0, 1.0],
                [0.852069, 0.101628, -0.513454, 0.102848, 0.487418, -0.511624, 0.707562, 0.010988, -0.190795, -0.853171, -0.485443, -0.071973, 0.0, 0.0, 0.0, 1.0],
                [0.854393, 0.093726, -0.511089, 0.102848, 0.483923, -0.501823, 0.716917, 0.010988, -0.18929, -0.85987, -0.47408, -0.071972, 0.0, 0.0, 0.0, 1.0],
                [0.8568, 0.086707, -0.508292, 0.102848, 0.480325, -0.492774, 0.725562, 0.010988, -0.18757, -0.86582, -0.463825, -0.071973, 0.0, 0.0, 0.0, 1.0],
                [0.859292, 0.080613, -0.505077, 0.102848, 0.476621, -0.484534, 0.73351, 0.010988, -0.185604, -0.871043, -0.454748, -0.071973, 0.0, 0.0, 0.0, 1.0],
                [0.861875, 0.075469, -0.501459, 0.102848, 0.472811, -0.477131, 0.740792, 0.010988, -0.183363, -0.875578, -0.44688, -0.071973, 0.0, 0.0, 0.0, 1.0],
                [0.864551, 0.071412, -0.497431, 0.102848, 0.468893, -0.470756, 0.747332, 0.010988, -0.180808, -0.879361, -0.440447, -0.071973, 0.0, 0.0, 0.0, 1.0],
                [0.867324, 0.068496, -0.492993, 0.102848, 0.464868, -0.465469, 0.753135, 0.010988, -0.177894, -0.882402, -0.435524, -0.071973, 0.0, 0.0, 0.0, 1.0],
                [0.870199, 0.066832, -0.488132, 0.102848, 0.460738, -0.461413, 0.758152, 0.010988, -0.17457, -0.884656, -0.432283, -0.071973, 0.0, 0.0, 0.0, 1.0],
                [0.873178, 0.066562, -0.482821, 0.102848, 0.456507, -0.458767, 0.762306, 0.010988, -0.170769, -0.886052, -0.430941, -0.071973, 0.0, 0.0, 0.0, 1.0],
                [0.878212, 0.071313, -0.472911, 0.102848, 0.44937, -0.461559, 0.764857, 0.010988, -0.163739, -0.88423, -0.437363, -0.071973, 0.0, 0.0, 0.0, 1.0],
                [0.884119, 0.078238, -0.460651, 0.102848, 0.440602, -0.467829, 0.766147, 0.010988, -0.155571, -0.880341, -0.448058, -0.071973, 0.0, 0.0, 0.0, 1.0],
                [0.890003, 0.085693, -0.447817, 0.102848, 0.431562, -0.475264, 0.766716, 0.010988, -0.147135, -0.875652, -0.459938, -0.071973, 0.0, 0.0, 0.0, 1.0],
                [0.895643, 0.093242, -0.434877, 0.102848, 0.422603, -0.483251, 0.766715, 0.010988, -0.138671, -0.870495, -0.472194, -0.071972, 0.0, 0.0, 0.0, 1.0],
                [0.900955, 0.100685, -0.422057, 0.102848, 0.413886, -0.491501, 0.766225, 0.010988, -0.1303, -0.865029, -0.484462, -0.071972, 0.0, 0.0, 0.0, 1.0],
                [0.905901, 0.107906, -0.4095, 0.102848, 0.405504, -0.499838, 0.765313, 0.010988, -0.122107, -0.859363, -0.496529, -0.071973, 0.0, 0.0, 0.0, 1.0],
                [0.910465, 0.114867, -0.397303, 0.102848, 0.397517, -0.508211, 0.763988, 0.010988, -0.114162, -0.85353, -0.508339, -0.071973, 0.0, 0.0, 0.0, 1.0],
                [0.914644, 0.121415, -0.385586, 0.102848, 0.389972, -0.516333, 0.762429, 0.010988, -0.106525, -0.84773, -0.519578, -0.071973, 0.0, 0.0, 0.0, 1.0],
                [0.918439, 0.127574, -0.374416, 0.102848, 0.382908, -0.524239, 0.760612, 0.010988, -0.099253, -0.841953, -0.530299, -0.071973, 0.0, 0.0, 0.0, 1.0],
                [0.921854, 0.133291, -0.363884, 0.102848, 0.376359, -0.531811, 0.758622, 0.010988, -0.092405, -0.8363, -0.540385, -0.071973, 0.0, 0.0, 0.0, 1.0],
                [0.924895, 0.138528, -0.354081, 0.102848, 0.370361, -0.538956, 0.756529, 0.010988, -0.086038, -0.830857, -0.549751, -0.071973, 0.0, 0.0, 0.0, 1.0],
                [0.927565, 0.14325, -0.345104, 0.102848, 0.36495, -0.545579, 0.754408, 0.010988, -0.080216, -0.825718, -0.558307, -0.071973, 0.0, 0.0, 0.0, 1.0],
                [0.929867, 0.147419, -0.33706, 0.102848, 0.360168, -0.551577, 0.752342, 0.010988, -0.075008, -0.820987, -0.565956, -0.071973, 0.0, 0.0, 0.0, 1.0],
                [0.931799, 0.150992, -0.330072, 0.102848, 0.356065, -0.556836, 0.750419, 0.010988, -0.070492, -0.816776, -0.572589, -0.071973, 0.0, 0.0, 0.0, 1.0],
                [0.933352, 0.153918, -0.324282, 0.102848, 0.352702, -0.561227, 0.748734, 0.010988, -0.066756, -0.813217, -0.578077, -0.071973, 0.0, 0.0, 0.0, 1.0],
                [0.934509, 0.156131, -0.319861, 0.102848, 0.350155, -0.564604, 0.747389, 0.010988, -0.063907, -0.810453, -0.582265, -0.071973, 0.0, 0.0, 0.0, 1.0],
                [0.935242, 0.157546, -0.317014, 0.102848, 0.348526, -0.566789, 0.746496, 0.010988, -0.062075, -0.808652, -0.584961, -0.071973, 0.0, 0.0, 0.0, 1.0],
                [0.935501, 0.15805, -0.315996, 0.102848, 0.347945, -0.567573, 0.746172, 0.010988, -0.061421, -0.808004, -0.585925, -0.071973, 0.0, 0.0, 0.0, 1.0]
            ]
        },
        {
            "name": "Leg_R",
            "time": [0.0, 0.0167, 0.0333, 0.05, 0.0667, 0.0833, 0.1, 0.1167, 0.1333, 0.15, 0.1667, 0.1833, 0.2, 0.2167, 0.2333, 0.25, 0.2667, 0.2833, 0.3, 0.3167, 0.3333, 0.35, 0.3667, 0.3833, 0.4, 0.4167, 0.4333, 0.45, 0.4667, 0.4833, 0.5, 0.5167, 0.5333, 0.55, 0.5667, 0.5833, 0.6, 0.6167, 0.6333, 0.65, 0.6667, 0.6833, 0.7, 0.7167, 0.7333, 0.75, 0.7667, 0.7833, 0.8, 0.8167, 0.8333, 0.85, 0.8667, 0.8833, 0.9, 0.9167, 0.9333, 0.95, 0.9667, 0.9833, 1.0, 1.0167, 1.0333, 1.05, 1.0667, 1.0833, 1.1, 1.1167, 1.1333, 1.15, 1.1667, 1.1833, 1.2, 1.2167, 1.2333, 1.25, 1.2667, 1.2833, 1.3, 1.3167, 1.3333, 1.35, 1.3667, 1.3833, 1.4, 1.4167],
            "transform": [
                [1.0, -0.000697, -0.000359, 0.0, 0.000769, 0.781683, 0.623658, 0.375166, -0.000154, -0.62369, 0.781693, 0.0, 0.0, 0.0, 0.0, 1.0],
                [1.0, -0.000718, -0.000376, -0.0, 0.000792, 0.766573, 0.642138, 0.375166, -0.000173, -0.64217, 0.766584, 0.0, 0.0, 0.0, 0.0, 1.0],
                [1.0, -0.000773, -0.000425, 0.0, 0.000852, 0.72292, 0.690912, 0.375166, -0.000227, -0.690947, 0.722932, 0.0, 0.0, 0.0, 0.0, 1.0],
                [1.0, -0.000837, -0.000492, -0.0, 0.000924, 0.662683, 0.748881, 0.375166, -0.000301, -0.748917, 0.662696, 0.0, 0.0, 0.0, 0.0, 1.0],
                [0.999999, -0.000892, -0.000559, 0.0, 0.000984, 0.603174, 0.79759, 0.375166, -0.000374, -0.797628, 0.603188, -0.0, 0.0, 0.0, 0.0, 1.0],
                [0.999999, -0.000931, -0.000614, -0.0, 0.001027, 0.553824, 0.832615, 0.375166, -0.000435, -0.832653, 0.553838, -0.0, 0.0, 0.0, 0.0, 1.0],
                [0.999999, -0.000985, -0.000705, 0.0, 0.001087, 0.472576, 0.881272, 0.375166, -0.000535, -0.88131, 0.472589, -0.0, 0.0, 0.0, 0.0, 1.0],
                [0.999999, -0.001048, -0.000842, 0.0, 0.001155, 0.34978, 0.936815, 0.375166, -0.000687, -0.936852, 0.349793, -0.0, 0.0, 0.0, 0.0, 1.0],
                [0.999999, -0.001075, -0.000925, -0.0, 0.001186, 0.275425, 0.961306, 0.375166, -0.000779, -0.961342, 0.275437, -0.0, 0.0, 0.0, 0.0, 1.0],
                [0.999999, -0.00107, -0.000909, 0.0, 0.00118, 0.289767, 0.957081, 0.375166, -0.000761, -0.957117, 0.289779, -0.0, 0.0, 0.0, 0.0, 1.0],
                [0.999999, -0.001052, -0.000855, -0.0, 0.001161, 0.338555, 0.94093, 0.375166, -0.000701, -0.940967, 0.338568, 0.0, 0.0, 0.0, 0.0, 1.0],
                [0.999999, -0.00103, -0.000797, 0.0, 0.001136, 0.390016, 0.920791, 0.375166, -0.000637, -0.920828, 0.390029, -0.0, 0.0, 0.0, 0.0, 1.0],
                [0.999999, -0.000998, -0.000728, -0.0, 0.0011, 0.451937, 0.892032, 0.375166, -0.000561, -0.892069, 0.451951, -0.0, 0.0, 0.0, 0.0, 1.0],
                [0.999999, -0.000958, -0.000656, 0.0, 0.001056, 0.516365, 0.85635, 0.375166, -0.000481, -0.856387, 0.516379, -0.0, 0.0, 0.0, 0.0, 1.0],
                [0.999999, -0.000913, -0.000587, 0.0, 0.001007, 0.577722, 0.816215, 0.375166, -0.000406, -0.816252, 0.577735, -0.0, 0.0, 0.0, 0.0, 1.0],
                [0.999999, -0.000866, -0.000526, 0.0, 0.000955, 0.632501, 0.774541, 0.375166, -0.000338, -0.774577, 0.632514, -0.0, 0.0, 0.0, 0.0, 1.0],
                [1.0, -0.000822, -0.000475, 0.0, 0.000907, 0.678028, 0.735017, 0.375166, -0.000282, -0.735053, 0.67804, 0.0, 0.0, 0.0, 0.0, 1.0],
                [1.0, -0.000784, -0.000436, -0.0, 0.000865, 0.712681, 0.701469, 0.375166, -0.000239, -0.701503, 0.712693, -0.0, 0.0, 0.0, 0.0, 1.0],
                [1.0, -0.000752, -0.000405, 0.0, 0.000829, 0.740413, 0.672134, 0.375166, -0.000205, -0.672167, 0.740424, -0.0, 0.0, 0.0, 0.0, 1.0],
                [1.0, -0.000719, -0.000377, -0.0, 0.000793, 0.765539, 0.643371, 0.375166, -0.000174, -0.643403, 0.765549, -0.0, 0.0, 0.0, 0.0, 1.0],
                [1.0, -0.000689, -0.000353, -0.0, 0.00076, 0.787521, 0.61627, 0.375166, -0.000147, -0.6163, 0.787531, 0.0, 0.0, 0.0, 0.0, 1.0],
                [1.0, -0.000662, -0.000332, -0.0, 0.00073, 0.805941, 0.591978, 0.375166, -0.000124, -0.592007, 0.80595, -0.0, 0.0, 0.0, 0.0, 1.0],
                [1.0, -0.000639, -0.000316, -0.0, 0.000705, 0.820589, 0.571502, 0.375166, -0.000106, -0.57153, 0.820598, -0.0, 0.0, 0.0, 0.0, 1.0],
                [1.0, -0.000621, -0.000304, 0.0, 0.000685, 0.831371, 0.555701, 0.375166, -9.3e-05, -0.555729, 0.831379, 0.0, 0.0, 0.0, 0.0, 1.0],
                [1.0, -0.00061, -0.000296, 0.0, 0.000673, 0.837961, 0.545713, 0.375166, -8.5e-05, -0.54574, 0.837969, 0.0, 0.0, 0.0, 0.0, 1.0],
                [1.0, -0.000606, -0.000293, 0.0, 0.000668, 0.840459, 0.541858, 0.375166, -8.2e-05, -0.541885, 0.840467, 0.0, 0.0, 0.0, 0.0, 1.0],
                [1.0, -0.000618, -0.000301, 0.0, 0.000681, 0.833602, 0.552349, 0.375166, -9e-05, -0.552376, 0.83361, 0.0, 0.0, 0.0, 0.0, 1.0],
                [1.0, -0.000613, -0.000298, -0.0, 0.000677, 0.836122, 0.548527, 0.375166, -8.7e-05, -0.548554, 0.83613, -0.0, 0.0, 0.0, 0.0, 1.0],
                [1.0, -0.000631, -0.00031, -0.0, 0.000696, 0.825547, 0.564316, 0.375166, -0.0001, -0.564344, 0.825556, -0.0, 0.0, 0.0, 0.0, 1.0],
                [1.0, -0.00069, -0.000353, -0.0, 0.00076, 0.787292, 0.616563, 0.375166, -0.000147, -0.616593, 0.787302, 0.0, 0.0, 0.0, 0.0, 1.0],
                [1.0, -0.000758, -0.000411, 0.0, 0.000836, 0.735057, 0.677986, 0.375166, -0.000212, -0.67802, 0.735069, -0.0, 0.0, 0.0, 0.0, 1.0],
                [1.0, -0.000856, -0.000514, -0.0, 0.000944, 0.643488, 0.765438, 0.375166, -0.000325, -0.765474, 0.6435, -0.0, 0.0, 0.0, 0.0, 1.0],
                [0.999999, -0.000968, -0.000673, 0.0, 0.001067, 0.500955, 0.865455, 0.375166, -0.000501, -0.865493, 0.500969, 0.0, 0.0, 0.0, 0.0, 1.0],
                [0.999999, -0.00103, -0.000798, 0.0, 0.001136, 0.389109, 0.921174, 0.375166, -0.000638, -0.921212, 0.389122, 0.0, 0.0, 0.0, 0.0, 1.0],
                [0.999999, -0.000985, -0.000703, -0.0, 0.001086, 0.473765, 0.880632, 0.375166, -0.000534, -0.880672, 0.473779, 0.0, 0.0, 0.0, 0.0, 1.0],
                [1.0, -0.000439, -0.000205, -0.0, 0.000484, 0.919724, 0.392553, 0.375166, 1.6e-05, -0.392571, 0.919728, 0.0, 0.0, 0.0, 0.0, 1.0],
                [1.0, -6e-06, -0.000115, 0.0, 7e-06, 0.999986, 0.005398, 0.375166, 0.000115, -0.005386, 0.999986, 0.0, 0.0, 0.0, 0.0, 1.0],
                [1.0, -0.000708, -0.000368, -0.0, 0.000781, 0.773679, 0.633558, 0.375166, -0.000164, -0.633592, 0.77369, 0.0, 0.0, 0.0, 0.0, 1.0],
                [0.999999, -0.00105, -0.00085, 0.0, 0.001159, 0.342839, 0.939376, 0.375166, -0.000695, -0.939415, 0.342852, -0.0, 0.0, 0.0, 0.0, 1.0],
                [0.999999, -0.001114, -0.00114, -0.0, 0.001229, 0.083663, 0.996478, 0.375166, -0.001015, -0.996513, 0.083673, 0.0, 0.0, 0.0, 0.0, 1.0],
                [0.999999, -0.001118, -0.001224, 0.0, 0.001233, 0.008541, 0.999948, 0.375166, -0.001108, -0.999981, 0.008551, 0.0, 0.0, 0.0, 0.0, 1.0],
                [0.999999, -0.001113, -0.00112, 0.0, 0.001227, 0.101114, 0.994859, 0.375166, -0.000994, -0.994893, 0.101125, 0.0, 0.0, 0.0, 0.0, 1.0],
                [0.999999, -0.001068, -0.000901, -0.0, 0.001178, 0.296779, 0.95493, 0.375166, -0.000752, -0.954966, 0.296791, -0.0, 0.0, 0.0, 0.0, 1.0],
                [0.999999, -0.000966, -0.000671, -0.0, 0.001066, 0.50303, 0.86425, 0.375166, -0.000498, -0.864288, 0.503043, -0.0, 0.0, 0.0, 0.0, 1.0],
                [1.0, -0.000786, -0.000438, 0.0, 0.000867, 0.711584, 0.702582, 0.375166, -0.000241, -0.702616, 0.711596, -0.0, 0.0, 0.0, 0.0, 1.0],
                [1.0, -0.000503, -0.000235, 0.0, 0.000555, 0.893122, 0.449799, 0.375166, -1.7e-05, -0.449821, 0.893128, 0.0, 0.0, 0.0, 0.0, 1.0],
                [1.0, -0.000324, -0.000163, 0.0, 0.000357, 0.95712, 0.289684, 0.375166, 6.2e-05, -0.289694, 0.957122, -0.0, 0.0, 0.0, 0.0, 1.0],
                [1.0, -0.000427, -0.0002, -0.0, 0.000471, 0.924139, 0.382044, 0.375166, 2.1e-05, -0.38206, 0.924143, 0.0, 0.0, 0.0, 0.0, 1.0],
                [1.0, -0.00051, -0.000238, 0.0, 0.000563, 0.889816, 0.456306, 0.375166, -2.1e-05, -0.456327, 0.889822, 0.0, 0.0, 0.0, 0.0, 1.0],
                [1.0, -0.000578, -0.000276, -0.0, 0.000638, 0.855916, 0.517098, 0.375166, -6.3e-05, -0.517123, 0.855924, -0.0, 0.0, 0.0, 0.0, 1.0],
                [1.0, -0.000636, -0.000313, -0.0, 0.000701, 0.822747, 0.56839, 0.375166, -0.000104, -0.568418, 0.822756, -0.0, 0.0, 0.0, 0.0, 1.0],
                [1.0, -0.000685, -0.000349, -0.0, 0.000755, 0.790508, 0.612434, 0.375166, -0.000143, -0.612465, 0.790517, -0.0, 0.0, 0.0, 0.0, 1.0],
                [0.999999, -0.000728, -0.000384, 0.0, 0.000803, 0.759211, 0.650826, 0.375166, -0.000182, -0.650858, 0.759222, 0.0, 0.0, 0.0, 0.0, 1.0],
                [1.0, -0.000765, -0.000418, -0.0, 0.000844, 0.728998, 0.684497, 0.375166, -0.000219, -0.684531, 0.729009, -0.0, 0.0, 0.0, 0.0, 1.0],
                [1.0, -0.000799, -0.000451, 0.0, 0.000881, 0.699811, 0.714308, 0.375166, -0.000255, -0.714343, 0.699823, 0.0, 0.0, 0.0, 0.0, 1.0],
                [0.999999, -0.000828, -0.000482, 0.0, 0.000914, 0.671818, 0.740697, 0.375166, -0.00029, -0.740732, 0.671831, 0.0, 0.0, 0.0, 0.0, 1.0],
                [1.0, -0.000855, -0.000512, 0.0, 0.000943, 0.644984, 0.764177, 0.375166, -0.000323, -0.764213, 0.644996, 0.0, 0.0, 0.0, 0.0, 1.0],
                [0.999999, -0.000878, -0.000541, -0.0, 0.000968, 0.619402, 0.785054, 0.375166, -0.000354, -0.785091, 0.619415, -0.0, 0.0, 0.0, 0.0, 1.0],
                [0.999999, -0.000899, -0.000568, 0.0, 0.000991, 0.59491, 0.803773, 0.375166, -0.000385, -0.80381, 0.594923, 0.0, 0.0, 0.0, 0.0, 1.0],
                [0.999999, -0.000917, -0.000594, 0.0, 0.001012, 0.571849, 0.82034, 0.375166, -0.000413, -0.820378, 0.571862, 0.0, 0.0, 0.0, 0.0, 1.0],
                [0.999999, -0.000934, -0.000618, -0.0, 0.00103, 0.550151, 0.835047, 0.375166, -0.00044, -0.835085, 0.550164, 0.0, 0.0, 0.0, 0.0, 1.0],
                [0.999999, -0.000948, -0.000641, -0.0, 0.001046, 0.52989, 0.848048, 0.375166, -0.000465, -0.848086, 0.529903, 0.0, 0.0, 0.0, 0.0, 1.0],
                [0.999999, -0.000961, -0.000662, 0.0, 0.00106, 0.511156, 0.859469, 0.375166, -0.000488, -0.859507, 0.51117, 0.0, 0.0, 0.0, 0.0, 1.0],
                [0.999999, -0.000972, -0.000681, 0.0, 0.001072, 0.493959, 0.869467, 0.375166, -0.000509, -0.869505, 0.493972, 0.0, 0.0, 0.0, 0.0, 1.0],
                [0.999999, -0.000982, -0.000698, -0.0, 0.001083, 0.478645, 0.87799, 0.375166, -0.000528, -0.878028, 0.478659, 0.0, 0.0, 0.0, 0.0, 1.0],
                [0.999999, -0.00099, -0.000713, -0.0, 0.001092, 0.46527, 0.885151, 0.375166, -0.000545, -0.885189, 0.465283, -0.0, 0.0, 0.0, 0.0, 1.0],
                [0.999999, -0.000996, -0.000726, 0.0, 0.001099, 0.454047, 0.89096, 0.375166, -0.000558, -0.890998, 0.45406, 0.0, 0.0, 0.0, 0.0, 1.0],
                [0.999999, -0.001001, -0.000735, 0.0, 0.001104, 0.445254, 0.895386, 0.375166, -0.000569, -0.895424, 0.445267, -0.0, 0.0, 0.0, 0.0, 1.0],
                [0.999999, -0.001001, -0.000735, -0.0, 0.001104, 0.446013, 0.895008, 0.375166, -0.000568, -0.895046, 0.446027, 0.0, 0.0, 0.0, 0.0, 1.0],
                [0.999999, -0.000997, -0.000728, 0.0, 0.0011, 0.452208, 0.891894, 0.375166, -0.000561, -0.891932, 0.452222, 0.0, 0.0, 0.0, 0.0, 1.0],
                [0.999999, -0.000993, -0.000719, 0.0, 0.001095, 0.460299, 0.887746, 0.375166, -0.000551, -0.887784, 0.460312, -0.0, 0.0, 0.0, 0.0, 1.0],
                [0.999999, -0.000987, -0.000708, 0.0, 0.001089, 0.469352, 0.882993, 0.375166, -0.000539, -0.883031, 0.469365, 0.0, 0.0, 0.0, 0.0, 1.0],
                [0.999999, -0.000982, -0.000698, -0.0, 0.001083, 0.478936, 0.877831, 0.375166, -0.000528, -0.877869, 0.47895, 0.0, 0.0, 0.0, 0.0, 1.0],
                [0.999999, -0.000976, -0.000687, 0.0, 0.001076, 0.488791, 0.872383, 0.375166, -0.000515, -0.87242, 0.488804, -0.0, 0.0, 0.0, 0.0, 1.0],
                [0.999999, -0.000969, -0.000675, 0.0, 0.001069, 0.49889, 0.866647, 0.375166, -0.000503, -0.866685, 0.498904, -0.0, 0.0, 0.0, 0.0, 1.0],
                [0.999999, -0.000963, -0.000664, -0.0, 0.001062, 0.508702, 0.860924, 0.375166, -0.000491, -0.860962, 0.508715, 0.0, 0.0, 0.0, 0.0, 1.0],
                [0.999999, -0.000956, -0.000654, 0.0, 0.001055, 0.518368, 0.855139, 0.375166, -0.000479, -0.855177, 0.518382, 0.0, 0.0, 0.0, 0.0, 1.0],
                [0.999999, -0.00095, -0.000643, -0.0, 0.001048, 0.527701, 0.849412, 0.375166, -0.000467, -0.849449, 0.527714, -0.0, 0.0, 0.0, 0.0, 1.0],
                [0.999999, -0.000944, -0.000633, -0.0, 0.001041, 0.536571, 0.843837, 0.375166, -0.000456, -0.843874, 0.536584, -0.0, 0.0, 0.0, 0.0, 1.0],
                [0.999999, -0.000938, -0.000624, -0.0, 0.001034, 0.544844, 0.838519, 0.375166, -0.000446, -0.838556, 0.544857, 0.0, 0.0, 0.0, 0.0, 1.0],
                [1.0, -0.000932, -0.000616, 0.0, 0.001028, 0.552379, 0.833574, 0.375166, -0.000437, -0.833612, 0.552392, -0.0, 0.0, 0.0, 0.0, 1.0],
                [0.999999, -0.000927, -0.000608, 0.0, 0.001023, 0.559017, 0.829137, 0.375166, -0.000429, -0.829174, 0.559031, 0.0, 0.0, 0.0, 0.0, 1.0],
                [0.999999, -0.000923, -0.000602, 0.0, 0.001018, 0.564585, 0.825356, 0.375167, -0.000422, -0.825393, 0.564598, -0.0, 0.0, 0.0, 0.0, 1.0],
                [0.999999, -0.00092, -0.000597, 0.0, 0.001014, 0.568881, 0.822401, 0.375166, -0.000417, -0.822439, 0.568894, -0.0, 0.0, 0.0, 0.0, 1.0],
                [0.999999, -0.000917, -0.000594, -0.0, 0.001012, 0.57167, 0.820465, 0.375166, -0.000413, -0.820502, 0.571683, 0.0, 0.0, 0.0, 0.0, 1.0],
                [0.999999, -0.000917, -0.000593, 0.0, 0.001011, 0.572671, 0.819766, 0.375166, -0.000412, -0.819803, 0.572685, 0.0, 0.0, 0.0, 0.0, 1.0]
            ]
        },
        {
            "name": "Knee_R",
            "time": [0.0, 0.0167, 0.0333, 0.05, 0.0667, 0.0833, 0.1, 0.1167, 0.1333, 0.15, 0.1667, 0.1833, 0.2, 0.2167, 0.2333, 0.25, 0.2667, 0.2833, 0.3, 0.3167, 0.3333, 0.35, 0.3667, 0.3833, 0.4, 0.4167, 0.4333, 0.45, 0.4667, 0.4833, 0.5, 0.5167, 0.5333, 0.55, 0.5667, 0.5833, 0.6, 0.6167, 0.6333, 0.65, 0.6667, 0.6833, 0.7, 0.7167, 0.7333, 0.75, 0.7667, 0.7833, 0.8, 0.8167, 0.8333, 0.85, 0.8667, 0.8833, 0.9, 0.9167, 0.9333, 0.95, 0.9667, 0.9833, 1.0, 1.0167, 1.0333, 1.05, 1.0667, 1.0833, 1.1, 1.1167, 1.1333, 1.15, 1.1667, 1.1833, 1.2, 1.2167, 1.2333, 1.25, 1.2667, 1.2833, 1.3, 1.3167, 1.3333, 1.35, 1.3667, 1.3833, 1.4, 1.4167],
            "transform": [
                [1.0, -5.9e-05, 5.2e-05, 0.0, 5.7e-05, 0.087098, -0.9962, 0.375166, 5.4e-05, 0.9962, 0.087098, 0.0, 0.0, 0.0, 0.0, 1.0],
                [1.0, -5.9e-05, 5.2e-05, -0.0, 5.7e-05, 0.087098, -0.9962, 0.375166, 5.4e-05, 0.9962, 0.087098, 0.0, 0.0, 0.0, 0.0, 1.0],
