{
    "animation": [
        {
            "name": "Root",
            "time": [0.0, 0.0167, 0.0333, 0.05, 0.0667, 0.0833, 0.1, 0.1167, 0.1333, 0.15, 0.1667, 0.1833, 0.2, 0.2167, 0.2333, 0.25, 0.2667, 0.2833, 0.3, 0.3167, 0.3333, 0.35, 0.3667, 0.3833, 0.4, 0.4167, 0.4333, 0.45, 0.4667, 0.4833, 0.5, 0.5167, 0.5333, 0.55, 0.5667, 0.5833, 0.6, 0.6167, 0.6333, 0.65, 0.6667, 0.6833, 0.7, 0.7167, 0.7333, 0.75, 0.7667, 0.7833, 0.8, 0.8167, 0.8333, 0.85, 0.8667, 0.8833, 0.9, 0.9167, 0.9333, 0.95, 0.9667, 0.9833, 1.0, 1.0167, 1.0333, 1.05, 1.0667, 1.0833, 1.1, 1.1167, 1.1333, 1.15, 1.1667, 1.1833, 1.2, 1.2167, 1.2333, 1.25, 1.2667, 1.2833, 1.3, 1.3167, 1.3333, 1.35, 1.3667, 1.3833, 1.4, 1.4167, 1.4333, 1.45, 1.4667, 1.4833, 1.5, 1.5167, 1.5333, 1.55, 1.5667, 1.5833, 1.6, 1.6167, 1.6333, 1.65, 1.6667, 1.6833, 1.7, 1.7167, 1.7333, 1.75, 1.7667, 1.7833, 1.8, 1.8167, 1.8333, 1.85, 1.8667, 1.8833, 1.9, 1.9167, 1.9333, 1.95, 1.9667, 1.9833],
            "transform": [
                [1.0, 0.0, -0.0, -0.055245, -0.0, 0.0, -1.0, -0.011474, 0.0, 1.0, 0.0, 0.34956, 0.0, 0.0, 0.0, 1.0],
                [1.0, 0.0, -0.0, -0.056522, -0.0, 0.0, -1.0, -0.013318, 0.0, 1.0, 0.0, 0.353378, 0.0, 0.0, 0.0, 1.0],
                [1.0, 0.0, -0.0, -0.060756, -0.0, 0.0, -1.0, -0.019849, 0.0, 1.0, 0.0, 0.365195, 0.0, 0.0, 0.0, 1.0],
                [1.0, 0.0, -0.0, -0.0682, -0.0, 0.0, -1.0, -0.032285, 0.0, 1.0, 0.0, 0.384019, 0.0, 0.0, 0.0, 1.0],
                [1.0, 0.0, -0.0, -0.078277, -0.0, 0.0, -1.0, -0.050628, 0.0, 1.0, 0.0, 0.406405, 0.0, 0.0, 0.0, 1.0],
                [1.0, 0.0, -0.0, -0.089747, -0.0, 0.0, -1.0, -0.073396, 0.0, 1.0, 0.0, 0.428014, 0.0, 0.0, 0.0, 1.0],
                [1.0, 0.0, -0.0, -0.101449, -0.0, 0.0, -1.0, -0.098633, 0.0, 1.0, 0.0, 0.445942, 0.0, 0.0, 0.0, 1.0],
                [1.0, 0.0, -0.0, -0.119655, -0.0, 0.0, -1.0, -0.141931, 0.0, 1.0, 0.0, 0.465571, 0.0, 0.0, 0.0, 1.0],
                [1.0, 0.0, -0.0, -0.139806, -0.0, 0.0, -1.0, -0.191178, 0.0, 1.0, 0.0, 0.484583, 0.0, 0.0, 0.0, 1.0],
                [1.0, 0.0, -0.0, -0.147653, -0.0, 0.0, -1.0, -0.210568, 0.0, 1.0, 0.0, 0.491548, 0.0, 0.0, 0.0, 1.0],
                [1.0, 0.0, -0.0, -0.136756, -0.0, 0.0, -1.0, -0.210315, 0.0, 1.0, 0.0, 0.484583, 0.0, 0.0, 0.0, 1.0],
                [1.0, 0.0, -0.0, -0.109225, -0.0, 0.0, -1.0, -0.208493, 0.0, 1.0, 0.0, 0.465906, 0.0, 0.0, 0.0, 1.0],
                [1.0, 0.0, -0.0, -0.074485, -0.0, 0.0, -1.0, -0.203587, 0.0, 1.0, 0.0, 0.439958, 0.0, 0.0, 0.0, 1.0],
                [1.0, 0.0, -0.0, -0.042129, -0.0, 0.0, -1.0, -0.194505, 0.0, 1.0, 0.0, 0.411666, 0.0, 0.0, 0.0, 1.0],
                [1.0, 0.0, -0.0, -0.01966, -0.0, 0.0, -1.0, -0.180761, 0.0, 1.0, 0.0, 0.385227, 0.0, 0.0, 0.0, 1.0],
                [1.0, 0.0, -0.0, -0.01162, -0.0, 0.0, -1.0, -0.162401, 0.0, 1.0, 0.0, 0.363488, 0.0, 0.0, 0.0, 1.0],
                [1.0, 0.0, -0.0, -0.01162, -0.0, 0.0, -1.0, -0.133879, 0.0, 1.0, 0.0, 0.342503, 0.0, 0.0, 0.0, 1.0],
                [1.0, 0.0, -0.0, -0.01162, -0.0, 0.0, -1.0, -0.107819, 0.0, 1.0, 0.0, 0.319555, 0.0, 0.0, 0.0, 1.0],
                [1.0, 0.0, -0.0, -0.01162, -0.0, 0.0, -1.0, -0.075714, 0.0, 1.0, 0.0, 0.297973, 0.0, 0.0, 0.0, 1.0],
                [1.0, 0.0, -0.0, -0.01162, -0.0, 0.0, -1.0, -0.030231, 0.0, 1.0, 0.0, 0.280737, 0.0, 0.0, 0.0, 1.0],
                [1.0, 0.0, -0.0, -0.01162, -0.0, 0.0, -1.0, 0.033266, 0.0, 1.0, 0.0, 0.269832, 0.0, 0.0, 0.0, 1.0],
                [1.0, 0.0, -0.0, -0.01162, -0.0, 0.0, -1.0, 0.116586, 0.0, 1.0, 0.0, 0.266149, 0.0, 0.0, 0.0, 1.0],
                [1.0, 0.0, -0.0, -0.01162, -0.0, 0.0, -1.0, 0.267329, 0.0, 1.0, 0.0, 0.301735, 0.0, 0.0, 0.0, 1.0],
                [1.0, 0.0, -0.0, -0.01162, -0.0, 0.0, -1.0, 0.443829, 0.0, 1.0, 0.0, 0.38577, 0.0, 0.0, 0.0, 1.0],
                [1.0, 0.0, -0.0, -0.01162, -0.0, 0.0, -1.0, 0.536717, 0.0, 1.0, 0.0, 0.445658, 0.0, 0.0, 0.0, 1.0],
                [1.0, 0.0, -0.0, -0.01162, -0.0, 0.0, -1.0, 0.570617, 0.0, 1.0, 0.0, 0.474799, 0.0, 0.0, 0.0, 1.0],
                [1.0, 0.0, -0.0, -0.01162, -0.0, 0.0, -1.0, 0.588649, 0.0, 1.0, 0.0, 0.497497, 0.0, 0.0, 0.0, 1.0],
                [1.0, 0.0, -0.0, -0.01162, -0.0, 0.0, -1.0, 0.600972, 0.0, 1.0, 0.0, 0.5171, 0.0, 0.0, 0.0, 1.0],
                [1.0, 0.0, -0.0, -0.01162, -0.0, 0.0, -1.0, 0.610576, 0.0, 1.0, 0.0, 0.534584, 0.0, 0.0, 0.0, 1.0],
                [1.0, 0.0, -0.0, -0.01162, -0.0, 0.0, -1.0, 0.618866, 0.0, 1.0, 0.0, 0.550381, 0.0, 0.0, 0.0, 1.0],
                [1.0, 0.0, -0.0, -0.01162, -0.0, 0.0, -1.0, 0.626672, 0.0, 1.0, 0.0, 0.564715, 0.0, 0.0, 0.0, 1.0],
                [1.0, 0.0, -0.0, -0.01162, -0.0, 0.0, -1.0, 0.63456, 0.0, 1.0, 0.0, 0.577701, 0.0, 0.0, 0.0, 1.0],
                [1.0, 0.0, -0.0, -0.01162, -0.0, 0.0, -1.0, 0.642968, 0.0, 1.0, 0.0, 0.589395, 0.0, 0.0, 0.0, 1.0],
                [1.0, 0.0, -0.0, -0.01162, -0.0, 0.0, -1.0, 0.652269, 0.0, 1.0, 0.0, 0.599808, 0.0, 0.0, 0.0, 1.0],
                [1.0, 0.0, -0.0, -0.01162, -0.0, 0.0, -1.0, 0.66281, 0.0, 1.0, 0.0, 0.608919, 0.0, 0.0, 0.0, 1.0],
                [1.0, 0.0, -0.0, -0.01162, -0.0, 0.0, -1.0, 0.674937, 0.0, 1.0, 0.0, 0.616673, 0.0, 0.0, 0.0, 1.0],
                [1.0, 0.0, -0.0, -0.01162, -0.0, 0.0, -1.0, 0.68902, 0.0, 1.0, 0.0, 0.622985, 0.0, 0.0, 0.0, 1.0],
                [1.0, 0.0, -0.0, -0.01162, -0.0, 0.0, -1.0, 0.705473, 0.0, 1.0, 0.0, 0.627735, 0.0, 0.0, 0.0, 1.0],
                [1.0, 0.0, -0.0, -0.01162, -0.0, 0.0, -1.0, 0.724786, 0.0, 1.0, 0.0, 0.630756, 0.0, 0.0, 0.0, 1.0],
                [1.0, 0.0, -0.0, -0.01162, -0.0, 0.0, -1.0, 0.747558, 0.0, 1.0, 0.0, 0.631825, 0.0, 0.0, 0.0, 1.0],
                [1.0, 0.0, -0.0, -0.01162, -0.0, 0.0, -1.0, 0.772435, 0.0, 1.0, 0.0, 0.62411, 0.0, 0.0, 0.0, 1.0],
                [1.0, 0.0, -0.0, -0.01162, -0.0, 0.0, -1.0, 0.792718, 0.0, 1.0, 0.0, 0.60025, 0.0, 0.0, 0.0, 1.0],
                [1.0, 0.0, -0.0, -0.01162, -0.0, 0.0, -1.0, 0.818752, 0.0, 1.0, 0.0, 0.563897, 0.0, 0.0, 0.0, 1.0],
                [1.0, 0.0, -0.0, -0.01162, -0.0, 0.0, -1.0, 0.861527, 0.0, 1.0, 0.0, 0.524457, 0.0, 0.0, 0.0, 1.0],
                [1.0, 0.0, -0.0, -0.01162, -0.0, 0.0, -1.0, 0.924672, 0.0, 1.0, 0.0, 0.490234, 0.0, 0.0, 0.0, 1.0],
                [1.0, 0.0, -0.0, -0.01162, -0.0, 0.0, -1.0, 1.049301, 0.0, 1.0, 0.0, 0.449793, 0.0, 0.0, 0.0, 1.0],
                [1.0, 0.0, -0.0, -0.01162, -0.0, 0.0, -1.0, 1.195906, 0.0, 1.0, 0.0, 0.409235, 0.0, 0.0, 0.0, 1.0],
                [1.0, 0.0, -0.0, -0.01162, -0.0, 0.0, -1.0, 1.254389, 0.0, 1.0, 0.0, 0.394121, 0.0, 0.0, 0.0, 1.0],
                [1.0, 0.0, -0.0, -0.01162, -0.0, 0.0, -1.0, 1.234046, 0.0, 1.0, 0.0, 0.394353, 0.0, 0.0, 0.0, 1.0],
                [1.0, 0.0, -0.0, -0.01162, -0.0, 0.0, -1.0, 1.180834, 0.0, 1.0, 0.0, 0.394962, 0.0, 0.0, 0.0, 1.0],
                [1.0, 0.0, -0.0, -0.01162, -0.0, 0.0, -1.0, 1.127622, 0.0, 1.0, 0.0, 0.39557, 0.0, 0.0, 0.0, 1.0],
                [1.0, 0.0, -0.0, -0.01162, -0.0, 0.0, -1.0, 1.107279, 0.0, 1.0, 0.0, 0.395802, 0.0, 0.0, 0.0, 1.0],
                [1.0, 0.0, -0.0, -0.01162, -0.0, 0.0, -1.0, 1.112261, 0.0, 1.0, 0.0, 0.389253, 0.0, 0.0, 0.0, 1.0],
                [1.0, 0.0, -0.0, -0.01162, -0.0, 0.0, -1.0, 1.131372, 0.0, 1.0, 0.0, 0.370806, 0.0, 0.0, 0.0, 1.0],
                [1.0, 0.0, -0.0, -0.01162, -0.0, 0.0, -1.0, 1.169547, 0.0, 1.0, 0.0, 0.34712, 0.0, 0.0, 0.0, 1.0],
                [1.0, 0.0, -0.0, -0.01162, -0.0, 0.0, -1.0, 1.22582, 0.0, 1.0, 0.0, 0.328672, 0.0, 0.0, 0.0, 1.0],
                [1.0, 0.0, -0.0, -0.01162, -0.0, 0.0, -1.0, 1.294029, 0.0, 1.0, 0.0, 0.322123, 0.0, 0.0, 0.0, 1.0],
                [1.0, 0.0, -0.0, -0.01162, -0.0, 0.0, -1.0, 1.39561, 0.0, 1.0, 0.0, 0.327964, 0.0, 0.0, 0.0, 1.0],
                [1.0, 0.0, -0.0, -0.01162, -0.0, 0.0, -1.0, 1.517855, 0.0, 1.0, 0.0, 0.34487, 0.0, 0.0, 0.0, 1.0],
                [1.0, 0.0, -0.0, -0.01162, -0.0, 0.0, -1.0, 1.634088, 0.0, 1.0, 0.0, 0.366167, 0.0, 0.0, 0.0, 1.0],
                [1.0, 0.0, -0.0, -0.01162, -0.0, 0.0, -1.0, 1.720492, 0.0, 1.0, 0.0, 0.383096, 0.0, 0.0, 0.0, 1.0],
                [1.0, 0.0, -0.0, -0.01162, -0.0, 0.0, -1.0, 1.760474, 0.0, 1.0, 0.0, 0.392703, 0.0, 0.0, 0.0, 1.0],
                [1.0, 0.0, -0.0, -0.01162, -0.0, 0.0, -1.0, 1.778405, 0.0, 1.0, 0.0, 0.397621, 0.0, 0.0, 0.0, 1.0],
                [1.0, 0.0, -0.0, -0.01162, -0.0, 0.0, -1.0, 1.789353, 0.0, 1.0, 0.0, 0.401732, 0.0, 0.0, 0.0, 1.0],
                [1.0, 0.0, -0.0, -0.01162, -0.0, 0.0, -1.0, 1.802142, 0.0, 1.0, 0.0, 0.407332, 0.0, 0.0, 0.0, 1.0],
                [1.0, 0.0, -0.0, -0.01162, -0.0, 0.0, -1.0, 1.82284, 0.0, 1.0, 0.0, 0.416018, 0.0, 0.0, 0.0, 1.0],
                [1.0, 0.0, -0.0, -0.01162, -0.0, 0.0, -1.0, 1.856167, 0.0, 1.0, 0.0, 0.42906, 0.0, 0.0, 0.0, 1.0],
                [1.0, 0.0, -0.0, -0.01162, -0.0, 0.0, -1.0, 1.90619, 0.0, 1.0, 0.0, 0.447571, 0.0, 0.0, 0.0, 1.0],
                [1.0, 0.0, -0.0, -0.01162, -0.0, 0.0, -1.0, 1.976715, 0.0, 1.0, 0.0, 0.47261, 0.0, 0.0, 0.0, 1.0],
                [1.0, 0.0, -0.0, -0.01162, -0.0, 0.0, -1.0, 2.194359, 0.0, 1.0, 0.0, 0.582497, 0.0, 0.0, 0.0, 1.0],
                [1.0, 0.0, -0.0, -0.01162, -0.0, 0.0, -1.0, 2.482645, 0.0, 1.0, 0.0, 0.728625, 0.0, 0.0, 0.0, 1.0],
                [1.0, 0.0, -0.0, -0.01162, -0.0, 0.0, -1.0, 2.701899, 0.0, 1.0, 0.0, 0.78948, 0.0, 0.0, 0.0, 1.0],
                [1.0, 0.0, -0.0, -0.01162, -0.0, 0.0, -1.0, 2.829243, 0.0, 1.0, 0.0, 0.785033, 0.0, 0.0, 0.0, 1.0],
                [1.0, 0.0, -0.0, -0.01162, -0.0, 0.0, -1.0, 2.921639, 0.0, 1.0, 0.0, 0.772328, 0.0, 0.0, 0.0, 1.0],
                [1.0, 0.0, -0.0, -0.01162, -0.0, 0.0, -1.0, 2.988841, 0.0, 1.0, 0.0, 0.753057, 0.0, 0.0, 0.0, 1.0],
                [1.0, 0.0, -0.0, -0.01162, -0.0, 0.0, -1.0, 3.042644, 0.0, 1.0, 0.0, 0.729501, 0.0, 0.0, 0.0, 1.0],
                [1.0, 0.0, -0.0, -0.01162, -0.0, 0.0, -1.0, 3.093828, 0.0, 1.0, 0.0, 0.703903, 0.0, 0.0, 0.0, 1.0],
                [1.0, 0.0, -0.0, -0.01162, -0.0, 0.0, -1.0, 3.150331, 0.0, 1.0, 0.0, 0.678043, 0.0, 0.0, 0.0, 1.0],
                [1.0, 0.0, -0.0, -0.01162, -0.0, 0.0, -1.0, 3.197331, 0.0, 1.0, 0.0, 0.64088, 0.0, 0.0, 0.0, 1.0],
                [1.0, 0.0, -0.0, -0.01162, -0.0, 0.0, -1.0, 3.239411, 0.0, 1.0, 0.0, 0.596168, 0.0, 0.0, 0.0, 1.0],
                [1.0, 0.0, -0.0, -0.01162, -0.0, 0.0, -1.0, 3.280313, 0.0, 1.0, 0.0, 0.550371, 0.0, 0.0, 0.0, 1.0],
                [1.0, 0.0, -0.0, -0.01162, -0.0, 0.0, -1.0, 3.321902, 0.0, 1.0, 0.0, 0.506737, 0.0, 0.0, 0.0, 1.0],
                [1.0, 0.0, -0.0, -0.01162, -0.0, 0.0, -1.0, 3.365381, 0.0, 1.0, 0.0, 0.467394, 0.0, 0.0, 0.0, 1.0],
                [1.0, 0.0, -0.0, -0.01162, -0.0, 0.0, -1.0, 3.411684, 0.0, 1.0, 0.0, 0.434026, 0.0, 0.0, 0.0, 1.0],
                [1.0, 0.0, -0.0, -0.01162, -0.0, 0.0, -1.0, 3.461644, 0.0, 1.0, 0.0, 0.408167, 0.0, 0.0, 0.0, 1.0],
                [1.0, 0.0, -0.0, -0.01162, -0.0, 0.0, -1.0, 3.516096, 0.0, 1.0, 0.0, 0.391373, 0.0, 0.0, 0.0, 1.0],
                [1.0, 0.0, -0.0, -0.01162, -0.0, 0.0, -1.0, 3.57594, 0.0, 1.0, 0.0, 0.385354, 0.0, 0.0, 0.0, 1.0],
                [1.0, 0.0, -0.0, -0.01162, -0.0, 0.0, -1.0, 3.654133, 0.0, 1.0, 0.0, 0.39291, 0.0, 0.0, 0.0, 1.0],
                [1.0, 0.0, -0.0, -0.01162, -0.0, 0.0, -1.0, 3.744631, 0.0, 1.0, 0.0, 0.412812, 0.0, 0.0, 0.0, 1.0],
                [1.0, 0.0, -0.0, -0.01162, -0.0, 0.0, -1.0, 3.837414, 0.0, 1.0, 0.0, 0.439709, 0.0, 0.0, 0.0, 1.0],
                [1.0, 0.0, -0.0, -0.01162, -0.0, 0.0, -1.0, 3.922853, 0.0, 1.0, 0.0, 0.467849, 0.0, 0.0, 0.0, 1.0],
                [1.0, 0.0, -0.0, -0.01162, -0.0, 0.0, -1.0, 3.993888, 0.0, 1.0, 0.0, 0.49248, 0.0, 0.0, 0.0, 1.0],
                [1.0, 0.0, -0.0, -0.01162, -0.0, 0.0, -1.0, 4.046671, 0.0, 1.0, 0.0, 0.510493, 0.0, 0.0, 0.0, 1.0],
                [1.0, 0.0, -0.0, -0.01162, -0.0, 0.0, -1.0, 4.069224, 0.0, 1.0, 0.0, 0.522718, 0.0, 0.0, 0.0, 1.0],
                [1.0, 0.0, -0.0, -0.01162, -0.0, 0.0, -1.0, 4.080989, 0.0, 1.0, 0.0, 0.53414, 0.0, 0.0, 0.0, 1.0],
                [1.0, 0.0, -0.0, -0.01162, -0.0, 0.0, -1.0, 4.089369, 0.0, 1.0, 0.0, 0.544786, 0.0, 0.0, 0.0, 1.0],
                [1.0, 0.0, -0.0, -0.01162, -0.0, 0.0, -1.0, 4.096997, 0.0, 1.0, 0.0, 0.554649, 0.0, 0.0, 0.0, 1.0],
                [1.0, 0.0, -0.0, -0.01162, -0.0, 0.0, -1.0, 4.10527, 0.0, 1.0, 0.0, 0.5637, 0.0, 0.0, 0.0, 1.0],
                [1.0, 0.0, -0.0, -0.01162, -0.0, 0.0, -1.0, 4.115125, 0.0, 1.0, 0.0, 0.571893, 0.0, 0.0, 0.0, 1.0],
                [1.0, 0.0, -0.0, -0.01162, -0.0, 0.0, -1.0, 4.127311, 0.0, 1.0, 0.0, 0.579166, 0.0, 0.0, 0.0, 1.0],
                [1.0, 0.0, -0.0, -0.01162, -0.0, 0.0, -1.0, 4.142506, 0.0, 1.0, 0.0, 0.585436, 0.0, 0.0, 0.0, 1.0],
                [1.0, 0.0, -0.0, -0.01162, -0.0, 0.0, -1.0, 4.1614, 0.0, 1.0, 0.0, 0.590601, 0.0, 0.0, 0.0, 1.0],
                [1.0, 0.0, -0.0, -0.01162, -0.0, 0.0, -1.0, 4.184747, 0.0, 1.0, 0.0, 0.59453, 0.0, 0.0, 0.0, 1.0],
                [1.0, 0.0, -0.0, -0.01162, -0.0, 0.0, -1.0, 4.213425, 0.0, 1.0, 0.0, 0.597055, 0.0, 0.0, 0.0, 1.0],
                [1.0, 0.0, -0.0, -0.01162, -0.0, 0.0, -1.0, 4.24851, 0.0, 1.0, 0.0, 0.597956, 0.0, 0.0, 0.0, 1.0],
                [1.0, 0.0, -0.0, -0.01162, -0.0, 0.0, -1.0, 4.314382, 0.0, 1.0, 0.0, 0.531975, 0.0, 0.0, 0.0, 1.0],
                [1.0, 0.0, -0.0, -0.01162, -0.0, 0.0, -1.0, 4.391901, 0.0, 1.0, 0.0, 0.390783, 0.0, 0.0, 0.0, 1.0],
                [1.0, 0.0, -0.0, -0.01162, -0.0, 0.0, -1.0, 4.430344, 0.0, 1.0, 0.0, 0.324802, 0.0, 0.0, 0.0, 1.0],
                [1.0, 0.0, -0.0, -0.01162, -0.0, 0.0, -1.0, 4.446292, 0.0, 1.0, 0.0, 0.341295, 0.0, 0.0, 0.0, 1.0],
                [1.0, 0.0, -0.0, -0.01162, -0.0, 0.0, -1.0, 4.456518, 0.0, 1.0, 0.0, 0.372489, 0.0, 0.0, 0.0, 1.0],
                [1.0, 0.0, -0.0, -0.01162, -0.0, 0.0, -1.0, 4.463992, 0.0, 1.0, 0.0, 0.408513, 0.0, 0.0, 0.0, 1.0],
                [1.0, 0.0, -0.0, -0.01162, -0.0, 0.0, -1.0, 4.469738, 0.0, 1.0, 0.0, 0.445862, 0.0, 0.0, 0.0, 1.0],
                [1.0, 0.0, -0.0, -0.01162, -0.0, 0.0, -1.0, 4.474257, 0.0, 1.0, 0.0, 0.482685, 0.0, 0.0, 0.0, 1.0],
                [1.0, 0.0, -0.0, -0.01162, -0.0, 0.0, -1.0, 4.477834, 0.0, 1.0, 0.0, 0.517753, 0.0, 0.0, 0.0, 1.0],
                [1.0, 0.0, -0.0, -0.01162, -0.0, 0.0, -1.0, 4.480649, 0.0, 1.0, 0.0, 0.550098, 0.0, 0.0, 0.0, 1.0],
                [1.0, 0.0, -0.0, -0.01162, -0.0, 0.0, -1.0, 4.482821, 0.0, 1.0, 0.0, 0.578846, 0.0, 0.0, 0.0, 1.0],
                [1.0, 0.0, -0.0, -0.01162, -0.0, 0.0, -1.0, 4.484434, 0.0, 1.0, 0.0, 0.603122, 0.0, 0.0, 0.0, 1.0],
                [1.0, 0.0, -0.0, -0.01162, -0.0, 0.0, -1.0, 4.485546, 0.0, 1.0, 0.0, 0.621976, 0.0, 0.0, 0.0, 1.0],
                [1.0, 0.0, -0.0, -0.01162, -0.0, 0.0, -1.0, 4.486196, 0.0, 1.0, 0.0, 0.634307, 0.0, 0.0, 0.0, 1.0],
                [1.0, 0.0, -0.0, -0.01162, -0.0, 0.0, -1.0, 4.48641, 0.0, 1.0, 0.0, 0.638772, 0.0, 0.0, 0.0, 1.0]
            ]
        },
        {
            "name": "Thigh_R",
            "time": [0.0, 0.0167, 0.0333, 0.05, 0.0667, 0.0833, 0.1, 0.1167, 0.1333, 0.15, 0.1667, 0.1833, 0.2, 0.2167, 0.2333, 0.25, 0.2667, 0.2833, 0.3, 0.3167, 0.3333, 0.35, 0.3667, 0.3833, 0.4, 0.4167, 0.4333, 0.45, 0.4667, 0.4833, 0.5, 0.5167, 0.5333, 0.55, 0.5667, 0.5833, 0.6, 0.6167, 0.6333, 0.65, 0.6667, 0.6833, 0.7, 0.7167, 0.7333, 0.75, 0.7667, 0.7833, 0.8, 0.8167, 0.8333, 0.85, 0.8667, 0.8833, 0.9, 0.9167, 0.9333, 0.95, 0.9667, 0.9833, 1.0, 1.0167, 1.0333, 1.05, 1.0667, 1.0833, 1.1, 1.1167, 1.1333, 1.15, 1.1667, 1.1833, 1.2, 1.2167, 1.2333, 1.25, 1.2667, 1.2833, 1.3, 1.3167, 1.3333, 1.35, 1.3667, 1.3833, 1.4, 1.4167, 1.4333, 1.45, 1.4667, 1.4833, 1.5, 1.5167, 1.5333, 1.55, 1.5667, 1.5833, 1.6, 1.6167, 1.6333, 1.65, 1.6667, 1.6833, 1.7, 1.7167, 1.7333, 1.75, 1.7667, 1.7833, 1.8, 1.8167, 1.8333, 1.85, 1.8667, 1.8833, 1.9, 1.9167, 1.9333, 1.95, 1.9667, 1.9833],
            "transform": [
                [0.580043, 0.723876, 0.373527, 0.11428, 0.72749, -0.666653, 0.162258, 0.035227, 0.366481, 0.177648, -0.913286, 0.120561, 0.0, 0.0, 0.0, 1.0],
                [0.580824, 0.719448, 0.380799, 0.113677, 0.723627, -0.6706, 0.163265, 0.035269, 0.372838, 0.180755, -0.910098, 0.12105, 0.0, 0.0, 0.0, 1.0],
                [0.58208, 0.706801, 0.401975, 0.111833, 0.711861, -0.681883, 0.16818, 0.035482, 0.392984, 0.188283, -0.90004, 0.122541, 0.0, 0.0, 0.0, 1.0],
                [0.578519, 0.689266, 0.436112, 0.108792, 0.69391, -0.696936, 0.181013, 0.036037, 0.428724, 0.197929, -0.881465, 0.124994, 0.0, 0.0, 0.0, 1.0],
                [0.560589, 0.673205, 0.48218, 0.104772, 0.673992, -0.709245, 0.206647, 0.037135, 0.481117, 0.209168, -0.851316, 0.12822, 0.0, 0.0, 0.0, 1.0],
                [0.519087, 0.665171, 0.536708, 0.100187, 0.655729, -0.712713, 0.249111, 0.038967, 0.548241, 0.222649, -0.806118, 0.131875, 0.0, 0.0, 0.0, 1.0],
                [0.453623, 0.667496, 0.590447, 0.09556, 0.638163, -0.705782, 0.3076, 0.041645, 0.622072, 0.237291, -0.746118, 0.135528, 0.0, 0.0, 0.0, 1.0],
                [0.394694, 0.68727, 0.609777, 0.091376, 0.599892, -0.695464, 0.395544, 0.045174, 0.69595, 0.209703, -0.686772, 0.138784, 0.0, 0.0, 0.0, 1.0],
                [0.363213, 0.708166, 0.605414, 0.087964, 0.546183, -0.688294, 0.47742, 0.049469, 0.754824, 0.157281, -0.636775, 0.141378, 0.0, 0.0, 0.0, 1.0],
                [0.35529, 0.711271, 0.606475, 0.085481, 0.520584, -0.689464, 0.503612, 0.054404, 0.776377, 0.136811, -0.615225, 0.143189, 0.0, 0.0, 0.0, 1.0],
                [0.394607, 0.712455, 0.580211, 0.083982, 0.522631, -0.693419, 0.496005, 0.063592, 0.755739, 0.107527, -0.645967, 0.14453, 0.0, 0.0, 0.0, 1.0],
                [0.457619, 0.726766, 0.512203, 0.082667, 0.530088, -0.685514, 0.49907, 0.074869, 0.713856, 0.043148, -0.698943, 0.145835, 0.0, 0.0, 0.0, 1.0],
                [0.51935, 0.733321, 0.438722, 0.08148, 0.532143, -0.679245, 0.505414, 0.086564, 0.668655, -0.029004, -0.742987, 0.147075, 0.0, 0.0, 0.0, 1.0],
                [0.572919, 0.726314, 0.37973, 0.080402, 0.522181, -0.680584, 0.513929, 0.098076, 0.631736, -0.096132, -0.76918, 0.148236, 0.0, 0.0, 0.0, 1.0],
                [0.617875, 0.711988, 0.33357, 0.079426, 0.496774, -0.682352, 0.536284, 0.109075, 0.609463, -0.165629, -0.775299, 0.14931, 0.0, 0.0, 0.0, 1.0],
                [0.65498, 0.698737, 0.287641, 0.078552, 0.455949, -0.669013, 0.586958, 0.119328, 0.602588, -0.253278, -0.756772, 0.150288, 0.0, 0.0, 0.0, 1.0],
                [0.693724, 0.684644, 0.223568, 0.077783, 0.328751, -0.577201, 0.747493, 0.128636, 0.640834, -0.445041, -0.625488, 0.15116, 0.0, 0.0, 0.0, 1.0],
                [0.719805, 0.664262, 0.201525, 0.077125, 0.091646, -0.378721, 0.92095, 0.136808, 0.6881, -0.644426, -0.333471, 0.151915, 0.0, 0.0, 0.0, 1.0],
                [0.706259, 0.658207, 0.260641, 0.076586, -0.144811, -0.226085, 0.963269, 0.143642, 0.692985, -0.71806, -0.064344, 0.152539, 0.0, 0.0, 0.0, 1.0],
                [0.683612, 0.646274, 0.339079, 0.076178, -0.27825, -0.198742, 0.939707, 0.148906, 0.674723, -0.736748, 0.04398, 0.153014, 0.0, 0.0, 0.0, 1.0],
                [0.682304, 0.630158, 0.370583, 0.075917, -0.297487, -0.223743, 0.928122, 0.152325, 0.667805, -0.743511, 0.034821, 0.153321, 0.0, 0.0, 0.0, 1.0],
                [0.705035, 0.624296, 0.33638, 0.075824, -0.2055, -0.27415, 0.939459, 0.153556, 0.678746, -0.731479, -0.064975, 0.15343, 0.0, 0.0, 0.0, 1.0],
                [0.717178, 0.613363, 0.330779, 0.076363, 0.049045, -0.517921, 0.85401, 0.150171, 0.695163, -0.596246, -0.401508, 0.150333, 0.0, 0.0, 0.0, 1.0],
                [0.691897, 0.54734, 0.470813, 0.077871, 0.278551, -0.804004, 0.525336, 0.141567, 0.666099, -0.232317, -0.708734, 0.142504, 0.0, 0.0, 0.0, 1.0],
                [0.692413, 0.443361, 0.569175, 0.0801, 0.354858, -0.896163, 0.266388, 0.130602, 0.628203, 0.017545, -0.777828, 0.132621, 0.0, 0.0, 0.0, 1.0],
                [0.713404, 0.376027, 0.59129, 0.082737, 0.365713, -0.919584, 0.143578, 0.120199, 0.597753, 0.113834, -0.793533, 0.123406, 0.0, 0.0, 0.0, 1.0],
                [0.740658, 0.32285, 0.589205, 0.085494, 0.354233, -0.932832, 0.065868, 0.112663, 0.570916, 0.159952, -0.805252, 0.116993, 0.0, 0.0, 0.0, 1.0],
                [0.769796, 0.274424, 0.57626, 0.088153, 0.331777, -0.943335, 0.006046, 0.109402, 0.545287, 0.186557, -0.817201, 0.11467, 0.0, 0.0, 0.0, 1.0],
                [0.797681, 0.228961, 0.557903, 0.091094, 0.30457, -0.951424, -0.04499, 0.108752, 0.520521, 0.205829, -0.828642, 0.115074, 0.0, 0.0, 0.0, 1.0],
                [0.821808, 0.187598, 0.537972, 0.094181, 0.277857, -0.956303, -0.090959, 0.108488, 0.497419, 0.224251, -0.837997, 0.116287, 0.0, 0.0, 0.0, 1.0],
                [0.841415, 0.148903, 0.519448, 0.097346, 0.253477, -0.957726, -0.136028, 0.108394, 0.477252, 0.246143, -0.843561, 0.117857, 0.0, 0.0, 0.0, 1.0],
                [0.855969, 0.110733, 0.50501, 0.100471, 0.233087, -0.954548, -0.185747, 0.10813, 0.461505, 0.276723, -0.842845, 0.11907, 0.0, 0.0, 0.0, 1.0],
                [0.865184, 0.066678, 0.496983, 0.103477, 0.217739, -0.942764, -0.252546, 0.107479, 0.451715, 0.326728, -0.830152, 0.119474, 0.0, 0.0, 0.0, 1.0],
                [0.867676, 0.012246, 0.496961, 0.106701, 0.209918, -0.915226, -0.343929, 0.102618, 0.450637, 0.402756, -0.796659, 0.11794, 0.0, 0.0, 0.0, 1.0],
                [0.867435, 0.007516, 0.497475, 0.110252, 0.207412, -0.914326, -0.347819, 0.093054, 0.452257, 0.404909, -0.794646, 0.113938, 0.0, 0.0, 0.0, 1.0],
                [0.865605, 0.031043, 0.499745, 0.113767, 0.209197, -0.929218, -0.304603, 0.080925, 0.454933, 0.368228, -0.810799, 0.108009, 0.0, 0.0, 0.0, 1.0],
                [0.862515, 0.046429, 0.503878, 0.116982, 0.214996, -0.93506, -0.281835, 0.067813, 0.458088, 0.351437, -0.816455, 0.100567, 0.0, 0.0, 0.0, 1.0],
                [0.858226, 0.05311, 0.510498, 0.119706, 0.224919, -0.932964, -0.281035, 0.054907, 0.461367, 0.356031, -0.81261, 0.091937, 0.0, 0.0, 0.0, 1.0],
                [0.852645, 0.049547, 0.520117, 0.121793, 0.239255, -0.922016, -0.304358, 0.043111, 0.464494, 0.383969, -0.797977, 0.082374, 0.0, 0.0, 0.0, 1.0],
                [0.84554, 0.024477, 0.533331, 0.12314, 0.258421, -0.892902, -0.36869, 0.033115, 0.467206, 0.449586, -0.761281, 0.072084, 0.0, 0.0, 0.0, 1.0],
                [0.834234, -0.010531, 0.55129, 0.12392, 0.289928, -0.842081, -0.454781, 0.02376, 0.469038, 0.539249, -0.699411, 0.056818, 0.0, 0.0, 0.0, 1.0],
                [0.817336, 0.062595, 0.572728, 0.124498, 0.334563, -0.860877, -0.383331, 0.013624, 0.469072, 0.504949, -0.724543, 0.037134, 0.0, 0.0, 0.0, 1.0],
                [0.790155, 0.112494, 0.602472, 0.124833, 0.395912, -0.844085, -0.361603, 0.004678, 0.467877, 0.524275, -0.711474, 0.017709, 0.0, 0.0, 0.0, 1.0],
                [0.749595, 0.126486, 0.649674, 0.124968, 0.47098, -0.791603, -0.389261, -0.001022, 0.465065, 0.597801, -0.652936, 0.004403, 0.0, 0.0, 0.0, 1.0],
                [0.69796, 0.061261, 0.713484, 0.124994, 0.549296, -0.68506, -0.478484, -0.002831, 0.459484, 0.725907, -0.511778, -1.2e-05, 0.0, 0.0, 0.0, 1.0],
                [0.719534, 0.081612, 0.689618, 0.124994, 0.560235, -0.655049, -0.506975, -0.002831, 0.410373, 0.751167, -0.517036, -1.2e-05, 0.0, 0.0, 0.0, 1.0],
                [0.843094, 0.128189, 0.522243, 0.124994, 0.446611, -0.707875, -0.547191, -0.002831, 0.29955, 0.694607, -0.654041, -1.2e-05, 0.0, 0.0, 0.0, 1.0],
                [0.914719, 0.111591, 0.388362, 0.124994, 0.336938, -0.741199, -0.580567, -0.002831, 0.223075, 0.661943, -0.715572, -1.2e-05, 0.0, 0.0, 0.0, 1.0],
                [0.937301, 0.121311, 0.326713, 0.124994, 0.284357, -0.808223, -0.515635, 0.000208, 0.201512, 0.576241, -0.792029, 0.007113, 0.0, 0.0, 0.0, 1.0],
                [0.956124, 0.138183, 0.258314, 0.124994, 0.225987, -0.909006, -0.35015, 0.005003, 0.186431, 0.393193, -0.900336, 0.018358, 0.0, 0.0, 0.0, 1.0],
                [0.967817, 0.140088, 0.209049, 0.124994, 0.179442, -0.966589, -0.182969, 0.010302, 0.176439, 0.214622, -0.960605, 0.030781, 0.0, 0.0, 0.0, 1.0],
                [0.97339, 0.134201, 0.185739, 0.124994, 0.154392, -0.983045, -0.098792, 0.015824, 0.169338, 0.124868, -0.977591, 0.04373, 0.0, 0.0, 0.0, 1.0],
                [0.972326, 0.154851, 0.174928, 0.124994, 0.164361, -0.98553, -0.041127, 0.021449, 0.166035, 0.068768, -0.983694, 0.056921, 0.0, 0.0, 0.0, 1.0],
                [0.965987, 0.199062, 0.165041, 0.124994, 0.198686, -0.979868, 0.018998, 0.027111, 0.165506, 0.014467, -0.986077, 0.070197, 0.0, 0.0, 0.0, 1.0],
                [0.953377, 0.256131, 0.159577, 0.124994, 0.25083, -0.966573, 0.052912, 0.032764, 0.167801, -0.010392, -0.985741, 0.083452, 0.0, 0.0, 0.0, 1.0],
                [0.93454, 0.317302, 0.161081, 0.124994, 0.311671, -0.948293, 0.059833, 0.038375, 0.171743, -0.005686, -0.985101, 0.096608, 0.0, 0.0, 0.0, 1.0],
                [0.913969, 0.370215, 0.16611, 0.124994, 0.366056, -0.928883, 0.056196, 0.043914, 0.175108, 0.009471, -0.984479, 0.109597, 0.0, 0.0, 0.0, 1.0],
                [0.890276, 0.408705, 0.200895, 0.124994, 0.418846, -0.908003, -0.008809, 0.049356, 0.178819, 0.092014, -0.979546, 0.122358, 0.0, 0.0, 0.0, 1.0],
                [0.869079, 0.422884, 0.256629, 0.124994, 0.460206, -0.881458, -0.105931, 0.054677, 0.181417, 0.210194, -0.960657, 0.134833, 0.0, 0.0, 0.0, 1.0],
                [0.85567, 0.421622, 0.300082, 0.124994, 0.484488, -0.856467, -0.178086, 0.059847, 0.181932, 0.297799, -0.937109, 0.146957, 0.0, 0.0, 0.0, 1.0],
                [0.850397, 0.435562, 0.295122, 0.124994, 0.494197, -0.853735, -0.163975, 0.064839, 0.180541, 0.285322, -0.94125, 0.158662, 0.0, 0.0, 0.0, 1.0],
                [0.85437, 0.474119, 0.212722, 0.124994, 0.488659, -0.872272, -0.018437, 0.069617, 0.176817, 0.119728, -0.976909, 0.169865, 0.0, 0.0, 0.0, 1.0],
                [0.861676, 0.499936, 0.087011, 0.124994, 0.477291, -0.85668, 0.195656, 0.074139, 0.172362, -0.127038, -0.976778, 0.180469, 0.0, 0.0, 0.0, 1.0],
                [0.870803, 0.488259, -0.057448, 0.124994, 0.46217, -0.773163, 0.43429, 0.078354, 0.167635, -0.404711, -0.898913, 0.190352, 0.0, 0.0, 0.0, 1.0],
                [0.881113, 0.430835, -0.19498, 0.124994, 0.443961, -0.611574, 0.654877, 0.082192, 0.162905, -0.66357, -0.73012, 0.199353, 0.0, 0.0, 0.0, 1.0],
                [0.892403, 0.341865, -0.294521, 0.124994, 0.422539, -0.404037, 0.811293, 0.085561, 0.158361, -0.848439, -0.504992, 0.207252, 0.0, 0.0, 0.0, 1.0],
                [0.904711, 0.258423, -0.338693, 0.124994, 0.397118, -0.223691, 0.890073, 0.088326, 0.154258, -0.93976, -0.304974, 0.213734, 0.0, 0.0, 0.0, 1.0],
                [0.918282, 0.211448, -0.334729, 0.124994, 0.365941, -0.13053, 0.921417, 0.090276, 0.151145, -0.968621, -0.197214, 0.218309, 0.0, 0.0, 0.0, 1.0],
                [0.933612, 0.208871, -0.291099, 0.124994, 0.325295, -0.153605, 0.933028, 0.091054, 0.150173, -0.965797, -0.211326, 0.220131, 0.0, 0.0, 0.0, 1.0],
                [0.954967, 0.210717, -0.208889, 0.124998, 0.269324, -0.320159, 0.908246, 0.059973, 0.124509, -0.923629, -0.362467, 0.165, 0.0, 0.0, 0.0, 1.0],
                [0.976298, 0.147957, -0.157952, 0.125003, 0.202649, -0.36867, 0.907174, -0.006535, 0.075993, -0.917707, -0.38989, 0.04127, 0.0, 0.0, 0.0, 1.0],
                [0.989716, 0.07825, -0.119744, 0.124994, 0.139146, -0.33248, 0.932761, -0.037613, 0.033177, -0.939855, -0.339923, -0.031609, 0.0, 0.0, 0.0, 1.0],
                [0.995836, 0.018071, -0.089346, 0.118017, 0.089487, -0.380642, 0.920355, -0.037611, -0.017378, -0.924543, -0.380648, -0.055319, 0.0, 0.0, 0.0, 1.0],
                [0.994216, -0.033495, -0.102037, 0.099665, 0.066234, -0.55669, 0.828049, -0.03761, -0.084542, -0.830043, -0.551225, -0.071095, 0.0, 0.0, 0.0, 1.0],
                [0.97767, -0.057498, -0.202121, 0.074799, 0.09496, -0.737166, 0.668979, -0.03761, -0.187469, -0.67326, -0.715218, -0.080175, 0.0, 0.0, 0.0, 1.0],
                [0.932282, -0.082774, -0.352121, 0.048659, 0.164407, -0.770154, 0.616281, -0.037611, -0.322213, -0.632463, -0.704366, -0.084429, 0.0, 0.0, 0.0, 1.0],
                [0.84433, -0.092712, -0.527721, 0.025591, 0.252721, -0.799582, 0.544773, -0.037612, -0.472481, -0.593357, -0.651657, -0.08582, 0.0, 0.0, 0.0, 1.0],
                [0.709853, -0.088585, -0.69873, 0.008448, 0.337884, -0.827632, 0.448155, -0.037613, -0.618015, -0.554235, -0.557546, -0.085997, 0.0, 0.0, 0.0, 1.0],
                [0.469798, -0.391828, -0.791015, -0.00171, 0.438448, -0.674186, 0.594325, -0.037614, -0.766194, -0.626049, -0.14492, -0.085998, 0.0, 0.0, 0.0, 1.0],
                [0.171176, -0.578798, -0.797262, -0.009278, 0.498637, -0.64705, 0.576782, -0.037614, -0.849742, -0.496291, 0.177857, -0.085998, 0.0, 0.0, 0.0, 1.0],
                [-0.067512, -0.689114, -0.721456, -0.015791, 0.503555, -0.647812, 0.571632, -0.037614, -0.861321, -0.324716, 0.390743, -0.085998, 0.0, 0.0, 0.0, 1.0],
                [-0.23186, -0.746938, -0.62311, -0.021994, 0.477497, -0.645498, 0.596087, -0.037614, -0.847489, -0.159338, 0.506323, -0.085998, 0.0, 0.0, 0.0, 1.0],
                [-0.34657, -0.77366, -0.530365, -0.028349, 0.431442, -0.633545, 0.642236, -0.037614, -0.832915, -0.006256, 0.553353, -0.085998, 0.0, 0.0, 0.0, 1.0],
                [-0.433053, -0.779419, -0.452686, -0.035195, 0.363784, -0.610652, 0.703386, -0.037614, -0.824698, 0.139912, 0.547979, -0.085997, 0.0, 0.0, 0.0, 1.0],
                [-0.502938, -0.768383, -0.395724, -0.042819, 0.267564, -0.573783, 0.774059, -0.037613, -0.821865, 0.283412, 0.494162, -0.085997, 0.0, 0.0, 0.0, 1.0],
                [-0.55835, -0.744704, -0.365545, -0.051489, 0.136992, -0.517358, 0.844722, -0.037613, -0.818217, 0.421566, 0.390876, -0.085997, 0.0, 0.0, 0.0, 1.0],
                [-0.593244, -0.715112, -0.369649, -0.061485, -0.023601, -0.443549, 0.895928, -0.037613, -0.804677, 0.540222, 0.246243, -0.085997, 0.0, 0.0, 0.0, 1.0],
                [-0.603412, -0.676955, -0.421413, -0.076338, -0.223323, -0.363878, 0.904267, -0.037613, -0.76552, 0.639755, 0.068374, -0.085997, 0.0, 0.0, 0.0, 1.0],
                [-0.580287, -0.631628, -0.514075, -0.095061, -0.402902, -0.325939, 0.855227, -0.037613, -0.707769, 0.703403, -0.065363, -0.085997, 0.0, 0.0, 0.0, 1.0],
                [-0.540119, -0.568626, -0.620395, -0.114074, -0.529284, -0.343641, 0.775726, -0.037613, -0.654316, 0.747359, -0.115377, -0.085997, 0.0, 0.0, 0.0, 1.0],
                [-0.498415, -0.484012, -0.719211, -0.129991, -0.609112, -0.394839, 0.687801, -0.037613, -0.616899, 0.780905, -0.098043, -0.085998, 0.0, 0.0, 0.0, 1.0],
                [-0.46149, -0.385848, -0.798807, -0.140379, -0.658051, -0.455018, 0.59993, -0.037613, -0.594975, 0.802537, -0.043941, -0.085997, 0.0, 0.0, 0.0, 1.0],
                [-0.430848, -0.289875, -0.854566, -0.143958, -0.687573, -0.507902, 0.518912, -0.037613, -0.584477, 0.811172, 0.019501, -0.085997, 0.0, 0.0, 0.0, 1.0],
                [-0.412375, -0.329105, -0.849456, -0.143958, -0.688473, -0.498083, 0.52717, -0.037613, -0.596616, 0.802243, -0.021199, -0.085997, 0.0, 0.0, 0.0, 1.0],
                [-0.410629, -0.50974, -0.755971, -0.143958, -0.660545, -0.405248, 0.632012, -0.037613, -0.628541, 0.758897, -0.170314, -0.085997, 0.0, 0.0, 0.0, 1.0],
                [-0.427209, -0.702035, -0.569728, -0.143958, -0.595411, -0.255786, 0.761601, -0.037613, -0.680425, 0.664604, -0.308739, -0.085997, 0.0, 0.0, 0.0, 1.0],
                [-0.465145, -0.824408, -0.322419, -0.143958, -0.468138, -0.080065, 0.880001, -0.037613, -0.751323, 0.560279, -0.348707, -0.085997, 0.0, 0.0, 0.0, 1.0],
                [-0.512414, -0.854595, -0.084088, -0.143958, -0.259119, 0.060491, 0.963926, -0.037613, -0.818712, 0.515727, -0.252451, -0.085997, 0.0, 0.0, 0.0, 1.0],
                [-0.535829, -0.84251, 0.055146, -0.143958, -0.023829, 0.080353, 0.996459, -0.037613, -0.84399, 0.53262, -0.063146, -0.085997, 0.0, 0.0, 0.0, 1.0],
                [-0.533202, -0.843532, 0.064237, -0.143958, 0.251226, -0.085398, 0.964136, -0.037613, -0.807825, 0.530213, 0.257437, -0.085997, 0.0, 0.0, 0.0, 1.0],
                [-0.502002, -0.858887, -0.101387, -0.143958, 0.463119, -0.365981, 0.807193, -0.037613, -0.730422, 0.358246, 0.581476, -0.085997, 0.0, 0.0, 0.0, 1.0],
                [-0.467373, -0.811253, -0.351277, -0.143958, 0.573063, -0.580592, 0.578362, -0.037613, -0.673173, 0.068989, 0.736238, -0.085997, 0.0, 0.0, 0.0, 1.0],
                [-0.438855, -0.689181, -0.576533, -0.143958, 0.622173, -0.696018, 0.358408, -0.037613, -0.648311, -0.201435, 0.734226, -0.085997, 0.0, 0.0, 0.0, 1.0],
                [-0.414564, -0.551826, -0.723583, -0.143958, 0.636852, -0.743926, 0.202465, -0.037613, -0.650044, -0.376903, 0.659821, -0.085997, 0.0, 0.0, 0.0, 1.0],
                [-0.39132, -0.533201, -0.750008, -0.143958, 0.624554, -0.752472, 0.209086, -0.037613, -0.675871, -0.386623, 0.627454, -0.085997, 0.0, 0.0, 0.0, 1.0],
                [-0.336531, -0.750325, -0.568955, -0.143958, 0.619413, -0.631494, 0.466408, -0.037613, -0.709278, -0.195477, 0.677267, -0.085997, 0.0, 0.0, 0.0, 1.0],
                [-0.225596, -0.942692, -0.245758, -0.143958, 0.658003, -0.333486, 0.675134, -0.037613, -0.718428, -0.009419, 0.695521, -0.085997, 0.0, 0.0, 0.0, 1.0],
                [-0.13373, -0.988296, -0.07313, -0.143958, 0.664306, -0.144174, 0.733413, -0.037613, -0.735401, 0.049483, 0.675807, -0.085997, 0.0, 0.0, 0.0, 1.0],
                [-0.073116, -0.994457, -0.075307, -0.13271, 0.602592, -0.104238, 0.791199, -0.038227, -0.794694, 0.012455, 0.60687, -0.082725, 0.0, 0.0, 0.0, 1.0],
                [0.024565, -0.993604, -0.110047, -0.111434, 0.5143, -0.081857, 0.853678, -0.039387, -0.857259, -0.07758, 0.508997, -0.076535, 0.0, 0.0, 0.0, 1.0],
                [0.167096, -0.974231, -0.151379, -0.086864, 0.391431, -0.075392, 0.917094, -0.040728, -0.904909, -0.212509, 0.368747, -0.069388, 0.0, 0.0, 0.0, 1.0],
                [0.349335, -0.920901, -0.172844, -0.061391, 0.225948, -0.096258, 0.969349, -0.042117, -0.909348, -0.377691, 0.174455, -0.061977, 0.0, 0.0, 0.0, 1.0],
                [0.538163, -0.829278, -0.150522, -0.036276, 0.03071, -0.159205, 0.986744, -0.043487, -0.842281, -0.535659, -0.060198, -0.054671, 0.0, 0.0, 0.0, 1.0],
                [0.68604, -0.722278, -0.08747, -0.012357, -0.154331, -0.261979, 0.952631, -0.044792, -0.711007, -0.64005, -0.291178, -0.047713, 0.0, 0.0, 0.0, 1.0],
                [0.773884, -0.633174, -0.013773, 0.009703, -0.295533, -0.380288, 0.876359, -0.045995, -0.560147, -0.674135, -0.481396, -0.041296, 0.0, 0.0, 0.0, 1.0],
                [0.815947, -0.576463, 0.043815, 0.029311, -0.389065, -0.491485, 0.779129, -0.047064, -0.427621, -0.652781, -0.625277, -0.035591, 0.0, 0.0, 0.0, 1.0],
                [0.83279, -0.548452, 0.075236, 0.045868, -0.446907, -0.585864, 0.676029, -0.047967, -0.326704, -0.596621, -0.732975, -0.030775, 0.0, 0.0, 0.0, 1.0],
                [0.838094, -0.539628, 0.080005, 0.058727, -0.481126, -0.662038, 0.574636, -0.048669, -0.257132, -0.520099, -0.814444, -0.027034, 0.0, 0.0, 0.0, 1.0],
                [0.839028, -0.540548, 0.061969, 0.067137, -0.499446, -0.719992, 0.481821, -0.049128, -0.215838, -0.435221, -0.874032, -0.024587, 0.0, 0.0, 0.0, 1.0],
                [0.838975, -0.542595, 0.041371, 0.070183, -0.505413, -0.748789, 0.428789, -0.049294, -0.201688, -0.380663, -0.902415, -0.023701, 0.0, 0.0, 0.0, 1.0]
            ]
        },
        {
            "name": "Leg_R",
            "time": [0.0, 0.0167, 0.0333, 0.05, 0.0667, 0.0833, 0.1, 0.1167, 0.1333, 0.15, 0.1667, 0.1833, 0.2, 0.2167, 0.2333, 0.25, 0.2667, 0.2833, 0.3, 0.3167, 0.3333, 0.35, 0.3667, 0.3833, 0.4, 0.4167, 0.4333, 0.45, 0.4667, 0.4833, 0.5, 0.5167, 0.5333, 0.55, 0.5667, 0.5833, 0.6, 0.6167, 0.6333, 0.65, 0.6667, 0.6833, 0.7, 0.7167, 0.7333, 0.75, 0.7667, 0.7833, 0.8, 0.8167, 0.8333, 0.85, 0.8667, 0.8833, 0.9, 0.9167, 0.9333, 0.95, 0.9667, 0.9833, 1.0, 1.0167, 1.0333, 1.05, 1.0667, 1.0833, 1.1, 1.1167, 1.1333, 1.15, 1.1667, 1.1833, 1.2, 1.2167, 1.2333, 1.25, 1.2667, 1.2833, 1.3, 1.3167, 1.3333, 1.35, 1.3667, 1.3833, 1.4, 1.4167, 1.4333, 1.45, 1.4667, 1.4833, 1.5, 1.5167, 1.5333, 1.55, 1.5667, 1.5833, 1.6, 1.6167, 1.6333, 1.65, 1.6667, 1.6833, 1.7, 1.7167, 1.7333, 1.75, 1.7667, 1.7833, 1.8, 1.8167, 1.8333, 1.85, 1.8667, 1.8833, 1.9, 1.9167, 1.9333, 1.95, 1.9667, 1.9833],
            "transform": [
                [0.999999, -0.001079, -0.00094, 0.0, 0.00119, 0.262232, 0.964987, 0.375166, -0.000795, -0.965025, 0.262244, -0.0, 0.0, 0.0, 0.0, 1.0],
                [0.999999, -0.001077, -0.000932, 0.0, 0.001188, 0.269161, 0.963078, 0.375166, -0.000786, -0.963116, 0.269173, 0.0, 0.0, 0.0, 0.0, 1.0],
                [0.999999, -0.00107, -0.000909, -0.0, 0.00118, 0.28971, 0.957097, 0.375166, -0.000761, -0.957135, 0.289722, -0.0, 0.0, 0.0, 0.0, 1.0],
                [0.999999, -0.001059, -0.000874, -0.0, 0.001168, 0.320926, 0.947087, 0.375166, -0.000722, -0.947125, 0.320939, -0.0, 0.0, 0.0, 0.0, 1.0],
                [0.999999, -0.001045, -0.000836, 0.0, 0.001153, 0.355728, 0.934572, 0.375166, -0.00068, -0.934611, 0.35574, 0.0, 0.0, 0.0, 0.0, 1.0],
                [0.999999, -0.001032, -0.000802, 0.0, 0.001138, 0.385191, 0.922819, 0.375166, -0.000643, -0.922858, 0.385204, -0.0, 0.0, 0.0, 0.0, 1.0],
                [0.999999, -0.001023, -0.000782, 0.0, 0.001128, 0.403532, 0.914947, 0.375166, -0.000621, -0.914986, 0.403545, 0.0, 0.0, 0.0, 0.0, 1.0],
                [0.999999, -0.001027, -0.000791, 0.0, 0.001133, 0.395368, 0.918505, 0.375166, -0.000631, -0.918543, 0.395381, 0.0, 0.0, 0.0, 0.0, 1.0],
                [0.999999, -0.00103, -0.000798, 0.0, 0.001136, 0.389046, 0.9212, 0.375166, -0.000638, -0.921239, 0.389059, -0.0, 0.0, 0.0, 0.0, 1.0],
                [0.999999, -0.001024, -0.000784, -0.0, 0.001129, 0.40167, 0.915766, 0.375166, -0.000623, -0.915805, 0.401684, -0.0, 0.0, 0.0, 0.0, 1.0],
                [0.999999, -0.001048, -0.000844, -0.0, 0.001156, 0.348157, 0.937419, 0.375166, -0.000689, -0.937457, 0.34817, 0.0, 0.0, 0.0, 0.0, 1.0],
                [0.999999, -0.001102, -0.001041, 0.0, 0.001215, 0.171574, 0.985155, 0.375166, -0.000907, -0.985191, 0.171585, -0.0, 0.0, 0.0, 0.0, 1.0],
                [0.999999, -0.001117, -0.001291, -0.0, 0.001232, -0.051294, 0.998668, 0.375166, -0.001181, -0.9987, -0.051284, 0.0, 0.0, 0.0, 0.0, 1.0],
                [0.999998, -0.001081, -0.001518, 0.0, 0.001193, -0.254475, 0.967065, 0.375166, -0.001432, -0.967092, -0.254465, 0.0, 0.0, 0.0, 0.0, 1.0],
                [0.999998, -0.001021, -0.001689, 0.0, 0.001126, -0.407884, 0.913021, 0.375166, -0.001621, -0.913042, -0.407873, -0.0, 0.0, 0.0, 0.0, 1.0],
                [0.999998, -0.000965, -0.001797, -0.0, 0.001065, -0.504478, 0.863414, 0.375166, -0.00174, -0.863431, -0.504466, -0.0, 0.0, 0.0, 0.0, 1.0],
                [0.999998, -0.000903, -0.001894, 0.0, 0.000995, -0.590457, 0.80706, 0.375166, -0.001846, -0.807074, -0.590444, 0.0, 0.0, 0.0, 0.0, 1.0],
                [0.999998, -0.00089, -0.00191, -0.0, 0.000982, -0.605422, 0.795896, 0.375166, -0.001865, -0.795909, -0.60541, 0.0, 0.0, 0.0, 0.0, 1.0],
                [0.999998, -0.000968, -0.001793, 0.0, 0.001068, -0.500456, 0.865751, 0.375166, -0.001736, -0.865768, -0.500445, 0.0, 0.0, 0.0, 0.0, 1.0],
                [0.999998, -0.001049, -0.001621, 0.0, 0.001157, -0.346431, 0.938062, 0.375166, -0.001546, -0.938086, -0.346421, 0.0, 0.0, 0.0, 0.0, 1.0],
                [0.999998, -0.001078, -0.001531, 0.0, 0.001189, -0.26662, 0.963787, 0.375166, -0.001447, -0.963814, -0.26661, -0.0, 0.0, 0.0, 0.0, 1.0],
                [0.999998, -0.001059, -0.001592, 0.0, 0.001168, -0.321112, 0.947027, 0.375166, -0.001514, -0.947052, -0.321102, 0.0, 0.0, 0.0, 0.0, 1.0],
                [0.999998, -0.001059, -0.001591, -0.0, 0.001169, -0.31974, 0.947492, 0.375166, -0.001513, -0.947516, -0.31973, 0.0, 0.0, 0.0, 0.0, 1.0],
                [0.999999, -0.001117, -0.001187, -0.0, 0.001232, 0.041725, 0.999113, 0.375166, -0.001067, -0.999147, 0.041735, 0.0, 0.0, 0.0, 0.0, 1.0],
