{
    "animation": [
        {
            "name": "Root",
            "time": [0.0, 0.0167, 0.0333, 0.05, 0.0667, 0.0833, 0.1, 0.1167, 0.1333, 0.15, 0.1667, 0.1833, 0.2, 0.2167, 0.2333, 0.25, 0.2667, 0.2833, 0.3, 0.3167, 0.3333, 0.35, 0.3667, 0.3833, 0.4, 0.4167, 0.4333, 0.45, 0.4667, 0.4833, 0.5, 0.5167, 0.5333, 0.55, 0.5667, 0.5833, 0.6, 0.6167, 0.6333, 0.65, 0.6667, 0.6833, 0.7, 0.7167, 0.7333, 0.75, 0.7667, 0.7833, 0.8, 0.8167, 0.8333, 0.85, 0.8667, 0.8833, 0.9, 0.9167, 0.9333, 0.95, 0.9667, 0.9833, 1.0, 1.0167, 1.0333, 1.05, 1.0667, 1.0833, 1.1, 1.1167, 1.1333, 1.15],
            "transform": [
                [1.0, 0.0, -0.0, -5e-06, -0.0, 0.0, -1.0, 0.000946, 0.0, 1.0, 0.0, 0.699153, 0.0, 0.0, 0.0, 1.0],
                [1.0, 0.0, -0.0, 0.000408, -0.0, 0.0, -1.0, -0.002698, 0.0, 1.0, 0.0, 0.698241, 0.0, 0.0, 0.0, 1.0],
                [1.0, 0.0, -0.0, 0.001728, -0.0, 0.0, -1.0, -0.013978, 0.0, 1.0, 0.0, 0.695325, 0.0, 0.0, 0.0, 1.0],
                [1.0, 0.0, -0.0, 0.003937, -0.0, 0.0, -1.0, -0.031957, 0.0, 1.0, 0.0, 0.690445, 0.0, 0.0, 0.0, 1.0],
                [1.0, 0.0, -0.0, 0.006748, -0.0, 0.0, -1.0, -0.053352, 0.0, 1.0, 0.0, 0.684233, 0.0, 0.0, 0.0, 1.0],
                [1.0, 0.0, -0.0, 0.009725, -0.0, 0.0, -1.0, -0.074025, 0.0, 1.0, 0.0, 0.677655, 0.0, 0.0, 0.0, 1.0],
                [1.0, 0.0, -0.0, 0.012525, -0.0, 0.0, -1.0, -0.091202, 0.0, 1.0, 0.0, 0.671469, 0.0, 0.0, 0.0, 1.0],
                [1.0, 0.0, -0.0, 0.016265, -0.0, 0.0, -1.0, -0.105508, 0.0, 1.0, 0.0, 0.665758, 0.0, 0.0, 0.0, 1.0],
                [1.0, 0.0, -0.0, 0.020694, -0.0, 0.0, -1.0, -0.118234, 0.0, 1.0, 0.0, 0.660826, 0.0, 0.0, 0.0, 1.0],
                [1.0, 0.0, -0.0, 0.025202, -0.0, 0.0, -1.0, -0.130622, 0.0, 1.0, 0.0, 0.655854, 0.0, 0.0, 0.0, 1.0],
                [1.0, 0.0, -0.0, 0.029482, -0.0, 0.0, -1.0, -0.143291, 0.0, 1.0, 0.0, 0.650425, 0.0, 0.0, 0.0, 1.0],
                [1.0, 0.0, -0.0, 0.033333, -0.0, 0.0, -1.0, -0.156644, 0.0, 1.0, 0.0, 0.64426, 0.0, 0.0, 0.0, 1.0],
                [1.0, 0.0, -0.0, 0.036594, -0.0, 0.0, -1.0, -0.170994, 0.0, 1.0, 0.0, 0.637131, 0.0, 0.0, 0.0, 1.0],
                [1.0, 0.0, -0.0, 0.039118, -0.0, 0.0, -1.0, -0.186622, 0.0, 1.0, 0.0, 0.628828, 0.0, 0.0, 0.0, 1.0],
                [1.0, 0.0, -0.0, 0.040756, -0.0, 0.0, -1.0, -0.203812, 0.0, 1.0, 0.0, 0.619131, 0.0, 0.0, 0.0, 1.0],
                [1.0, 0.0, -0.0, 0.041342, -0.0, 0.0, -1.0, -0.22287, 0.0, 1.0, 0.0, 0.607795, 0.0, 0.0, 0.0, 1.0],
                [1.0, 0.0, -0.0, 0.037105, -0.0, 0.0, -1.0, -0.250672, 0.0, 1.0, 0.0, 0.594187, 0.0, 0.0, 0.0, 1.0],
                [1.0, 0.0, -0.0, 0.025809, -0.0, 0.0, -1.0, -0.285557, 0.0, 1.0, 0.0, 0.581021, 0.0, 0.0, 0.0, 1.0],
                [1.0, 0.0, -0.0, 0.010251, -0.0, 0.0, -1.0, -0.320903, 0.0, 1.0, 0.0, 0.566559, 0.0, 0.0, 0.0, 1.0],
                [1.0, 0.0, -0.0, -0.006497, -0.0, 0.0, -1.0, -0.350456, 0.0, 1.0, 0.0, 0.54931, 0.0, 0.0, 0.0, 1.0],
                [1.0, 0.0, -0.0, -0.021848, -0.0, 0.0, -1.0, -0.369726, 0.0, 1.0, 0.0, 0.528336, 0.0, 0.0, 0.0, 1.0],
                [1.0, 0.0, -0.0, -0.034066, -0.0, 0.0, -1.0, -0.376364, 0.0, 1.0, 0.0, 0.503279, 0.0, 0.0, 0.0, 1.0],
                [1.0, 0.0, -0.0, -0.045124, -0.0, 0.0, -1.0, -0.37621, 0.0, 1.0, 0.0, 0.466462, 0.0, 0.0, 0.0, 1.0],
                [1.0, 0.0, -0.0, -0.054754, -0.0, 0.0, -1.0, -0.374886, 0.0, 1.0, 0.0, 0.424595, 0.0, 0.0, 0.0, 1.0],
                [1.0, 0.0, -0.0, -0.058082, -0.0, 0.0, -1.0, -0.371664, 0.0, 1.0, 0.0, 0.392917, 0.0, 0.0, 0.0, 1.0],
                [1.0, 0.0, -0.0, -0.058082, -0.0, 0.0, -1.0, -0.368088, 0.0, 1.0, 0.0, 0.372297, 0.0, 0.0, 0.0, 1.0],
                [1.0, 0.0, -0.0, -0.058082, -0.0, 0.0, -1.0, -0.365786, 0.0, 1.0, 0.0, 0.35449, 0.0, 0.0, 0.0, 1.0],
                [1.0, 0.0, -0.0, -0.058082, -0.0, 0.0, -1.0, -0.36266, 0.0, 1.0, 0.0, 0.340432, 0.0, 0.0, 0.0, 1.0],
                [1.0, 0.0, -0.0, -0.058082, -0.0, 0.0, -1.0, -0.356835, 0.0, 1.0, 0.0, 0.330604, 0.0, 0.0, 0.0, 1.0],
                [1.0, 0.0, -0.0, -0.058082, -0.0, 0.0, -1.0, -0.347054, 0.0, 1.0, 0.0, 0.324993, 0.0, 0.0, 0.0, 1.0],
                [1.0, 0.0, -0.0, -0.058082, -0.0, 0.0, -1.0, -0.332751, 0.0, 1.0, 0.0, 0.323236, 0.0, 0.0, 0.0, 1.0],
                [1.0, 0.0, -0.0, -0.058082, -0.0, 0.0, -1.0, -0.312722, 0.0, 1.0, 0.0, 0.326705, 0.0, 0.0, 0.0, 1.0],
                [1.0, 0.0, -0.0, -0.058082, -0.0, 0.0, -1.0, -0.297883, 0.0, 1.0, 0.0, 0.336118, 0.0, 0.0, 0.0, 1.0],
                [1.0, 0.0, -0.0, -0.058082, -0.0, 0.0, -1.0, -0.277679, 0.0, 1.0, 0.0, 0.349418, 0.0, 0.0, 0.0, 1.0],
                [1.0, 0.0, -0.0, -0.058082, -0.0, 0.0, -1.0, -0.24279, 0.0, 1.0, 0.0, 0.364272, 0.0, 0.0, 0.0, 1.0],
                [1.0, 0.0, -0.0, -0.058082, -0.0, 0.0, -1.0, -0.187098, 0.0, 1.0, 0.0, 0.378649, 0.0, 0.0, 0.0, 1.0],
                [1.0, 0.0, -0.0, -0.058082, -0.0, 0.0, -1.0, -0.107971, 0.0, 1.0, 0.0, 0.391136, 0.0, 0.0, 0.0, 1.0],
                [1.0, 0.0, -0.0, -0.049348, -0.0, 0.0, -1.0, 0.022516, 0.0, 1.0, 0.0, 0.401167, 0.0, 0.0, 0.0, 1.0],
                [1.0, 0.0, -0.0, -0.030296, -0.0, 0.0, -1.0, 0.181155, 0.0, 1.0, 0.0, 0.413431, 0.0, 0.0, 0.0, 1.0],
                [1.0, 0.0, -0.0, -0.007934, -0.0, 0.0, -1.0, 0.349906, 0.0, 1.0, 0.0, 0.432392, 0.0, 0.0, 0.0, 1.0],
                [1.0, 0.0, -0.0, 0.012394, -0.0, 0.0, -1.0, 0.531695, 0.0, 1.0, 0.0, 0.453656, 0.0, 0.0, 0.0, 1.0],
                [1.0, 0.0, -0.0, 0.027464, -0.0, 0.0, -1.0, 1.015566, 0.0, 1.0, 0.0, 0.479843, 0.0, 0.0, 0.0, 1.0],
                [1.0, 0.0, -0.0, 0.036598, -0.0, 0.0, -1.0, 1.484466, 0.0, 1.0, 0.0, 0.49391, 0.0, 0.0, 0.0, 1.0],
                [1.0, 0.0, -0.0, 0.041309, -0.0, 0.0, -1.0, 1.663983, 0.0, 1.0, 0.0, 0.458517, 0.0, 0.0, 0.0, 1.0],
                [1.0, 0.0, -0.0, 0.043404, -0.0, 0.0, -1.0, 1.821666, 0.0, 1.0, 0.0, 0.38278, 0.0, 0.0, 0.0, 1.0],
                [1.0, 0.0, -0.0, 0.043717, -0.0, 0.0, -1.0, 1.876444, 0.0, 1.0, 0.0, 0.347387, 0.0, 0.0, 0.0, 1.0],
                [1.0, 0.0, -0.0, 0.043717, -0.0, 0.0, -1.0, 1.867516, 0.0, 1.0, 0.0, 0.347477, 0.0, 0.0, 0.0, 1.0],
                [1.0, 0.0, -0.0, 0.043717, -0.0, 0.0, -1.0, 1.844074, 0.0, 1.0, 0.0, 0.348126, 0.0, 0.0, 0.0, 1.0],
                [1.0, 0.0, -0.0, 0.043717, -0.0, 0.0, -1.0, 1.812541, 0.0, 1.0, 0.0, 0.349874, 0.0, 0.0, 0.0, 1.0],
                [1.0, 0.0, -0.0, 0.043717, -0.0, 0.0, -1.0, 1.779791, 0.0, 1.0, 0.0, 0.35311, 0.0, 0.0, 0.0, 1.0],
                [1.0, 0.0, -0.0, 0.043717, -0.0, 0.0, -1.0, 1.751477, 0.0, 1.0, 0.0, 0.358008, 0.0, 0.0, 0.0, 1.0],
                [1.0, 0.0, -0.0, 0.043717, -0.0, 0.0, -1.0, 1.731277, 0.0, 1.0, 0.0, 0.36455, 0.0, 0.0, 0.0, 1.0],
                [1.0, 0.0, -0.0, 0.043717, -0.0, 0.0, -1.0, 1.718785, 0.0, 1.0, 0.0, 0.377583, 0.0, 0.0, 0.0, 1.0],
                [1.0, 0.0, -0.0, 0.043717, -0.0, 0.0, -1.0, 1.708462, 0.0, 1.0, 0.0, 0.394529, 0.0, 0.0, 0.0, 1.0],
                [1.0, 0.0, -0.0, 0.043717, -0.0, 0.0, -1.0, 1.700644, 0.0, 1.0, 0.0, 0.41251, 0.0, 0.0, 0.0, 1.0],
                [1.0, 0.0, -0.0, 0.043717, -0.0, 0.0, -1.0, 1.695387, 0.0, 1.0, 0.0, 0.42872, 0.0, 0.0, 0.0, 1.0],
                [1.0, 0.0, -0.0, 0.043717, -0.0, 0.0, -1.0, 1.692488, 0.0, 1.0, 0.0, 0.441068, 0.0, 0.0, 0.0, 1.0],
                [1.0, 0.0, -0.0, 0.043717, -0.0, 0.0, -1.0, 1.691605, 0.0, 1.0, 0.0, 0.448379, 0.0, 0.0, 0.0, 1.0],
                [1.0, 0.0, -0.0, 0.043717, -0.0, 0.0, -1.0, 1.692199, 0.0, 1.0, 0.0, 0.45226, 0.0, 0.0, 0.0, 1.0],
                [1.0, 0.0, -0.0, 0.043717, -0.0, 0.0, -1.0, 1.69332, 0.0, 1.0, 0.0, 0.455388, 0.0, 0.0, 0.0, 1.0],
                [1.0, 0.0, -0.0, 0.043717, -0.0, 0.0, -1.0, 1.694616, 0.0, 1.0, 0.0, 0.458084, 0.0, 0.0, 0.0, 1.0],
                [1.0, 0.0, -0.0, 0.043717, -0.0, 0.0, -1.0, 1.695959, 0.0, 1.0, 0.0, 0.460456, 0.0, 0.0, 0.0, 1.0],
                [1.0, 0.0, -0.0, 0.043717, -0.0, 0.0, -1.0, 1.697284, 0.0, 1.0, 0.0, 0.462552, 0.0, 0.0, 0.0, 1.0],
                [1.0, 0.0, -0.0, 0.043717, -0.0, 0.0, -1.0, 1.698545, 0.0, 1.0, 0.0, 0.464395, 0.0, 0.0, 0.0, 1.0],
                [1.0, 0.0, -0.0, 0.043717, -0.0, 0.0, -1.0, 1.699708, 0.0, 1.0, 0.0, 0.465993, 0.0, 0.0, 0.0, 1.0],
                [1.0, 0.0, -0.0, 0.043717, -0.0, 0.0, -1.0, 1.700742, 0.0, 1.0, 0.0, 0.467343, 0.0, 0.0, 0.0, 1.0],
                [1.0, 0.0, -0.0, 0.043717, -0.0, 0.0, -1.0, 1.701615, 0.0, 1.0, 0.0, 0.468436, 0.0, 0.0, 0.0, 1.0],
                [1.0, 0.0, -0.0, 0.043717, -0.0, 0.0, -1.0, 1.702293, 0.0, 1.0, 0.0, 0.469256, 0.0, 0.0, 0.0, 1.0],
                [1.0, 0.0, -0.0, 0.043717, -0.0, 0.0, -1.0, 1.702737, 0.0, 1.0, 0.0, 0.469775, 0.0, 0.0, 0.0, 1.0],
                [1.0, 0.0, -0.0, 0.043717, -0.0, 0.0, -1.0, 1.702897, 0.0, 1.0, 0.0, 0.469959, 0.0, 0.0, 0.0, 1.0]
            ]
        },
        {
            "name": "Thigh_R",
            "time": [0.0, 0.0167, 0.0333, 0.05, 0.0667, 0.0833, 0.1, 0.1167, 0.1333, 0.15, 0.1667, 0.1833, 0.2, 0.2167, 0.2333, 0.25, 0.2667, 0.2833, 0.3, 0.3167, 0.3333, 0.35, 0.3667, 0.3833, 0.4, 0.4167, 0.4333, 0.45, 0.4667, 0.4833, 0.5, 0.5167, 0.5333, 0.55, 0.5667, 0.5833, 0.6, 0.6167, 0.6333, 0.65, 0.6667, 0.6833, 0.7, 0.7167, 0.7333, 0.75, 0.7667, 0.7833, 0.8, 0.8167, 0.8333, 0.85, 0.8667, 0.8833, 0.9, 0.9167, 0.9333, 0.95, 0.9667, 0.9833, 1.0, 1.0167, 1.0333, 1.05, 1.0667, 1.0833, 1.1, 1.1167, 1.1333, 1.15],
            "transform": [
                [0.951813, 0.15821, 0.262707, 0.114686, 0.122418, -0.981451, 0.147531, 0.003069, 0.281185, -0.108249, -0.953493, 0.087006, 0.0, 0.0, 0.0, 1.0],
                [0.94991, 0.161551, 0.267517, 0.114682, 0.124741, -0.980874, 0.149411, 0.003006, 0.286548, -0.108544, -0.951861, 0.087599, 0.0, 0.0, 0.0, 1.0],
                [0.94401, 0.171902, 0.28158, 0.114651, 0.131665, -0.978908, 0.156208, 0.002815, 0.302505, -0.110375, -0.9467, 0.089391, 0.0, 0.0, 0.0, 1.0],
                [0.933531, 0.189203, 0.304488, 0.114561, 0.143807, -0.975687, 0.165384, 0.002496, 0.328388, -0.110591, -0.938011, 0.092374, 0.0, 0.0, 0.0, 1.0],
                [0.917427, 0.212368, 0.336479, 0.114368, 0.16315, -0.972071, 0.168692, 0.002058, 0.36292, -0.099853, -0.92642, 0.096484, 0.0, 0.0, 0.0, 1.0],
                [0.894304, 0.238702, 0.378455, 0.114026, 0.192439, -0.96878, 0.156303, 0.001512, 0.403965, -0.066938, -0.912289, 0.101593, 0.0, 0.0, 0.0, 1.0],
                [0.862926, 0.263529, 0.431154, 0.11348, 0.233345, -0.964635, 0.122587, 0.000882, 0.448228, -0.005159, -0.893873, 0.107493, 0.0, 0.0, 0.0, 1.0],
                [0.823977, 0.279551, 0.49284, 0.112679, 0.282367, -0.956704, 0.07059, 0.000198, 0.491255, 0.081015, -0.86721, 0.113905, 0.0, 0.0, 0.0, 1.0],
                [0.779267, 0.280184, 0.560547, 0.111577, 0.335428, -0.942053, 0.004581, -0.000505, 0.529369, 0.184472, -0.828066, 0.120495, 0.0, 0.0, 0.0, 1.0],
                [0.731614, 0.261831, 0.629406, 0.11014, 0.388189, -0.918998, -0.06891, -0.00119, 0.560401, 0.294765, -0.773967, 0.126907, 0.0, 0.0, 0.0, 1.0],
                [0.684448, 0.218812, 0.695424, 0.108352, 0.436436, -0.887071, -0.150417, -0.00182, 0.583999, 0.406481, -0.702627, 0.132807, 0.0, 0.0, 0.0, 1.0],
                [0.640881, 0.127494, 0.75695, 0.106213, 0.477123, -0.838657, -0.262686, -0.002365, 0.601353, 0.529529, -0.598286, 0.137916, 0.0, 0.0, 0.0, 1.0],
                [0.603092, 0.133838, 0.786333, 0.103737, 0.508832, -0.823754, -0.250032, -0.002804, 0.614304, 0.550925, -0.564878, 0.142026, 0.0, 0.0, 0.0, 1.0],
                [0.572328, 0.140407, 0.807884, 0.100948, 0.53091, -0.814315, -0.234569, -0.003123, 0.62496, 0.563186, -0.540577, 0.145008, 0.0, 0.0, 0.0, 1.0],
                [0.549043, 0.237007, 0.801454, 0.097877, 0.543471, -0.829777, -0.126913, -0.003314, 0.634973, 0.505271, -0.58437, 0.146801, 0.0, 0.0, 0.0, 1.0],
                [0.53333, 0.347336, 0.771276, 0.094555, 0.546504, -0.837455, -0.000753, -0.003378, 0.645671, 0.42193, -0.636442, 0.147393, 0.0, 0.0, 0.0, 1.0],
                [0.518816, 0.4453, 0.729719, 0.085896, 0.543278, -0.830824, 0.120744, 0.000258, 0.66006, 0.333819, -0.672949, 0.147393, 0.0, 0.0, 0.0, 1.0],
                [0.503556, 0.528047, 0.683777, 0.074497, 0.535796, -0.811761, 0.232305, 0.007878, 0.677757, 0.249407, -0.691675, 0.147393, 0.0, 0.0, 0.0, 1.0],
                [0.486712, 0.599948, 0.634923, 0.062433, 0.528023, -0.781092, 0.333293, 0.01697, 0.695918, 0.173056, -0.696937, 0.147393, 0.0, 0.0, 0.0, 1.0],
                [0.466655, 0.66127, 0.587292, 0.050736, 0.524423, -0.741612, 0.418315, 0.026304, 0.712189, 0.112799, -0.692845, 0.147393, 0.0, 0.0, 0.0, 1.0],
                [0.442182, 0.713338, 0.543674, 0.040072, 0.528786, -0.696965, 0.484375, 0.035109, 0.724473, 0.073323, -0.685372, 0.147393, 0.0, 0.0, 0.0, 1.0],
                [0.412708, 0.758268, 0.504639, 0.030957, 0.543774, -0.649597, 0.531343, 0.04281, 0.73074, 0.055138, -0.680405, 0.147393, 0.0, 0.0, 0.0, 1.0],
                [0.377304, 0.811448, 0.446267, 0.023852, 0.571931, -0.583201, 0.576855, 0.048914, 0.728379, 0.037602, -0.684122, 0.147393, 0.0, 0.0, 0.0, 1.0],
                [0.342145, 0.862248, 0.3734, 0.019217, 0.605294, -0.50622, 0.614288, 0.052946, 0.718718, 0.015859, -0.6951, 0.147393, 0.0, 0.0, 0.0, 1.0],
                [0.316988, 0.893165, 0.318967, 0.01755, 0.632625, -0.449703, 0.630508, 0.05441, 0.706615, 0.001941, -0.707576, 0.147393, 0.0, 0.0, 0.0, 1.0],
                [0.299292, 0.912199, 0.27979, 0.018151, 0.65424, -0.409658, 0.635718, 0.051553, 0.694546, -0.007197, -0.719392, 0.147393, 0.0, 0.0, 0.0, 1.0],
                [0.281681, 0.928844, 0.240564, 0.019265, 0.674833, -0.370028, 0.638488, 0.046262, 0.682096, -0.01749, -0.731033, 0.147393, 0.0, 0.0, 0.0, 1.0],
                [0.2645, 0.94146, 0.208946, 0.020554, 0.694085, -0.336281, 0.636513, 0.040134, 0.669541, -0.023313, -0.742388, 0.147393, 0.0, 0.0, 0.0, 1.0],
                [0.247468, 0.950091, 0.189875, 0.021908, 0.712389, -0.311266, 0.628969, 0.033699, 0.656704, -0.020365, -0.753853, 0.147393, 0.0, 0.0, 0.0, 1.0],
                [0.230286, 0.955139, 0.186126, 0.023269, 0.730097, -0.296054, 0.615872, 0.02723, 0.643371, -0.005917, -0.765512, 0.147393, 0.0, 0.0, 0.0, 1.0],
                [0.212861, 0.956679, 0.198544, 0.024598, 0.747302, -0.29033, 0.597693, 0.020918, 0.629467, 0.021167, -0.776719, 0.147393, 0.0, 0.0, 0.0, 1.0],
                [0.196204, 0.95273, 0.23189, 0.02586, 0.763066, -0.296888, 0.574089, 0.014919, 0.61582, 0.06433, -0.785237, 0.147393, 0.0, 0.0, 0.0, 1.0],
                [0.189337, 0.945013, 0.266581, 0.027023, 0.769384, -0.311482, 0.557689, 0.009393, 0.610081, 0.099534, -0.786043, 0.147393, 0.0, 0.0, 0.0, 1.0],
                [0.182977, 0.930075, 0.318498, 0.028049, 0.775147, -0.335773, 0.535159, 0.004517, 0.604703, 0.148983, -0.782374, 0.147393, 0.0, 0.0, 0.0, 1.0],
                [0.169385, 0.899782, 0.402068, 0.02889, 0.78712, -0.369031, 0.494217, 0.000519, 0.593085, 0.232787, -0.770736, 0.147393, 0.0, 0.0, 0.0, 1.0],
                [0.144876, 0.836461, 0.528485, 0.029479, 0.807603, -0.408572, 0.425254, -0.00228, 0.571654, 0.365223, -0.734711, 0.147393, 0.0, 0.0, 0.0, 1.0],
                [0.110339, 0.691945, 0.71343, 0.02971, 0.83414, -0.454781, 0.31206, -0.003378, 0.540403, 0.560697, -0.627348, 0.147393, 0.0, 0.0, 0.0, 1.0],
                [0.159669, 0.543478, 0.824061, 0.02965, 0.855022, -0.493383, 0.159717, 0.016705, 0.493399, 0.679119, -0.543451, 0.14805, 0.0, 0.0, 0.0, 1.0],
                [0.532732, 0.658716, 0.531274, 0.029239, 0.781712, -0.623543, -0.010715, 0.053498, 0.324226, 0.421042, -0.847094, 0.147583, 0.0, 0.0, 0.0, 1.0],
                [0.348686, 0.770794, 0.533145, 0.028459, 0.837857, -0.511291, 0.191241, 0.091589, 0.420015, 0.380044, -0.824094, 0.145522, 0.0, 0.0, 0.0, 1.0],
                [0.375842, 0.857077, 0.352298, 0.025964, 0.697824, -0.511921, 0.50097, 0.11113, 0.609741, 0.057573, -0.790494, 0.132288, 0.0, 0.0, 0.0, 1.0],
                [0.59515, 0.506471, 0.623892, 0.019122, -0.596478, -0.241876, 0.765298, 0.088292, 0.538527, -0.827628, 0.158162, 0.05867, 0.0, 0.0, 0.0, 1.0],
                [0.996723, 0.073523, -0.03374, 0.01343, 0.067472, -0.525469, 0.8481, 0.054811, 0.044627, -0.84763, -0.528688, -0.013498, 0.0, 0.0, 0.0, 1.0],
                [0.896747, 0.088728, -0.43354, 0.010765, 0.396596, -0.595818, 0.698337, 0.038375, -0.196357, -0.798203, -0.569466, -0.048376, 0.0, 0.0, 0.0, 1.0],
                [0.8188, -0.223287, -0.528852, 0.008949, 0.493445, -0.197077, 0.847134, 0.026595, -0.293391, -0.954613, -0.051164, -0.072972, 0.0, 0.0, 0.0, 1.0],
                [0.769825, -0.340092, -0.540073, 0.007641, 0.539548, -0.105288, 0.835326, 0.017698, -0.340965, -0.934466, 0.102464, -0.091276, 0.0, 0.0, 0.0, 1.0],
                [0.735552, -0.373459, -0.565209, 0.006683, 0.569287, -0.111554, 0.814517, 0.010876, -0.367255, -0.920901, 0.130573, -0.105122, 0.0, 0.0, 0.0, 1.0],
                [0.706433, -0.388486, -0.591605, 0.005986, 0.598423, -0.118514, 0.792349, 0.005683, -0.377945, -0.913788, 0.148777, -0.115524, 0.0, 0.0, 0.0, 1.0],
                [0.680754, -0.389203, -0.62053, 0.005495, 0.626341, -0.129997, 0.768616, 0.001853, -0.37983, -0.91192, 0.155298, -0.123099, 0.0, 0.0, 0.0, 1.0],
                [0.659145, -0.378556, -0.649756, 0.005172, 0.649886, -0.148011, 0.745463, -0.000782, -0.378386, -0.913656, 0.148477, -0.128244, 0.0, 0.0, 0.0, 1.0],
                [0.642612, -0.360737, -0.675927, 0.004992, 0.666768, -0.171318, 0.72529, -0.002323, -0.377453, -0.916788, 0.130456, -0.131218, 0.0, 0.0, 0.0, 1.0],
                [0.631665, -0.340579, -0.696392, 0.004935, 0.67617, -0.197363, 0.709801, -0.002831, -0.379201, -0.919259, 0.105641, -0.132185, 0.0, 0.0, 0.0, 1.0],
                [0.62879, -0.315686, -0.710579, 0.004935, 0.674664, -0.232857, 0.700416, -0.002831, -0.38659, -0.91984, 0.066582, -0.132185, 0.0, 0.0, 0.0, 1.0],
                [0.628476, -0.285932, -0.723337, 0.004935, 0.668981, -0.275764, 0.690214, -0.002831, -0.396841, -0.917706, 0.017992, -0.132185, 0.0, 0.0, 0.0, 1.0],
                [0.62914, -0.254621, -0.734375, 0.004935, 0.661542, -0.320655, 0.677879, -0.002831, -0.408099, -0.912325, -0.033276, -0.132185, 0.0, 0.0, 0.0, 1.0],
                [0.629583, -0.225884, -0.743342, 0.004935, 0.654469, -0.361419, 0.664097, -0.002831, -0.418684, -0.904623, -0.079689, -0.132185, 0.0, 0.0, 0.0, 1.0],
                [0.629086, -0.203835, -0.750104, 0.004935, 0.649253, -0.392877, 0.651227, -0.002831, -0.427459, -0.896711, -0.114794, -0.132185, 0.0, 0.0, 0.0, 1.0],
                [0.627334, -0.191681, -0.754762, 0.004935, 0.64672, -0.411707, 0.642051, -0.002831, -0.433827, -0.890925, -0.134295, -0.132185, 0.0, 0.0, 0.0, 1.0],
                [0.624904, -0.18749, -0.757824, 0.004935, 0.645835, -0.421241, 0.636736, -0.002831, -0.438626, -0.887353, -0.142128, -0.132185, 0.0, 0.0, 0.0, 1.0],
                [0.622557, -0.185351, -0.760277, 0.004935, 0.645084, -0.428482, 0.632653, -0.002831, -0.443046, -0.884331, -0.147168, -0.132185, 0.0, 0.0, 0.0, 1.0],
                [0.620335, -0.184149, -0.762382, 0.004935, 0.644401, -0.434486, 0.629245, -0.002831, -0.447137, -0.881648, -0.150842, -0.132185, 0.0, 0.0, 0.0, 1.0],
                [0.618258, -0.183484, -0.764227, 0.004935, 0.643768, -0.439623, 0.626318, -0.002831, -0.45091, -0.879237, -0.15366, -0.132185, 0.0, 0.0, 0.0, 1.0],
                [0.616343, -0.18316, -0.76585, 0.004935, 0.643179, -0.444067, 0.623783, -0.002831, -0.45436, -0.877069, -0.155874, -0.132185, 0.0, 0.0, 0.0, 1.0],
                [0.614605, -0.183058, -0.76727, 0.004935, 0.642635, -0.447908, 0.621594, -0.002831, -0.457472, -0.875135, -0.157628, -0.132185, 0.0, 0.0, 0.0, 1.0],
                [0.613061, -0.1831, -0.768494, 0.004935, 0.642143, -0.451189, 0.619727, -0.002831, -0.460227, -0.873439, -0.159011, -0.132185, 0.0, 0.0, 0.0, 1.0],
                [0.611732, -0.183231, -0.769522, 0.004935, 0.641709, -0.453928, 0.618174, -0.002831, -0.462595, -0.871991, -0.160082, -0.132185, 0.0, 0.0, 0.0, 1.0],
                [0.610638, -0.183403, -0.770348, 0.004935, 0.641345, -0.456124, 0.616936, -0.002831, -0.464541, -0.870808, -0.160883, -0.132185, 0.0, 0.0, 0.0, 1.0],
                [0.60981, -0.183576, -0.770963, 0.004935, 0.641063, -0.457753, 0.616021, -0.002831, -0.466017, -0.869916, -0.161439, -0.132185, 0.0, 0.0, 0.0, 1.0],
                [0.60928, -0.183713, -0.77135, 0.004935, 0.640878, -0.458777, 0.615451, -0.002831, -0.466962, -0.869348, -0.161767, -0.132185, 0.0, 0.0, 0.0, 1.0],
                [0.609091, -0.183768, -0.771485, 0.004935, 0.640812, -0.459136, 0.615253, -0.002831, -0.467299, -0.869147, -0.161876, -0.132185, 0.0, 0.0, 0.0, 1.0]
            ]
        },
        {
            "name": "Leg_R",
            "time": [0.0, 0.0167, 0.0333, 0.05, 0.0667, 0.0833, 0.1, 0.1167, 0.1333, 0.15, 0.1667, 0.1833, 0.2, 0.2167, 0.2333, 0.25, 0.2667, 0.2833, 0.3, 0.3167, 0.3333, 0.35, 0.3667, 0.3833, 0.4, 0.4167, 0.4333, 0.45, 0.4667, 0.4833, 0.5, 0.5167, 0.5333, 0.55, 0.5667, 0.5833, 0.6, 0.6167, 0.6333, 0.65, 0.6667, 0.6833, 0.7, 0.7167, 0.7333, 0.75, 0.7667, 0.7833, 0.8, 0.8167, 0.8333, 0.85, 0.8667, 0.8833, 0.9, 0.9167, 0.9333, 0.95, 0.9667, 0.9833, 1.0, 1.0167, 1.0333, 1.05, 1.0667, 1.0833, 1.1, 1.1167, 1.1333, 1.15],
            "transform": [
                [1.0, -0.000697, -0.000359, 0.0, 0.000769, 0.781683, 0.623658, 0.375166, -0.000154, -0.62369, 0.781693, 0.0, 0.0, 0.0, 0.0, 1.0],
                [1.0, -0.000702, -0.000363, 0.0, 0.000774, 0.778244, 0.627944, 0.375166, -0.000158, -0.627976, 0.778254, -0.0, 0.0, 0.0, 0.0, 1.0],
                [1.0, -0.000718, -0.000376, 0.0, 0.000792, 0.766704, 0.641982, 0.375166, -0.000173, -0.642015, 0.766714, 0.0, 0.0, 0.0, 0.0, 1.0],
                [1.0, -0.000741, -0.000396, 0.0, 0.000817, 0.748773, 0.662807, 0.375166, -0.000195, -0.662841, 0.748784, -0.0, 0.0, 0.0, 0.0, 1.0],
                [1.0, -0.000762, -0.000415, 0.0, 0.000841, 0.731483, 0.68184, 0.375166, -0.000216, -0.681875, 0.731495, 0.0, 0.0, 0.0, 0.0, 1.0],
                [1.0, -0.00077, -0.000422, -0.0, 0.000849, 0.725441, 0.688264, 0.375166, -0.000224, -0.6883, 0.725453, 0.0, 0.0, 0.0, 0.0, 1.0],
                [1.0, -0.000752, -0.000406, 0.0, 0.000829, 0.740054, 0.672528, 0.375166, -0.000206, -0.672563, 0.740065, 0.0, 0.0, 0.0, 0.0, 1.0],
                [1.0, -0.000705, -0.000365, 0.0, 0.000777, 0.776347, 0.630286, 0.375166, -0.000161, -0.630319, 0.776358, 0.0, 0.0, 0.0, 0.0, 1.0],
                [1.0, -0.00062, -0.000302, -0.0, 0.000683, 0.832535, 0.553955, 0.375166, -9.1e-05, -0.553984, 0.832543, 0.0, 0.0, 0.0, 0.0, 1.0],
                [1.0, -0.000492, -0.000229, -0.0, 0.000543, 0.897886, 0.440213, 0.375166, -1.1e-05, -0.440235, 0.897892, -0.0, 0.0, 0.0, 0.0, 1.0],
                [1.0, -0.00031, -0.000159, -0.0, 0.000342, 0.9608, 0.277235, 0.375166, 6.7e-05, -0.277244, 0.960802, 0.0, 0.0, 0.0, 0.0, 1.0],
                [1.0, -6e-06, -0.000115, 0.0, 7e-06, 0.999987, 0.005374, 0.375166, 0.000115, -0.005362, 0.999986, 0.0, 0.0, 0.0, 0.0, 1.0],
                [1.0, -6e-06, -0.000115, 0.0, 7e-06, 0.999986, 0.005377, 0.375166, 0.000115, -0.005365, 0.999986, -0.0, 0.0, 0.0, 0.0, 1.0],
                [1.0, -6e-06, -0.000115, 0.0, 7e-06, 0.999987, 0.005375, 0.375166, 0.000115, -0.005363, 0.999986, 0.0, 0.0, 0.0, 0.0, 1.0],
                [1.0, -0.00025, -0.000143, -0.0, 0.000275, 0.974771, 0.223202, 0.375166, 8.4e-05, -0.223206, 0.974773, 0.0, 0.0, 0.0, 0.0, 1.0],
                [1.0, -0.000517, -0.000242, 0.0, 0.00057, 0.886844, 0.462053, 0.375166, -2.4e-05, -0.462076, 0.88685, -0.0, 0.0, 0.0, 0.0, 1.0],
                [1.0, -0.000702, -0.000363, -0.0, 0.000775, 0.778162, 0.628045, 0.375166, -0.000159, -0.628078, 0.778172, -0.0, 0.0, 0.0, 0.0, 1.0],
                [1.0, -0.000812, -0.000465, -0.0, 0.000896, 0.687095, 0.726548, 0.375166, -0.000271, -0.726584, 0.687107, 0.0, 0.0, 0.0, 0.0, 1.0],
                [1.0, -0.000882, -0.000546, -0.0, 0.000973, 0.6145, 0.788897, 0.375166, -0.00036, -0.788935, 0.614513, -0.0, 0.0, 0.0, 0.0, 1.0],
                [0.999999, -0.000928, -0.000609, -0.0, 0.001023, 0.55859, 0.829425, 0.375166, -0.000429, -0.829463, 0.558603, -0.0, 0.0, 0.0, 0.0, 1.0],
                [0.999999, -0.00096, -0.000659, -0.0, 0.001058, 0.513243, 0.858224, 0.375166, -0.000485, -0.858263, 0.513257, 0.0, 0.0, 0.0, 0.0, 1.0],
                [0.999999, -0.000987, -0.000707, -0.0, 0.001088, 0.470442, 0.882412, 0.375166, -0.000538, -0.882451, 0.470456, -0.0, 0.0, 0.0, 0.0, 1.0],
                [0.999999, -0.001029, -0.000796, -0.0, 0.001135, 0.39111, 0.920326, 0.375166, -0.000636, -0.920365, 0.391123, 0.0, 0.0, 0.0, 0.0, 1.0],
                [0.999999, -0.00107, -0.000908, -0.0, 0.00118, 0.29118, 0.956651, 0.375166, -0.000759, -0.956689, 0.291193, 0.0, 0.0, 0.0, 0.0, 1.0],
                [0.999999, -0.001093, -0.000998, 0.0, 0.001206, 0.210568, 0.977563, 0.375166, -0.000859, -0.977599, 0.21058, -0.0, 0.0, 0.0, 0.0, 1.0],
                [0.999999, -0.001106, -0.001071, 0.0, 0.00122, 0.145166, 0.989391, 0.375166, -0.000939, -0.989426, 0.145177, 0.0, 0.0, 0.0, 0.0, 1.0],
                [0.999999, -0.001114, -0.001142, -0.0, 0.001229, 0.081563, 0.996652, 0.375166, -0.001018, -0.996686, 0.081573, -0.0, 0.0, 0.0, 0.0, 1.0],
                [0.999999, -0.001118, -0.001199, -0.0, 0.001233, 0.030587, 0.999516, 0.375166, -0.001081, -0.99955, 0.030597, -0.0, 0.0, 0.0, 0.0, 1.0],
                [0.999999, -0.001118, -0.001236, 0.0, 0.001233, -0.00255, 0.999981, 0.375166, -0.001121, -1.000014, -0.00254, -0.0, 0.0, 0.0, 0.0, 1.0],
                [0.999999, -0.001118, -0.001251, -0.0, 0.001233, -0.015581, 0.999863, 0.375166, -0.001138, -0.999895, -0.015571, -0.0, 0.0, 0.0, 0.0, 1.0],
                [0.999999, -0.001118, -0.001242, 0.0, 0.001233, -0.007887, 0.999953, 0.375166, -0.001128, -0.999986, -0.007877, 0.0, 0.0, 0.0, 0.0, 1.0],
                [0.999999, -0.001118, -0.001202, 0.0, 0.001233, 0.027583, 0.999604, 0.375166, -0.001084, -0.999637, 0.027593, -0.0, 0.0, 0.0, 0.0, 1.0],
                [0.999999, -0.001116, -0.001156, -0.0, 0.00123, 0.068808, 0.997614, 0.375166, -0.001033, -0.997648, 0.068818, -0.0, 0.0, 0.0, 0.0, 1.0],
                [0.999999, -0.001108, -0.001081, 0.0, 0.001222, 0.1363, 0.990651, 0.375166, -0.00095, -0.990687, 0.136311, 0.0, 0.0, 0.0, 0.0, 1.0],
                [0.999999, -0.001082, -0.00095, 0.0, 0.001193, 0.253608, 0.96729, 0.375166, -0.000805, -0.967327, 0.25362, 0.0, 0.0, 0.0, 0.0, 1.0],
                [0.999999, -0.001, -0.000734, 0.0, 0.001103, 0.446796, 0.894618, 0.375166, -0.000567, -0.894656, 0.446809, 0.0, 0.0, 0.0, 0.0, 1.0],
                [1.0, -0.000742, -0.000396, -0.0, 0.000818, 0.748384, 0.663246, 0.375166, -0.000195, -0.663281, 0.748395, -0.0, 0.0, 0.0, 0.0, 1.0],
                [1.0, -0.000471, -0.000219, -0.0, 0.00052, 0.906918, 0.421293, 0.375166, 0.0, -0.421314, 0.906923, 0.0, 0.0, 0.0, 0.0, 1.0],
                [0.999999, -0.000959, -0.000659, 0.0, 0.001058, 0.513897, 0.857833, 0.375166, -0.000484, -0.857872, 0.51391, 0.0, 0.0, 0.0, 0.0, 1.0],
                [0.999999, -0.001118, -0.001218, 0.0, 0.001233, 0.01404, 0.999885, 0.375166, -0.001101, -0.999919, 0.01405, 0.0, 0.0, 0.0, 0.0, 1.0],
                [0.999998, -0.00088, -0.001923, 0.0, 0.00097, -0.617182, 0.786812, 0.375166, -0.001879, -0.786825, -0.617169, -0.0, 0.0, 0.0, 0.0, 1.0],
                [0.999999, -0.001036, -0.000812, -0.0, 0.001142, 0.376843, 0.926259, 0.375166, -0.000654, -0.926298, 0.376856, -0.0, 0.0, 0.0, 0.0, 1.0],
                [1.0, -5e-06, -0.000115, 0.0, 6e-06, 0.99999, 0.004655, 0.375166, 0.000115, -0.004644, 0.99999, 0.0, 0.0, 0.0, 0.0, 1.0],
                [1.0, -5e-06, -0.000115, 0.0, 6e-06, 0.99999, 0.004567, 0.375166, 0.000115, -0.004555, 0.99999, 0.0, 0.0, 0.0, 0.0, 1.0],
                [0.999999, -0.001048, -0.000842, 0.0, 0.001156, 0.349485, 0.936924, 0.375166, -0.000687, -0.936962, 0.349498, 0.0, 0.0, 0.0, 0.0, 1.0],
                [0.999999, -0.001118, -0.001223, -0.0, 0.001233, 0.009392, 0.99994, 0.375166, -0.001107, -0.999973, 0.009402, -0.0, 0.0, 0.0, 0.0, 1.0],
                [0.999998, -0.001118, -0.001256, 0.0, 0.001233, -0.020432, 0.999775, 0.375166, -0.001144, -0.999808, -0.020422, 0.0, 0.0, 0.0, 0.0, 1.0],
                [0.999999, -0.001118, -0.001227, 0.0, 0.001233, 0.005256, 0.99997, 0.375166, -0.001112, -1.000004, 0.005266, 0.0, 0.0, 0.0, 0.0, 1.0],
                [0.999999, -0.001116, -0.001154, 0.0, 0.00123, 0.070536, 0.997493, 0.375166, -0.001031, -0.997527, 0.070546, -0.0, 0.0, 0.0, 0.0, 1.0],
                [0.999999, -0.001104, -0.001056, 0.0, 0.001218, 0.158097, 0.987407, 0.375167, -0.000923, -0.987443, 0.158108, -0.0, 0.0, 0.0, 0.0, 1.0],
                [0.999999, -0.001083, -0.000954, -0.0, 0.001194, 0.24985, 0.968267, 0.375166, -0.00081, -0.968305, 0.249862, 0.0, 0.0, 0.0, 0.0, 1.0],
                [0.999999, -0.001055, -0.000863, -0.0, 0.001164, 0.331144, 0.943563, 0.375166, -0.00071, -0.9436, 0.331157, 0.0, 0.0, 0.0, 0.0, 1.0],
                [0.999999, -0.001021, -0.000776, -0.0, 0.001126, 0.408812, 0.9126, 0.375166, -0.000614, -0.912639, 0.408825, 0.0, 0.0, 0.0, 0.0, 1.0],
                [0.999999, -0.000974, -0.000684, 0.0, 0.001074, 0.491132, 0.871066, 0.375166, -0.000513, -0.871105, 0.491145, 0.0, 0.0, 0.0, 0.0, 1.0],
                [0.999999, -0.000919, -0.000596, 0.0, 0.001013, 0.569898, 0.821696, 0.375166, -0.000415, -0.821734, 0.569911, -0.0, 0.0, 0.0, 0.0, 1.0],
                [0.999999, -0.000863, -0.000522, -0.0, 0.000951, 0.636447, 0.771301, 0.375166, -0.000333, -0.771338, 0.63646, -0.0, 0.0, 0.0, 0.0, 1.0],
                [1.0, -0.000815, -0.000468, 0.0, 0.000899, 0.684266, 0.729212, 0.375166, -0.000274, -0.729249, 0.684278, -0.0, 0.0, 0.0, 0.0, 1.0],
                [1.0, -0.000787, -0.000439, 0.0, 0.000868, 0.710046, 0.704136, 0.375166, -0.000243, -0.704171, 0.710057, 0.0, 0.0, 0.0, 0.0, 1.0],
                [0.999999, -0.000776, -0.000428, 0.0, 0.000856, 0.719746, 0.694218, 0.375166, -0.000231, -0.694253, 0.719757, -0.0, 0.0, 0.0, 0.0, 1.0],
                [1.0, -0.00077, -0.000422, -0.0, 0.000849, 0.725243, 0.688474, 0.375166, -0.000224, -0.688509, 0.725254, 0.0, 0.0, 0.0, 0.0, 1.0],
                [1.0, -0.000766, -0.000418, -0.0, 0.000844, 0.7288, 0.684707, 0.375167, -0.000219, -0.684741, 0.728811, 0.0, 0.0, 0.0, 0.0, 1.0],
                [1.0, -0.000763, -0.000416, -0.0, 0.000841, 0.731216, 0.682127, 0.375166, -0.000216, -0.682161, 0.731227, 0.0, 0.0, 0.0, 0.0, 1.0],
                [1.0, -0.000761, -0.000414, 0.0, 0.000839, 0.732877, 0.680341, 0.375166, -0.000214, -0.680376, 0.732888, -0.0, 0.0, 0.0, 0.0, 1.0],
                [1.0, -0.000759, -0.000413, 0.0, 0.000838, 0.73401, 0.679119, 0.375166, -0.000213, -0.679153, 0.734021, -0.0, 0.0, 0.0, 0.0, 1.0],
                [1.0, -0.000759, -0.000412, -0.0, 0.000837, 0.734758, 0.67831, 0.375166, -0.000212, -0.678344, 0.734769, -0.0, 0.0, 0.0, 0.0, 1.0],
                [1.0, -0.000758, -0.000411, -0.0, 0.000836, 0.735222, 0.677807, 0.375166, -0.000211, -0.677841, 0.735233, 0.0, 0.0, 0.0, 0.0, 1.0],
                [1.0, -0.000758, -0.000411, -0.0, 0.000836, 0.73548, 0.677527, 0.375166, -0.000211, -0.677561, 0.735491, 0.0, 0.0, 0.0, 0.0, 1.0],
                [1.0, -0.000757, -0.000411, -0.0, 0.000835, 0.735595, 0.677402, 0.375166, -0.000211, -0.677436, 0.735606, -0.0, 0.0, 0.0, 0.0, 1.0],
                [1.0, -0.000757, -0.000411, -0.0, 0.000835, 0.73562, 0.677375, 0.375166, -0.000211, -0.677409, 0.735631, 0.0, 0.0, 0.0, 0.0, 1.0],
                [1.0, -0.000758, -0.000411, 0.0, 0.000835, 0.735616, 0.677379, 0.375166, -0.000211, -0.677413, 0.735627, 0.0, 0.0, 0.0, 0.0, 1.0]
            ]
        },
        {
            "name": "Knee_R",
            "time": [0.0, 0.0167, 0.0333, 0.05, 0.0667, 0.0833, 0.1, 0.1167, 0.1333, 0.15, 0.1667, 0.1833, 0.2, 0.2167, 0.2333, 0.25, 0.2667, 0.2833, 0.3, 0.3167, 0.3333, 0.35, 0.3667, 0.3833, 0.4, 0.4167, 0.4333, 0.45, 0.4667, 0.4833, 0.5, 0.5167, 0.5333, 0.55, 0.5667, 0.5833, 0.6, 0.6167, 0.6333, 0.65, 0.6667, 0.6833, 0.7, 0.7167, 0.7333, 0.75, 0.7667, 0.7833, 0.8, 0.8167, 0.8333, 0.85, 0.8667, 0.8833, 0.9, 0.9167, 0.9333, 0.95, 0.9667, 0.9833, 1.0, 1.0167, 1.0333, 1.05, 1.0667, 1.0833, 1.1, 1.1167, 1.1333, 1.15],
            "transform": [
                [1.0, -5.9e-05, 5.2e-05, 0.0, 5.7e-05, 0.087098, -0.9962, 0.375166, 5.4e-05, 0.9962, 0.087098, 0.0, 0.0, 0.0, 0.0, 1.0],
                [1.0, -5.9e-05, 5.2e-05, 0.0, 5.7e-05, 0.087098, -0.9962, 0.375166, 5.4e-05, 0.9962, 0.087098, -0.0, 0.0, 0.0, 0.0, 1.0],
                [1.0, -5.9e-05, 5.2e-05, 0.0, 5.7e-05, 0.087098, -0.9962, 0.375166, 5.4e-05, 0.9962, 0.087098, 0.0, 0.0, 0.0, 0.0, 1.0],
                [1.0, -5.9e-05, 5.2e-05, 0.0, 5.7e-05, 0.087098, -0.9962, 0.375166, 5.4e-05, 0.9962, 0.087098, -0.0, 0.0, 0.0, 0.0, 1.0],
                [1.0, -5.9e-05, 5.2e-05, 0.0, 5.7e-05, 0.087098, -0.9962, 0.375166, 5.4e-05, 0.9962, 0.087098, 0.0, 0.0, 0.0, 0.0, 1.0],
                [1.0, -5.9e-05, 5.2e-05, -0.0, 5.7e-05, 0.087098, -0.9962, 0.375166, 5.4e-05, 0.9962, 0.087098, 0.0, 0.0, 0.0, 0.0, 1.0],
                [1.0, -5.9e-05, 5.2e-05, 0.0, 5.7e-05, 0.087098, -0.9962, 0.375166, 5.4e-05, 0.9962, 0.087098, 0.0, 0.0, 0.0, 0.0, 1.0],
                [1.0, -5.9e-05, 5.2e-05, 0.0, 5.7e-05, 0.087098, -0.9962, 0.375166, 5.4e-05, 0.9962, 0.087098, 0.0, 0.0, 0.0, 0.0, 1.0],
                [1.0, -5.9e-05, 5.2e-05, -0.0, 5.7e-05, 0.087098, -0.9962, 0.375166, 5.4e-05, 0.9962, 0.087098, 0.0, 0.0, 0.0, 0.0, 1.0],
                [1.0, -5.9e-05, 5.2e-05, -0.0, 5.7e-05, 0.087098, -0.9962, 0.375166, 5.4e-05, 0.9962, 0.087098, -0.0, 0.0, 0.0, 0.0, 1.0],
                [1.0, -5.9e-05, 5.2e-05, -0.0, 5.7e-05, 0.087098, -0.9962, 0.375166, 5.4e-05, 0.9962, 0.087098, 0.0, 0.0, 0.0, 0.0, 1.0],
                [1.0, -5.9e-05, 5.2e-05, 0.0, 5.7e-05, 0.087098, -0.9962, 0.375166, 5.4e-05, 0.9962, 0.087098, 0.0, 0.0, 0.0, 0.0, 1.0],
                [1.0, -5.9e-05, 5.2e-05, 0.0, 5.7e-05, 0.087098, -0.9962, 0.375166, 5.4e-05, 0.9962, 0.087098, -0.0, 0.0, 0.0, 0.0, 1.0],
                [1.0, -5.9e-05, 5.2e-05, 0.0, 5.7e-05, 0.087098, -0.9962, 0.375166, 5.4e-05, 0.9962, 0.087098, 0.0, 0.0, 0.0, 0.0, 1.0],
                [1.0, -5.9e-05, 5.2e-05, -0.0, 5.7e-05, 0.087098, -0.9962, 0.375166, 5.4e-05, 0.9962, 0.087098, 0.0, 0.0, 0.0, 0.0, 1.0],
                [1.0, -5.9e-05, 5.2e-05, 0.0, 5.7e-05, 0.087098, -0.9962, 0.375166, 5.4e-05, 0.9962, 0.087098, -0.0, 0.0, 0.0, 0.0, 1.0],
                [1.0, -5.9e-05, 5.2e-05, -0.0, 5.7e-05, 0.087098, -0.9962, 0.375166, 5.4e-05, 0.9962, 0.087098, -0.0, 0.0, 0.0, 0.0, 1.0],
                [1.0, -5.9e-05, 5.2e-05, -0.0, 5.7e-05, 0.087098, -0.9962, 0.375166, 5.4e-05, 0.9962, 0.087098, 0.0, 0.0, 0.0, 0.0, 1.0],
                [1.0, -5.9e-05, 5.2e-05, -0.0, 5.7e-05, 0.087098, -0.9962, 0.375166, 5.4e-05, 0.9962, 0.087098, -0.0, 0.0, 0.0, 0.0, 1.0],
                [1.0, -5.9e-05, 5.2e-05, -0.0, 5.7e-05, 0.087098, -0.9962, 0.375166, 5.4e-05, 0.9962, 0.087098, -0.0, 0.0, 0.0, 0.0, 1.0],
                [1.0, -5.9e-05, 5.2e-05, -0.0, 5.7e-05, 0.087098, -0.9962, 0.375166, 5.4e-05, 0.9962, 0.087098, 0.0, 0.0, 0.0, 0.0, 1.0],
                [1.0, -5.9e-05, 5.2e-05, -0.0, 5.7e-05, 0.087098, -0.9962, 0.375166, 5.4e-05, 0.9962, 0.087098, -0.0, 0.0, 0.0, 0.0, 1.0],
                [1.0, -5.9e-05, 5.2e-05, -0.0, 5.7e-05, 0.087098, -0.9962, 0.375166, 5.4e-05, 0.9962, 0.087098, 0.0, 0.0, 0.0, 0.0, 1.0],
                [1.0, -5.9e-05, 5.2e-05, -0.0, 5.7e-05, 0.087098, -0.9962, 0.375166, 5.4e-05, 0.9962, 0.087097, 0.0, 0.0, 0.0, 0.0, 1.0],
                [1.0, -5.9e-05, 5.2e-05, 0.0, 5.7e-05, 0.087098, -0.9962, 0.375166, 5.4e-05, 0.9962, 0.087098, -0.0, 0.0, 0.0, 0.0, 1.0],
                [1.0, -5.9e-05, 5.2e-05, 0.0, 5.7e-05, 0.087098, -0.9962, 0.375166, 5.4e-05, 0.9962, 0.087098, 0.0, 0.0, 0.0, 0.0, 1.0],
                [1.0, -5.9e-05, 5.2e-05, -0.0, 5.7e-05, 0.087098, -0.9962, 0.375166, 5.4e-05, 0.9962, 0.087098, -0.0, 0.0, 0.0, 0.0, 1.0],
                [1.0, -5.9e-05, 5.2e-05, -0.0, 5.7e-05, 0.087098, -0.9962, 0.375166, 5.4e-05, 0.9962, 0.087098, -0.0, 0.0, 0.0, 0.0, 1.0],
                [1.0, -5.9e-05, 5.2e-05, 0.0, 5.7e-05, 0.087098, -0.9962, 0.375166, 5.4e-05, 0.9962, 0.087098, -0.0, 0.0, 0.0, 0.0, 1.0],
                [1.0, -5.9e-05, 5.2e-05, -0.0, 5.7e-05, 0.087098, -0.9962, 0.375166, 5.4e-05, 0.9962, 0.087098, -0.0, 0.0, 0.0, 0.0, 1.0],
                [1.0, -5.9e-05, 5.2e-05, 0.0, 5.7e-05, 0.087098, -0.9962, 0.375166, 5.4e-05, 0.9962, 0.087098, 0.0, 0.0, 0.0, 0.0, 1.0],
                [1.0, -5.9e-05, 5.2e-05, 0.0, 5.7e-05, 0.087098, -0.9962, 0.375166, 5.4e-05, 0.9962, 0.087098, -0.0, 0.0, 0.0, 0.0, 1.0],
                [1.0, -5.9e-05, 5.2e-05, -0.0, 5.7e-05, 0.087098, -0.9962, 0.375166, 5.4e-05, 0.9962, 0.087098, -0.0, 0.0, 0.0, 0.0, 1.0],
                [1.0, -5.9e-05, 5.2e-05, 0.0, 5.7e-05, 0.087098, -0.9962, 0.375166, 5.4e-05, 0.9962, 0.087098, 0.0, 0.0, 0.0, 0.0, 1.0],
                [1.0, -5.9e-05, 5.2e-05, 0.0, 5.7e-05, 0.087098, -0.9962, 0.375166, 5.4e-05, 0.9962, 0.087098, 0.0, 0.0, 0.0, 0.0, 1.0],
                [1.0, -5.9e-05, 5.2e-05, 0.0, 5.7e-05, 0.087098, -0.9962, 0.375166, 5.4e-05, 0.9962, 0.087098, 0.0, 0.0, 0.0, 0.0, 1.0],
                [1.0, -5.9e-05, 5.2e-05, -0.0, 5.7e-05, 0.087098, -0.9962, 0.375166, 5.4e-05, 0.9962, 0.087098, -0.0, 0.0, 0.0, 0.0, 1.0],
                [1.0, -5.9e-05, 5.2e-05, -0.0, 5.7e-05, 0.087098, -0.9962, 0.375166, 5.4e-05, 0.9962, 0.087098, 0.0, 0.0, 0.0, 0.0, 1.0],
                [1.0, -5.9e-05, 5.2e-05, 0.0, 5.7e-05, 0.087098, -0.9962, 0.375166, 5.4e-05, 0.9962, 0.087098, 0.0, 0.0, 0.0, 0.0, 1.0],
                [1.0, -5.9e-05, 5.2e-05, 0.0, 5.7e-05, 0.087098, -0.9962, 0.375166, 5.4e-05, 0.9962, 0.087098, 0.0, 0.0, 0.0, 0.0, 1.0],
                [1.0, -5.9e-05, 5.2e-05, 0.0, 5.7e-05, 0.087098, -0.9962, 0.375166, 5.4e-05, 0.9962, 0.087098, -0.0, 0.0, 0.0, 0.0, 1.0],
                [1.0, -5.9e-05, 5.2e-05, -0.0, 5.7e-05, 0.087098, -0.9962, 0.375166, 5.4e-05, 0.9962, 0.087098, -0.0, 0.0, 0.0, 0.0, 1.0],
                [1.0, -5.9e-05, 5.2e-05, 0.0, 5.7e-05, 0.087098, -0.9962, 0.375166, 5.4e-05, 0.9962, 0.087098, 0.0, 0.0, 0.0, 0.0, 1.0],
                [1.0, -5.9e-05, 5.2e-05, 0.0, 5.7e-05, 0.087098, -0.9962, 0.375166, 5.4e-05, 0.9962, 0.087098, 0.0, 0.0, 0.0, 0.0, 1.0],
                [1.0, -5.9e-05, 5.2e-05, 0.0, 5.7e-05, 0.087098, -0.9962, 0.375166, 5.4e-05, 0.9962, 0.087098, 0.0, 0.0, 0.0, 0.0, 1.0],
                [1.0, -5.9e-05, 5.2e-05, -0.0, 5.7e-05, 0.087098, -0.9962, 0.375166, 5.4e-05, 0.9962, 0.087098, -0.0, 0.0, 0.0, 0.0, 1.0],
                [1.0, -5.9e-05, 5.2e-05, 0.0, 5.7e-05, 0.087098, -0.9962, 0.375166, 5.4e-05, 0.9962, 0.087098, 0.0, 0.0, 0.0, 0.0, 1.0],
                [1.0, -5.9e-05, 5.2e-05, 0.0, 5.7e-05, 0.087098, -0.9962, 0.375166, 5.4e-05, 0.9962, 0.087098, 0.0, 0.0, 0.0, 0.0, 1.0],
                [1.0, -5.9e-05, 5.2e-05, 0.0, 5.7e-05, 0.087098, -0.9962, 0.375166, 5.4e-05, 0.9962, 0.087098, -0.0, 0.0, 0.0, 0.0, 1.0],
                [1.0, -5.9e-05, 5.2e-05, 0.0, 5.7e-05, 0.087098, -0.9962, 0.375167, 5.4e-05, 0.9962, 0.087098, -0.0, 0.0, 0.0, 0.0, 1.0],
                [1.0, -5.9e-05, 5.2e-05, -0.0, 5.7e-05, 0.087098, -0.9962, 0.375166, 5.4e-05, 0.9962, 0.087098, 0.0, 0.0, 0.0, 0.0, 1.0],
                [1.0, -5.9e-05, 5.2e-05, -0.0, 5.7e-05, 0.087098, -0.9962, 0.375166, 5.4e-05, 0.9962, 0.087098, 0.0, 0.0, 0.0, 0.0, 1.0],
                [1.0, -5.9e-05, 5.2e-05, -0.0, 5.7e-05, 0.087098, -0.9962, 0.375166, 5.4e-05, 0.9962, 0.087098, 0.0, 0.0, 0.0, 0.0, 1.0],
                [1.0, -5.9e-05, 5.2e-05, 0.0, 5.7e-05, 0.087098, -0.9962, 0.375166, 5.4e-05, 0.9962, 0.087098, 0.0, 0.0, 0.0, 0.0, 1.0],
                [1.0, -5.9e-05, 5.2e-05, 0.0, 5.7e-05, 0.087098, -0.9962, 0.375166, 5.4e-05, 0.9962, 0.087098, -0.0, 0.0, 0.0, 0.0, 1.0],
