{
    "animation": [
        {
            "name": "Root",
            "time": [0.0, 0.0167, 0.0333, 0.05, 0.0667, 0.0833, 0.1, 0.1167, 0.1333, 0.15, 0.1667, 0.1833, 0.2, 0.2167, 0.2333, 0.25, 0.2667, 0.2833, 0.3, 0.3167, 0.3333, 0.35, 0.3667, 0.3833, 0.4, 0.4167, 0.4333, 0.45, 0.4667, 0.4833, 0.5, 0.5167, 0.5333, 0.55, 0.5667, 0.5833, 0.6, 0.6167, 0.6333, 0.65, 0.6667, 0.6833, 0.7, 0.7167, 0.7333, 0.75, 0.7667, 0.7833, 0.8, 0.8167, 0.8333, 0.85, 0.8667, 0.8833, 0.9, 0.9167, 0.9333, 0.95, 0.9667, 0.9833, 1.0, 1.0167, 1.0333, 1.05, 1.0667, 1.0833, 1.1, 1.1167, 1.1333, 1.15, 1.1667, 1.1833, 1.2, 1.2167, 1.2333, 1.25, 1.2667, 1.2833, 1.3, 1.3167, 1.3333, 1.35, 1.3667, 1.3833, 1.4, 1.4167, 1.4333, 1.45, 1.4667, 1.4833, 1.5],
            "transform": [
                [1.0, 0.0, -0.0, -5e-06, -0.0, 0.0, -1.0, 0.000946, 0.0, 1.0, 0.0, 0.699153, 0.0, 0.0, 0.0, 1.0],
                [1.0, 0.0, -0.0, -0.000445, -0.0, 0.0, -1.0, 0.003952, 0.0, 1.0, 0.0, 0.698944, 0.0, 0.0, 0.0, 1.0],
                [1.0, 0.0, -0.0, -0.00191, -0.0, 0.0, -1.0, 0.012773, 0.0, 1.0, 0.0, 0.697105, 0.0, 0.0, 0.0, 1.0],
                [1.0, 0.0, -0.0, -0.004222, -0.0, 0.0, -1.0, 0.024181, 0.0, 1.0, 0.0, 0.691779, 0.0, 0.0, 0.0, 1.0],
                [1.0, 0.0, -0.0, -0.0068, -0.0, 0.0, -1.0, 0.033715, 0.0, 1.0, 0.0, 0.682769, 0.0, 0.0, 0.0, 1.0],
                [1.0, 0.0, -0.0, -0.0106, -0.0, 0.0, -1.0, 0.043229, 0.0, 1.0, 0.0, 0.65997, 0.0, 0.0, 0.0, 1.0],
                [1.0, 0.0, -0.0, -0.015344, -0.0, 0.0, -1.0, 0.053412, 0.0, 1.0, 0.0, 0.629324, 0.0, 0.0, 0.0, 1.0],
                [1.0, 0.0, -0.0, -0.019096, -0.0, 0.0, -1.0, 0.060787, 0.0, 1.0, 0.0, 0.598323, 0.0, 0.0, 0.0, 1.0],
                [1.0, 0.0, -0.0, -0.02039, -0.0, 0.0, -1.0, 0.063208, 0.0, 1.0, 0.0, 0.574631, 0.0, 0.0, 0.0, 1.0],
                [1.0, 0.0, -0.0, -0.018578, -0.0, 0.0, -1.0, 0.057794, 0.0, 1.0, 0.0, 0.557192, 0.0, 0.0, 0.0, 1.0],
                [1.0, 0.0, -0.0, -0.013474, -0.0, 0.0, -1.0, 0.040073, 0.0, 1.0, 0.0, 0.540942, 0.0, 0.0, 0.0, 1.0],
                [1.0, 0.0, -0.0, -0.00692, -0.0, 0.0, -1.0, 0.010682, 0.0, 1.0, 0.0, 0.528322, 0.0, 0.0, 0.0, 1.0],
                [1.0, 0.0, -0.0, -0.001817, -0.0, 0.0, -1.0, -0.025126, 0.0, 1.0, 0.0, 0.521064, 0.0, 0.0, 0.0, 1.0],
                [1.0, 0.0, -0.0, -5e-06, -0.0, 0.0, -1.0, -0.061315, 0.0, 1.0, 0.0, 0.518923, 0.0, 0.0, 0.0, 1.0],
                [1.0, 0.0, -0.0, -5e-06, -0.0, 0.0, -1.0, -0.095619, 0.0, 1.0, 0.0, 0.519143, 0.0, 0.0, 0.0, 1.0],
                [1.0, 0.0, -0.0, -5e-06, -0.0, 0.0, -1.0, -0.122003, 0.0, 1.0, 0.0, 0.521044, 0.0, 0.0, 0.0, 1.0],
                [1.0, 0.0, -0.0, -5e-06, -0.0, 0.0, -1.0, -0.154151, 0.0, 1.0, 0.0, 0.526924, 0.0, 0.0, 0.0, 1.0],
                [1.0, 0.0, -0.0, -5e-06, -0.0, 0.0, -1.0, -0.207306, 0.0, 1.0, 0.0, 0.538198, 0.0, 0.0, 0.0, 1.0],
                [1.0, 0.0, -0.0, -5e-06, -0.0, 0.0, -1.0, -0.287159, 0.0, 1.0, 0.0, 0.554366, 0.0, 0.0, 0.0, 1.0],
                [1.0, 0.0, -0.0, -5e-06, -0.0, 0.0, -1.0, -0.381275, 0.0, 1.0, 0.0, 0.587323, 0.0, 0.0, 0.0, 1.0],
                [1.0, 0.0, -0.0, -5e-06, -0.0, 0.0, -1.0, -0.495471, 0.0, 1.0, 0.0, 0.630169, 0.0, 0.0, 0.0, 1.0],
                [1.0, 0.0, -0.0, -5e-06, -0.0, 0.0, -1.0, -0.706865, 0.0, 1.0, 0.0, 0.679492, 0.0, 0.0, 0.0, 1.0],
                [1.0, 0.0, -0.0, -5e-06, -0.0, 0.0, -1.0, -1.08096, 0.0, 1.0, 0.0, 0.754332, 0.0, 0.0, 0.0, 1.0],
                [1.0, 0.0, -0.0, -5e-06, -0.0, 0.0, -1.0, -1.480214, 0.0, 1.0, 0.0, 0.79746, 0.0, 0.0, 0.0, 1.0],
                [1.0, 0.0, -0.0, -5e-06, -0.0, 0.0, -1.0, -1.825342, 0.0, 1.0, 0.0, 0.780636, 0.0, 0.0, 0.0, 1.0],
                [1.0, 0.0, -0.0, -5e-06, -0.0, 0.0, -1.0, -2.132619, 0.0, 1.0, 0.0, 0.728907, 0.0, 0.0, 0.0, 1.0],
                [1.0, 0.0, -0.0, -5e-06, -0.0, 0.0, -1.0, -2.37217, 0.0, 1.0, 0.0, 0.663599, 0.0, 0.0, 0.0, 1.0],
                [1.0, 0.0, -0.0, -5e-06, -0.0, 0.0, -1.0, -2.531157, 0.0, 1.0, 0.0, 0.570696, 0.0, 0.0, 0.0, 1.0],
                [1.0, 0.0, -0.0, -5e-06, -0.0, 0.0, -1.0, -2.647869, 0.0, 1.0, 0.0, 0.455956, 0.0, 0.0, 0.0, 1.0],
                [1.0, 0.0, -0.0, -5e-06, -0.0, 0.0, -1.0, -2.74778, 0.0, 1.0, 0.0, 0.365729, 0.0, 0.0, 0.0, 1.0],
                [1.0, 0.0, -0.0, -5e-06, -0.0, 0.0, -1.0, -2.864354, 0.0, 1.0, 0.0, 0.334709, 0.0, 0.0, 0.0, 1.0],
                [1.0, 0.0, -0.0, -5e-06, -0.0, 0.0, -1.0, -3.00054, 0.0, 1.0, 0.0, 0.334863, 0.0, 0.0, 0.0, 1.0],
                [1.0, 0.0, -0.0, -5e-06, -0.0, 0.0, -1.0, -3.150825, 0.0, 1.0, 0.0, 0.3362, 0.0, 0.0, 0.0, 1.0],
                [1.0, 0.0, -0.0, -5e-06, -0.0, 0.0, -1.0, -3.303092, 0.0, 1.0, 0.0, 0.340335, 0.0, 0.0, 0.0, 1.0],
                [1.0, 0.0, -0.0, -5e-06, -0.0, 0.0, -1.0, -3.44115, 0.0, 1.0, 0.0, 0.348263, 0.0, 0.0, 0.0, 1.0],
                [1.0, 0.0, -0.0, -5e-06, -0.0, 0.0, -1.0, -3.556532, 0.0, 1.0, 0.0, 0.359633, 0.0, 0.0, 0.0, 1.0],
                [1.0, 0.0, -0.0, -5e-06, -0.0, 0.0, -1.0, -3.646427, 0.0, 1.0, 0.0, 0.378677, 0.0, 0.0, 0.0, 1.0],
                [1.0, 0.0, -0.0, -5e-06, -0.0, 0.0, -1.0, -3.728525, 0.0, 1.0, 0.0, 0.402005, 0.0, 0.0, 0.0, 1.0],
                [1.0, 0.0, -0.0, -5e-06, -0.0, 0.0, -1.0, -3.798501, 0.0, 1.0, 0.0, 0.427227, 0.0, 0.0, 0.0, 1.0],
                [1.0, 0.0, -0.0, -5e-06, -0.0, 0.0, -1.0, -3.855451, 0.0, 1.0, 0.0, 0.450578, 0.0, 0.0, 0.0, 1.0],
                [1.0, 0.0, -0.0, -5e-06, -0.0, 0.0, -1.0, -3.902559, 0.0, 1.0, 0.0, 0.469661, 0.0, 0.0, 0.0, 1.0],
                [1.0, 0.0, -0.0, -5e-06, -0.0, 0.0, -1.0, -3.930637, 0.0, 1.0, 0.0, 0.485959, 0.0, 0.0, 0.0, 1.0],
                [1.0, 0.0, -0.0, -5e-06, -0.0, 0.0, -1.0, -3.953093, 0.0, 1.0, 0.0, 0.50276, 0.0, 0.0, 0.0, 1.0],
                [1.0, 0.0, -0.0, -5e-06, -0.0, 0.0, -1.0, -3.972409, 0.0, 1.0, 0.0, 0.518855, 0.0, 0.0, 0.0, 1.0],
                [1.0, 0.0, -0.0, -5e-06, -0.0, 0.0, -1.0, -3.989746, 0.0, 1.0, 0.0, 0.53361, 0.0, 0.0, 0.0, 1.0],
                [1.0, 0.0, -0.0, -5e-06, -0.0, 0.0, -1.0, -4.005777, 0.0, 1.0, 0.0, 0.546576, 0.0, 0.0, 0.0, 1.0],
                [1.0, 0.0, -0.0, -5e-06, -0.0, 0.0, -1.0, -4.020943, 0.0, 1.0, 0.0, 0.557372, 0.0, 0.0, 0.0, 1.0],
                [1.0, 0.0, -0.0, -5e-06, -0.0, 0.0, -1.0, -4.035565, 0.0, 1.0, 0.0, 0.565621, 0.0, 0.0, 0.0, 1.0],
                [1.0, 0.0, -0.0, -5e-06, -0.0, 0.0, -1.0, -4.049902, 0.0, 1.0, 0.0, 0.570918, 0.0, 0.0, 0.0, 1.0],
                [1.0, 0.0, -0.0, -5e-06, -0.0, 0.0, -1.0, -4.064177, 0.0, 1.0, 0.0, 0.572801, 0.0, 0.0, 0.0, 1.0],
                [1.0, 0.0, -0.0, -5e-06, -0.0, 0.0, -1.0, -4.076772, 0.0, 1.0, 0.0, 0.570025, 0.0, 0.0, 0.0, 1.0],
                [1.0, 0.0, -0.0, -5e-06, -0.0, 0.0, -1.0, -4.089291, 0.0, 1.0, 0.0, 0.564394, 0.0, 0.0, 0.0, 1.0],
                [1.0, 0.0, -0.0, -5e-06, -0.0, 0.0, -1.0, -4.10154, 0.0, 1.0, 0.0, 0.557506, 0.0, 0.0, 0.0, 1.0],
                [1.0, 0.0, -0.0, -5e-06, -0.0, 0.0, -1.0, -4.113437, 0.0, 1.0, 0.0, 0.549969, 0.0, 0.0, 0.0, 1.0],
                [1.0, 0.0, -0.0, -5e-06, -0.0, 0.0, -1.0, -4.124921, 0.0, 1.0, 0.0, 0.542102, 0.0, 0.0, 0.0, 1.0],
                [1.0, 0.0, -0.0, -5e-06, -0.0, 0.0, -1.0, -4.135938, 0.0, 1.0, 0.0, 0.534109, 0.0, 0.0, 0.0, 1.0],
                [1.0, 0.0, -0.0, -5e-06, -0.0, 0.0, -1.0, -4.146429, 0.0, 1.0, 0.0, 0.52614, 0.0, 0.0, 0.0, 1.0],
                [1.0, 0.0, -0.0, -5e-06, -0.0, 0.0, -1.0, -4.156327, 0.0, 1.0, 0.0, 0.518319, 0.0, 0.0, 0.0, 1.0],
                [1.0, 0.0, -0.0, -5e-06, -0.0, 0.0, -1.0, -4.165555, 0.0, 1.0, 0.0, 0.510763, 0.0, 0.0, 0.0, 1.0],
                [1.0, 0.0, -0.0, -5e-06, -0.0, 0.0, -1.0, -4.174012, 0.0, 1.0, 0.0, 0.503588, 0.0, 0.0, 0.0, 1.0],
                [1.0, 0.0, -0.0, -5e-06, -0.0, 0.0, -1.0, -4.181576, 0.0, 1.0, 0.0, 0.496924, 0.0, 0.0, 0.0, 1.0],
                [1.0, 0.0, -0.0, -5e-06, -0.0, 0.0, -1.0, -4.187088, 0.0, 1.0, 0.0, 0.490402, 0.0, 0.0, 0.0, 1.0],
                [1.0, 0.0, -0.0, -5e-06, -0.0, 0.0, -1.0, -4.192438, 0.0, 1.0, 0.0, 0.483731, 0.0, 0.0, 0.0, 1.0],
                [1.0, 0.0, -0.0, -5e-06, -0.0, 0.0, -1.0, -4.197563, 0.0, 1.0, 0.0, 0.477085, 0.0, 0.0, 0.0, 1.0],
                [1.0, 0.0, -0.0, -5e-06, -0.0, 0.0, -1.0, -4.202445, 0.0, 1.0, 0.0, 0.470518, 0.0, 0.0, 0.0, 1.0],
                [1.0, 0.0, -0.0, -5e-06, -0.0, 0.0, -1.0, -4.207067, 0.0, 1.0, 0.0, 0.464057, 0.0, 0.0, 0.0, 1.0],
                [1.0, 0.0, -0.0, -5e-06, -0.0, 0.0, -1.0, -4.211414, 0.0, 1.0, 0.0, 0.457721, 0.0, 0.0, 0.0, 1.0],
                [1.0, 0.0, -0.0, -5e-06, -0.0, 0.0, -1.0, -4.215467, 0.0, 1.0, 0.0, 0.451528, 0.0, 0.0, 0.0, 1.0],
                [1.0, 0.0, -0.0, -5e-06, -0.0, 0.0, -1.0, -4.219206, 0.0, 1.0, 0.0, 0.445493, 0.0, 0.0, 0.0, 1.0],
                [1.0, 0.0, -0.0, -5e-06, -0.0, 0.0, -1.0, -4.222603, 0.0, 1.0, 0.0, 0.439635, 0.0, 0.0, 0.0, 1.0],
                [1.0, 0.0, -0.0, -5e-06, -0.0, 0.0, -1.0, -4.225628, 0.0, 1.0, 0.0, 0.433975, 0.0, 0.0, 0.0, 1.0],
                [1.0, 0.0, -0.0, -5e-06, -0.0, 0.0, -1.0, -4.228243, 0.0, 1.0, 0.0, 0.428534, 0.0, 0.0, 0.0, 1.0],
                [1.0, 0.0, -0.0, -5e-06, -0.0, 0.0, -1.0, -4.230402, 0.0, 1.0, 0.0, 0.42334, 0.0, 0.0, 0.0, 1.0],
                [1.0, 0.0, -0.0, -5e-06, -0.0, 0.0, -1.0, -4.232046, 0.0, 1.0, 0.0, 0.418428, 0.0, 0.0, 0.0, 1.0],
                [1.0, 0.0, -0.0, -5e-06, -0.0, 0.0, -1.0, -4.233104, 0.0, 1.0, 0.0, 0.41384, 0.0, 0.0, 0.0, 1.0],
                [1.0, 0.0, -0.0, -5e-06, -0.0, 0.0, -1.0, -4.233482, 0.0, 1.0, 0.0, 0.409627, 0.0, 0.0, 0.0, 1.0],
                [1.0, 0.0, -0.0, -5e-06, -0.0, 0.0, -1.0, -4.23244, 0.0, 1.0, 0.0, 0.406309, 0.0, 0.0, 0.0, 1.0],
                [1.0, 0.0, -0.0, -5e-06, -0.0, 0.0, -1.0, -4.230598, 0.0, 1.0, 0.0, 0.402992, 0.0, 0.0, 0.0, 1.0],
                [1.0, 0.0, -0.0, -5e-06, -0.0, 0.0, -1.0, -4.228515, 0.0, 1.0, 0.0, 0.399777, 0.0, 0.0, 0.0, 1.0],
                [1.0, 0.0, -0.0, -5e-06, -0.0, 0.0, -1.0, -4.226355, 0.0, 1.0, 0.0, 0.396695, 0.0, 0.0, 0.0, 1.0],
                [1.0, 0.0, -0.0, -5e-06, -0.0, 0.0, -1.0, -4.224195, 0.0, 1.0, 0.0, 0.393764, 0.0, 0.0, 0.0, 1.0],
                [1.0, 0.0, -0.0, -5e-06, -0.0, 0.0, -1.0, -4.222088, 0.0, 1.0, 0.0, 0.390998, 0.0, 0.0, 0.0, 1.0],
                [1.0, 0.0, -0.0, -5e-06, -0.0, 0.0, -1.0, -4.220065, 0.0, 1.0, 0.0, 0.388412, 0.0, 0.0, 0.0, 1.0],
                [1.0, 0.0, -0.0, -5e-06, -0.0, 0.0, -1.0, -4.218158, 0.0, 1.0, 0.0, 0.386022, 0.0, 0.0, 0.0, 1.0],
                [1.0, 0.0, -0.0, -5e-06, -0.0, 0.0, -1.0, -4.216393, 0.0, 1.0, 0.0, 0.383847, 0.0, 0.0, 0.0, 1.0],
                [1.0, 0.0, -0.0, -5e-06, -0.0, 0.0, -1.0, -4.214798, 0.0, 1.0, 0.0, 0.381907, 0.0, 0.0, 0.0, 1.0],
                [1.0, 0.0, -0.0, -5e-06, -0.0, 0.0, -1.0, -4.213401, 0.0, 1.0, 0.0, 0.380228, 0.0, 0.0, 0.0, 1.0],
                [1.0, 0.0, -0.0, -5e-06, -0.0, 0.0, -1.0, -4.212234, 0.0, 1.0, 0.0, 0.378841, 0.0, 0.0, 0.0, 1.0],
                [1.0, 0.0, -0.0, -5e-06, -0.0, 0.0, -1.0, -4.211337, 0.0, 1.0, 0.0, 0.377783, 0.0, 0.0, 0.0, 1.0],
                [1.0, 0.0, -0.0, -5e-06, -0.0, 0.0, -1.0, -4.210754, 0.0, 1.0, 0.0, 0.377102, 0.0, 0.0, 0.0, 1.0],
                [1.0, 0.0, -0.0, -5e-06, -0.0, 0.0, -1.0, -4.210544, 0.0, 1.0, 0.0, 0.376858, 0.0, 0.0, 0.0, 1.0]
            ]
        },
        {
            "name": "Thigh_R",
            "time": [0.0, 0.0167, 0.0333, 0.05, 0.0667, 0.0833, 0.1, 0.1167, 0.1333, 0.15, 0.1667, 0.1833, 0.2, 0.2167, 0.2333, 0.25, 0.2667, 0.2833, 0.3, 0.3167, 0.3333, 0.35, 0.3667, 0.3833, 0.4, 0.4167, 0.4333, 0.45, 0.4667, 0.4833, 0.5, 0.5167, 0.5333, 0.55, 0.5667, 0.5833, 0.6, 0.6167, 0.6333, 0.65, 0.6667, 0.6833, 0.7, 0.7167, 0.7333, 0.75, 0.7667, 0.7833, 0.8, 0.8167, 0.8333, 0.85, 0.8667, 0.8833, 0.9, 0.9167, 0.9333, 0.95, 0.9667, 0.9833, 1.0, 1.0167, 1.0333, 1.05, 1.0667, 1.0833, 1.1, 1.1167, 1.1333, 1.15, 1.1667, 1.1833, 1.2, 1.2167, 1.2333, 1.25, 1.2667, 1.2833, 1.3, 1.3167, 1.3333, 1.35, 1.3667, 1.3833, 1.4, 1.4167, 1.4333, 1.45, 1.4667, 1.4833, 1.5],
            "transform": [
                [0.951813, 0.15821, 0.262707, 0.114686, 0.122418, -0.981451, 0.147531, 0.003069, 0.281185, -0.108249, -0.953493, 0.087006, 0.0, 0.0, 0.0, 1.0],
                [0.95142, 0.158394, 0.264015, 0.114685, 0.124322, -0.98214, 0.141222, 0.003285, 0.281679, -0.101527, -0.954086, 0.087027, 0.0, 0.0, 0.0, 1.0],
                [0.950135, 0.160489, 0.267359, 0.114676, 0.130426, -0.98332, 0.126765, 0.003941, 0.283254, -0.08556, -0.955185, 0.087094, 0.0, 0.0, 0.0, 1.0],
                [0.948128, 0.166867, 0.270558, 0.114652, 0.139592, -0.983242, 0.117246, 0.005049, 0.285599, -0.073383, -0.9555, 0.087209, 0.0, 0.0, 0.0, 1.0],
                [0.945913, 0.177721, 0.271397, 0.114602, 0.149258, -0.981202, 0.122321, 0.006616, 0.288045, -0.075182, -0.954626, 0.087375, 0.0, 0.0, 0.0, 1.0],
                [0.942213, 0.20446, 0.265375, 0.114515, 0.164504, -0.972448, 0.165169, 0.008643, 0.291845, -0.111953, -0.949856, 0.087595, 0.0, 0.0, 0.0, 1.0],
                [0.936848, 0.237949, 0.256299, 0.114378, 0.184939, -0.959072, 0.214415, 0.011123, 0.29684, -0.153458, -0.942481, 0.087869, 0.0, 0.0, 0.0, 1.0],
                [0.931333, 0.268554, 0.245948, 0.114176, 0.204299, -0.944404, 0.257599, 0.014036, 0.301465, -0.189646, -0.934392, 0.0882, 0.0, 0.0, 0.0, 1.0],
                [0.927898, 0.288017, 0.236735, 0.113894, 0.215662, -0.93261, 0.289347, 0.017357, 0.30413, -0.217412, -0.927455, 0.088589, 0.0, 0.0, 0.0, 1.0],
                [0.927976, 0.29612, 0.226199, 0.113517, 0.215408, -0.921621, 0.322813, 0.021043, 0.304072, -0.25082, -0.919003, 0.089033, 0.0, 0.0, 0.0, 1.0],
                [0.932058, 0.295372, 0.2098, 0.11303, 0.201826, -0.904207, 0.376389, 0.025045, 0.300888, -0.308456, -0.902362, 0.089532, 0.0, 0.0, 0.0, 1.0],
                [0.938909, 0.286389, 0.190852, 0.112417, 0.177267, -0.877763, 0.445086, 0.029299, 0.295001, -0.384047, -0.874882, 0.090081, 0.0, 0.0, 0.0, 1.0],
                [0.945721, 0.274478, 0.173974, 0.111668, 0.150018, -0.843642, 0.515514, 0.033736, 0.28828, -0.461418, -0.839002, 0.090678, 0.0, 0.0, 0.0, 1.0],
                [0.95065, 0.265196, 0.161029, 0.110772, 0.127888, -0.80782, 0.57538, 0.038283, 0.282681, -0.526378, -0.801844, 0.091315, 0.0, 0.0, 0.0, 1.0],
                [0.954141, 0.258285, 0.151327, 0.109723, 0.110536, -0.77378, 0.623727, 0.042862, 0.278204, -0.578385, -0.766819, 0.091988, 0.0, 0.0, 0.0, 1.0],
                [0.956483, 0.252286, 0.146583, 0.108518, 0.097873, -0.750687, 0.653359, 0.047401, 0.274882, -0.610571, -0.742685, 0.092689, 0.0, 0.0, 0.0, 1.0],
                [0.959054, 0.243808, 0.14411, 0.107156, 0.08277, -0.727917, 0.680642, 0.051833, 0.270857, -0.640837, -0.718264, 0.093413, 0.0, 0.0, 0.0, 1.0],
                [0.962605, 0.229537, 0.143879, 0.105639, 0.059042, -0.69611, 0.715493, 0.056099, 0.264398, -0.680237, -0.683602, 0.094152, 0.0, 0.0, 0.0, 1.0],
                [0.966468, 0.208019, 0.150544, 0.103974, 0.026874, -0.665014, 0.746336, 0.06015, 0.255376, -0.717265, -0.648274, 0.0949, 0.0, 0.0, 0.0, 1.0],
                [0.954937, 0.232347, 0.184678, 0.102167, 0.008752, -0.644016, 0.764949, 0.063947, 0.29668, -0.728865, -0.616996, 0.095653, 0.0, 0.0, 0.0, 1.0],
                [0.928343, 0.331032, 0.169086, 0.100227, 0.047482, -0.556776, 0.82929, 0.06746, 0.368678, -0.76184, -0.532569, 0.096405, 0.0, 0.0, 0.0, 1.0],
                [0.898355, 0.431378, 0.082852, 0.098161, 0.114855, -0.412749, 0.903558, 0.070668, 0.423988, -0.802202, -0.420315, 0.097154, 0.0, 0.0, 0.0, 1.0],
                [0.882702, 0.460158, 0.095323, 0.09598, 0.070351, -0.32998, 0.941341, 0.073559, 0.464638, -0.824227, -0.323621, 0.097894, 0.0, 0.0, 0.0, 1.0],
                [0.836431, 0.428304, 0.341943, 0.093693, -0.094928, -0.501289, 0.860031, 0.076127, 0.539788, -0.751838, -0.378614, 0.098625, 0.0, 0.0, 0.0, 1.0],
                [0.768657, 0.368346, 0.522941, 0.077564, -0.204246, -0.633429, 0.746329, 0.078335, 0.606177, -0.680506, -0.411642, 0.09946, 0.0, 0.0, 0.0, 1.0],
                [0.690562, 0.441163, 0.573127, 0.047845, -0.286553, -0.560712, 0.776815, 0.080593, 0.664088, -0.700697, -0.260781, 0.100307, 0.0, 0.0, 0.0, 1.0],
                [0.584915, 0.528127, 0.615571, 0.012771, -0.363182, -0.508096, 0.780954, 0.082711, 0.725241, -0.680382, -0.105384, 0.101186, 0.0, 0.0, 0.0, 1.0],
                [0.512163, 0.837394, 0.190899, -0.021612, -0.278253, -0.048529, 0.959251, 0.084553, 0.812567, -0.544429, 0.208158, 0.102109, 0.0, 0.0, 0.0, 1.0],
                [0.410642, 0.910998, -0.037899, -0.050807, -0.034206, 0.056903, 0.997766, 0.086019, 0.911155, -0.408435, 0.054537, 0.103086, 0.0, 0.0, 0.0, 1.0],
                [0.218867, 0.973612, 0.064375, -0.071435, 0.198776, -0.109105, 0.973933, 0.087038, 0.955293, -0.200361, -0.217404, 0.104125, 0.0, 0.0, 0.0, 1.0],
                [0.038005, 0.966237, 0.254749, -0.080939, 0.33462, -0.252546, 0.907866, 0.087556, 0.941586, 0.050749, -0.33292, 0.10523, 0.0, 0.0, 0.0, 1.0],
                [-0.094631, 0.92391, 0.370655, -0.084567, 0.353268, -0.316953, 0.880181, 0.087736, 0.930723, 0.214243, -0.296399, 0.106996, 0.0, 0.0, 0.0, 1.0],
                [-0.194361, 0.856338, 0.478387, -0.087203, 0.333916, -0.400826, 0.853123, 0.087858, 0.922347, 0.325562, -0.208047, 0.108995, 0.0, 0.0, 0.0, 1.0],
                [-0.27598, 0.775305, 0.56805, -0.089504, 0.275022, -0.502616, 0.819587, 0.08796, 0.920976, 0.38242, -0.074524, 0.11103, 0.0, 0.0, 0.0, 1.0],
                [-0.349822, 0.700411, 0.622089, -0.091606, 0.200069, -0.592891, 0.780024, 0.088051, 0.915203, 0.397331, 0.067265, 0.113061, 0.0, 0.0, 0.0, 1.0],
                [-0.417195, 0.651583, 0.633511, -0.093566, 0.137726, -0.643713, 0.752762, 0.088134, 0.898321, 0.401297, 0.178802, 0.115074, 0.0, 0.0, 0.0, 1.0],
                [-0.478896, 0.607307, 0.633867, -0.095415, 0.081262, -0.688304, 0.720847, 0.088212, 0.874103, 0.396717, 0.280262, 0.117059, 0.0, 0.0, 0.0, 1.0],
                [-0.525333, 0.563971, 0.637115, -0.097171, 0.041315, -0.73099, 0.681127, 0.088285, 0.849893, 0.384136, 0.360699, 0.119013, 0.0, 0.0, 0.0, 1.0],
                [-0.560207, 0.522193, 0.642991, -0.098845, 0.023058, -0.766122, 0.642273, 0.088353, 0.828032, 0.374626, 0.417131, 0.120929, 0.0, 0.0, 0.0, 1.0],
                [-0.584939, 0.485877, 0.649405, -0.100446, 0.023702, -0.790113, 0.612494, 0.088418, 0.810731, 0.373658, 0.450635, 0.122807, 0.0, 0.0, 0.0, 1.0],
                [-0.598911, 0.458688, 0.656405, -0.101979, 0.035051, -0.803898, 0.593726, 0.08848, 0.800048, 0.378591, 0.465368, 0.124642, 0.0, 0.0, 0.0, 1.0],
                [-0.605914, 0.437325, 0.664509, -0.103449, 0.069375, -0.803101, 0.591783, 0.088539, 0.7925, 0.404666, 0.456251, 0.126431, 0.0, 0.0, 0.0, 1.0],
                [-0.612892, 0.412733, 0.673774, -0.104857, 0.106352, -0.801879, 0.587937, 0.088595, 0.782977, 0.431997, 0.447551, 0.128174, 0.0, 0.0, 0.0, 1.0],
                [-0.619072, 0.386111, 0.683831, -0.106205, 0.142226, -0.80126, 0.581159, 0.088649, 0.772348, 0.457037, 0.441102, 0.129866, 0.0, 0.0, 0.0, 1.0],
                [-0.624381, 0.357842, 0.694301, -0.107495, 0.17572, -0.801754, 0.571231, 0.088699, 0.761098, 0.47867, 0.437699, 0.131505, 0.0, 0.0, 0.0, 1.0],
                [-0.628915, 0.328527, 0.704622, -0.108728, 0.20647, -0.803211, 0.558762, 0.088748, 0.749557, 0.4969, 0.437298, 0.133089, 0.0, 0.0, 0.0, 1.0],
                [-0.632802, 0.298793, 0.714311, -0.109902, 0.234517, -0.805255, 0.544572, 0.088794, 0.737945, 0.51213, 0.439472, 0.134614, 0.0, 0.0, 0.0, 1.0],
                [-0.636163, 0.269794, 0.722817, -0.111017, 0.260084, -0.807046, 0.530118, 0.088837, 0.726397, 0.525241, 0.44322, 0.136076, 0.0, 0.0, 0.0, 1.0],
                [-0.63909, 0.243087, 0.729677, -0.112073, 0.283485, -0.807495, 0.517282, 0.088878, 0.714982, 0.53745, 0.447126, 0.137472, 0.0, 0.0, 0.0, 1.0],
                [-0.641651, 0.221108, 0.734406, -0.113068, 0.305083, -0.804959, 0.508879, 0.088916, 0.70371, 0.550588, 0.449022, 0.138798, 0.0, 0.0, 0.0, 1.0],
                [-0.643804, 0.206917, 0.736653, -0.114, 0.327252, -0.795799, 0.509512, 0.088952, 0.691681, 0.569108, 0.4446, 0.14005, 0.0, 0.0, 0.0, 1.0],
                [-0.645597, 0.199141, 0.737227, -0.114866, 0.347986, -0.782636, 0.516118, 0.088985, 0.679786, 0.589762, 0.435945, 0.141222, 0.0, 0.0, 0.0, 1.0],
                [-0.647083, 0.194768, 0.737092, -0.115665, 0.36693, -0.767928, 0.525014, 0.089015, 0.668315, 0.610203, 0.425422, 0.142311, 0.0, 0.0, 0.0, 1.0],
                [-0.648315, 0.192982, 0.73648, -0.116392, 0.383941, -0.752475, 0.535126, 0.089043, 0.657477, 0.629709, 0.413723, 0.143308, 0.0, 0.0, 0.0, 1.0],
                [-0.649339, 0.193617, 0.735411, -0.117045, 0.398934, -0.736592, 0.546143, 0.089068, 0.647465, 0.648027, 0.401033, 0.144207, 0.0, 0.0, 0.0, 1.0],
                [-0.650195, 0.19676, 0.733818, -0.117617, 0.411828, -0.720406, 0.558033, 0.08909, 0.63847, 0.665053, 0.387348, 0.145, 0.0, 0.0, 0.0, 1.0],
                [-0.65092, 0.202586, 0.731587, -0.118103, 0.422524, -0.703985, 0.570848, 0.089108, 0.630696, 0.680705, 0.372616, 0.145679, 0.0, 0.0, 0.0, 1.0],
                [-0.651538, 0.211233, 0.728585, -0.118497, 0.430883, -0.687444, 0.584592, 0.089123, 0.62437, 0.694835, 0.356855, 0.146232, 0.0, 0.0, 0.0, 1.0],
                [-0.652068, 0.222871, 0.724633, -0.118792, 0.436713, -0.670906, 0.599295, 0.089134, 0.61975, 0.707254, 0.340121, 0.146647, 0.0, 0.0, 0.0, 1.0],
                [-0.652512, 0.237356, 0.719616, -0.118977, 0.439732, -0.654822, 0.614679, 0.089141, 0.617142, 0.71754, 0.322882, 0.146908, 0.0, 0.0, 0.0, 1.0],
                [-0.652855, 0.254571, 0.713394, -0.119042, 0.439532, -0.639748, 0.630491, 0.089143, 0.616921, 0.725195, 0.305747, 0.147, 0.0, 0.0, 0.0, 1.0],
                [-0.652957, 0.271319, 0.707101, -0.119042, 0.438853, -0.625402, 0.645187, 0.089143, 0.617297, 0.731607, 0.289267, 0.147, 0.0, 0.0, 0.0, 1.0],
                [-0.653031, 0.287108, 0.700769, -0.119042, 0.438371, -0.611267, 0.658914, 0.089143, 0.61756, 0.737503, 0.273293, 0.147, 0.0, 0.0, 0.0, 1.0],
                [-0.653084, 0.301776, 0.694529, -0.119042, 0.438046, -0.597611, 0.671537, 0.089143, 0.617736, 0.742819, 0.258075, 0.147, 0.0, 0.0, 0.0, 1.0],
                [-0.653117, 0.315474, 0.688385, -0.119042, 0.437867, -0.584369, 0.683205, 0.089143, 0.617828, 0.747647, 0.243502, 0.147, 0.0, 0.0, 0.0, 1.0],
                [-0.653129, 0.328125, 0.682434, -0.119042, 0.437837, -0.571681, 0.693875, 0.089143, 0.617836, 0.751998, 0.229692, 0.147, 0.0, 0.0, 0.0, 1.0],
                [-0.65312, 0.339867, 0.676671, -0.119042, 0.437965, -0.559463, 0.703684, 0.089143, 0.617755, 0.755962, 0.216522, 0.147, 0.0, 0.0, 0.0, 1.0],
                [-0.653087, 0.350757, 0.671123, -0.119042, 0.438261, -0.547697, 0.712698, 0.089143, 0.617579, 0.759594, 0.203947, 0.147, 0.0, 0.0, 0.0, 1.0],
                [-0.65303, 0.360891, 0.665785, -0.119042, 0.438739, -0.536315, 0.721011, 0.089143, 0.6173, 0.76296, 0.191869, 0.147, 0.0, 0.0, 0.0, 1.0],
                [-0.652945, 0.370194, 0.660741, -0.119042, 0.439418, -0.525424, 0.728577, 0.089143, 0.616907, 0.766074, 0.180379, 0.147, 0.0, 0.0, 0.0, 1.0],
                [-0.652829, 0.37875, 0.65599, -0.119042, 0.440316, -0.514954, 0.735477, 0.089143, 0.61639, 0.768996, 0.169384, 0.147, 0.0, 0.0, 0.0, 1.0],
                [-0.652678, 0.386566, 0.651566, -0.119042, 0.441459, -0.504906, 0.741731, 0.089143, 0.615731, 0.771763, 0.158864, 0.147, 0.0, 0.0, 0.0, 1.0],
                [-0.652487, 0.393643, 0.647507, -0.119042, 0.442876, -0.495289, 0.747349, 0.089143, 0.614916, 0.774413, 0.148812, 0.147, 0.0, 0.0, 0.0, 1.0],
                [-0.652251, 0.399961, 0.643864, -0.119042, 0.4446, -0.486122, 0.752328, 0.089143, 0.613921, 0.77698, 0.139228, 0.147, 0.0, 0.0, 0.0, 1.0],
                [-0.651961, 0.405483, 0.640695, -0.119042, 0.446673, -0.477437, 0.75665, 0.089143, 0.612724, 0.779499, 0.130129, 0.147, 0.0, 0.0, 0.0, 1.0],
                [-0.651609, 0.410147, 0.63808, -0.119042, 0.449144, -0.469284, 0.760278, 0.089143, 0.61129, 0.782005, 0.121552, 0.147, 0.0, 0.0, 0.0, 1.0],
                [-0.651142, 0.413062, 0.636674, -0.119042, 0.452338, -0.462419, 0.762588, 0.089143, 0.60943, 0.784556, 0.114234, 0.147, 0.0, 0.0, 0.0, 1.0],
                [-0.650551, 0.41559, 0.635632, -0.119042, 0.45628, -0.455206, 0.764576, 0.089143, 0.607117, 0.787433, 0.106487, 0.147, 0.0, 0.0, 0.0, 1.0],
                [-0.649919, 0.417789, 0.634837, -0.119042, 0.460388, -0.448201, 0.76625, 0.089143, 0.604688, 0.790283, 0.098927, 0.147, 0.0, 0.0, 0.0, 1.0],
                [-0.649271, 0.419788, 0.634181, -0.119042, 0.464486, -0.441436, 0.767703, 0.089143, 0.602245, 0.793027, 0.091603, 0.147, 0.0, 0.0, 0.0, 1.0],
                [-0.648622, 0.421613, 0.633634, -0.119042, 0.468489, -0.434974, 0.768958, 0.089143, 0.59984, 0.795625, 0.08459, 0.147, 0.0, 0.0, 0.0, 1.0],
                [-0.647983, 0.42328, 0.633177, -0.119042, 0.472337, -0.428861, 0.770037, 0.089143, 0.597508, 0.798055, 0.077941, 0.147, 0.0, 0.0, 0.0, 1.0],
                [-0.647363, 0.424794, 0.632797, -0.119042, 0.475987, -0.423137, 0.770955, 0.089143, 0.595279, 0.800303, 0.071704, 0.147, 0.0, 0.0, 0.0, 1.0],
                [-0.64677, 0.42616, 0.632484, -0.119042, 0.4794, -0.417843, 0.771727, 0.089143, 0.593181, 0.802355, 0.065925, 0.147, 0.0, 0.0, 0.0, 1.0],
                [-0.646215, 0.427377, 0.63223, -0.119042, 0.482536, -0.413023, 0.772367, 0.089143, 0.59124, 0.804201, 0.060654, 0.147, 0.0, 0.0, 0.0, 1.0],
                [-0.645708, 0.428442, 0.632028, -0.119042, 0.485354, -0.408724, 0.772888, 0.089143, 0.589485, 0.805829, 0.055948, 0.147, 0.0, 0.0, 0.0, 1.0],
                [-0.645259, 0.429347, 0.631872, -0.119042, 0.48781, -0.405004, 0.7733, 0.089143, 0.587947, 0.807225, 0.05187, 0.147, 0.0, 0.0, 0.0, 1.0],
                [-0.644881, 0.430084, 0.631756, -0.119042, 0.489852, -0.40193, 0.773613, 0.089143, 0.586663, 0.808367, 0.048497, 0.147, 0.0, 0.0, 0.0, 1.0],
                [-0.644588, 0.43064, 0.631677, -0.119042, 0.491416, -0.399586, 0.773835, 0.089143, 0.585676, 0.809233, 0.045923, 0.147, 0.0, 0.0, 0.0, 1.0],
                [-0.644398, 0.430993, 0.63163, -0.119042, 0.492428, -0.398077, 0.77397, 0.089143, 0.585035, 0.809789, 0.044265, 0.147, 0.0, 0.0, 0.0, 1.0],
                [-0.644329, 0.431118, 0.631615, -0.119042, 0.492791, -0.397538, 0.774016, 0.089143, 0.584805, 0.809987, 0.043671, 0.147, 0.0, 0.0, 0.0, 1.0]
            ]
        },
        {
            "name": "Leg_R",
            "time": [0.0, 0.0167, 0.0333, 0.05, 0.0667, 0.0833, 0.1, 0.1167, 0.1333, 0.15, 0.1667, 0.1833, 0.2, 0.2167, 0.2333, 0.25, 0.2667, 0.2833, 0.3, 0.3167, 0.3333, 0.35, 0.3667, 0.3833, 0.4, 0.4167, 0.4333, 0.45, 0.4667, 0.4833, 0.5, 0.5167, 0.5333, 0.55, 0.5667, 0.5833, 0.6, 0.6167, 0.6333, 0.65, 0.6667, 0.6833, 0.7, 0.7167, 0.7333, 0.75, 0.7667, 0.7833, 0.8, 0.8167, 0.8333, 0.85, 0.8667, 0.8833, 0.9, 0.9167, 0.9333, 0.95, 0.9667, 0.9833, 1.0, 1.0167, 1.0333, 1.05, 1.0667, 1.0833, 1.1, 1.1167, 1.1333, 1.15, 1.1667, 1.1833, 1.2, 1.2167, 1.2333, 1.25, 1.2667, 1.2833, 1.3, 1.3167, 1.3333, 1.35, 1.3667, 1.3833, 1.4, 1.4167, 1.4333, 1.45, 1.4667, 1.4833, 1.5],
            "transform": [
                [1.0, -0.000697, -0.000359, 0.0, 0.000769, 0.781683, 0.623658, 0.375166, -0.000154, -0.62369, 0.781693, 0.0, 0.0, 0.0, 0.0, 1.0],
                [1.0, -0.000693, -0.000355, 0.0, 0.000764, 0.785055, 0.619407, 0.375166, -0.00015, -0.619438, 0.785066, 0.0, 0.0, 0.0, 0.0, 1.0],
                [1.0, -0.000686, -0.00035, -0.0, 0.000757, 0.789542, 0.613678, 0.375166, -0.000145, -0.61371, 0.789552, 0.0, 0.0, 0.0, 0.0, 1.0],
                [1.0, -0.000695, -0.000357, -0.0, 0.000767, 0.783253, 0.621684, 0.375166, -0.000152, -0.621716, 0.783264, 0.0, 0.0, 0.0, 0.0, 1.0],
                [1.0, -0.000727, -0.000383, 0.0, 0.000802, 0.759984, 0.649923, 0.375166, -0.000181, -0.649956, 0.759995, 0.0, 0.0, 0.0, 0.0, 1.0],
                [0.999999, -0.000825, -0.000478, 0.0, 0.000909, 0.675412, 0.737421, 0.375166, -0.000285, -0.737457, 0.675425, -0.0, 0.0, 0.0, 0.0, 1.0],
                [0.999999, -0.000924, -0.000604, 0.0, 0.001019, 0.56271, 0.826636, 0.375166, -0.000424, -0.826674, 0.562723, 0.0, 0.0, 0.0, 0.0, 1.0],
                [0.999999, -0.000997, -0.000728, 0.0, 0.0011, 0.452109, 0.891945, 0.375166, -0.000561, -0.891983, 0.452123, 0.0, 0.0, 0.0, 0.0, 1.0],
                [0.999999, -0.001039, -0.000819, -0.0, 0.001146, 0.370496, 0.928817, 0.375166, -0.000661, -0.928855, 0.370509, -0.0, 0.0, 0.0, 0.0, 1.0],
                [0.999999, -0.001065, -0.000892, 0.0, 0.001175, 0.305083, 0.952309, 0.375166, -0.000742, -0.952346, 0.305096, -0.0, 0.0, 0.0, 0.0, 1.0],
                [0.999999, -0.001089, -0.000977, -0.0, 0.001201, 0.228968, 0.973418, 0.375166, -0.000836, -0.973454, 0.22898, -0.0, 0.0, 0.0, 0.0, 1.0],
                [0.999999, -0.001104, -0.001057, -0.0, 0.001218, 0.157317, 0.987532, 0.375166, -0.000924, -0.987567, 0.157328, 0.0, 0.0, 0.0, 0.0, 1.0],
                [0.999999, -0.001112, -0.001112, 0.0, 0.001226, 0.108709, 0.994058, 0.375166, -0.000984, -0.994092, 0.108719, 0.0, 0.0, 0.0, 0.0, 1.0],
                [0.999999, -0.001114, -0.001132, -0.0, 0.001228, 0.090877, 0.995847, 0.375166, -0.001006, -0.99588, 0.090887, -0.0, 0.0, 0.0, 0.0, 1.0],
                [0.999999, -0.001113, -0.001129, -0.0, 0.001228, 0.093337, 0.995619, 0.375166, -0.001003, -0.995653, 0.093347, -0.0, 0.0, 0.0, 0.0, 1.0],
                [0.999999, -0.001111, -0.001108, -0.0, 0.001226, 0.112191, 0.993671, 0.375166, -0.00098, -0.993705, 0.112202, 0.0, 0.0, 0.0, 0.0, 1.0],
                [0.999999, -0.001105, -0.001063, 0.0, 0.001219, 0.152451, 0.988295, 0.375166, -0.00093, -0.98833, 0.152462, 0.0, 0.0, 0.0, 0.0, 1.0],
                [0.999999, -0.001088, -0.000975, 0.0, 0.0012, 0.230989, 0.97294, 0.375166, -0.000833, -0.972976, 0.231001, -0.0, 0.0, 0.0, 0.0, 1.0],
                [0.999999, -0.001036, -0.000812, 0.0, 0.001142, 0.376761, 0.926293, 0.375166, -0.000654, -0.92633, 0.376774, 0.0, 0.0, 0.0, 0.0, 1.0],
                [0.999999, -0.000987, -0.000707, 0.0, 0.001088, 0.470739, 0.882254, 0.375166, -0.000538, -0.882292, 0.470753, -0.0, 0.0, 0.0, 0.0, 1.0],
                [0.999999, -0.001069, -0.000906, 0.0, 0.00118, 0.292338, 0.956298, 0.375166, -0.000758, -0.956335, 0.29235, 0.0, 0.0, 0.0, 0.0, 1.0],
                [0.999999, -0.001112, -0.00112, 0.0, 0.001227, 0.100929, 0.994878, 0.375166, -0.000994, -0.994912, 0.100939, -0.0, 0.0, 0.0, 0.0, 1.0],
                [0.999999, -0.001055, -0.000863, 0.0, 0.001164, 0.330854, 0.943665, 0.375166, -0.00071, -0.943702, 0.330867, 0.0, 0.0, 0.0, 0.0, 1.0],
                [1.0, -0.000562, -0.000266, 0.0, 0.000619, 0.864681, 0.502305, 0.375166, -5.2e-05, -0.50233, 0.864688, 0.0, 0.0, 0.0, 0.0, 1.0],
                [1.0, -6e-06, -0.000115, -0.0, 7e-06, 0.999986, 0.005394, 0.375166, 0.000115, -0.005382, 0.999986, 0.0, 0.0, 0.0, 0.0, 1.0],
                [1.0, -5e-06, -0.000115, 0.0, 6e-06, 0.99999, 0.004559, 0.375166, 0.000115, -0.004547, 0.99999, -0.0, 0.0, 0.0, 0.0, 1.0],
                [1.0, -6e-06, -0.000115, -0.0, 7e-06, 0.999987, 0.005376, 0.375166, 0.000115, -0.005364, 0.999986, -0.0, 0.0, 0.0, 0.0, 1.0],
                [0.999999, -0.000979, -0.000693, -0.0, 0.00108, 0.482864, 0.875676, 0.375166, -0.000523, -0.875716, 0.482877, 0.0, 0.0, 0.0, 0.0, 1.0],
                [0.999999, -0.001118, -0.00126, -0.0, 0.001233, -0.024255, 0.99969, 0.375166, -0.001148, -0.999723, -0.024245, 0.0, 0.0, 0.0, 0.0, 1.0],
                [0.999998, -0.001092, -0.001476, 0.0, 0.001204, -0.21718, 0.976116, 0.375166, -0.001386, -0.976144, -0.217171, -0.0, 0.0, 0.0, 0.0, 1.0],
                [0.999998, -0.00109, -0.001482, -0.0, 0.001203, -0.22201, 0.975029, 0.375166, -0.001392, -0.975057, -0.222, -0.0, 0.0, 0.0, 0.0, 1.0],
                [0.999998, -0.001079, -0.001528, -0.0, 0.00119, -0.263258, 0.96471, 0.375166, -0.001443, -0.964738, -0.263248, 0.0, 0.0, 0.0, 0.0, 1.0],
                [0.999998, -0.001062, -0.001582, -0.0, 0.001172, -0.31176, 0.950146, 0.375166, -0.001503, -0.950172, -0.31175, 0.0, 0.0, 0.0, 0.0, 1.0],
                [0.999998, -0.001049, -0.00162, 0.0, 0.001157, -0.345721, 0.938323, 0.375166, -0.001545, -0.938348, -0.345711, 0.0, 0.0, 0.0, 0.0, 1.0],
                [0.999998, -0.001049, -0.00162, 0.0, 0.001157, -0.346218, 0.93814, 0.375166, -0.001545, -0.938165, -0.346207, 0.0, 0.0, 0.0, 0.0, 1.0],
                [0.999998, -0.001059, -0.001592, -0.0, 0.001168, -0.320998, 0.947065, 0.375166, -0.001514, -0.947091, -0.320988, 0.0, 0.0, 0.0, 0.0, 1.0],
                [0.999998, -0.001078, -0.001529, -0.0, 0.00119, -0.264331, 0.964417, 0.375166, -0.001444, -0.964445, -0.264321, -0.0, 0.0, 0.0, 0.0, 1.0],
                [0.999998, -0.001099, -0.001441, -0.0, 0.001212, -0.185683, 0.982594, 0.375167, -0.001347, -0.982624, -0.185673, -0.0, 0.0, 0.0, 0.0, 1.0],
                [0.999999, -0.001113, -0.00134, 0.0, 0.001228, -0.095186, 0.995443, 0.375166, -0.001236, -0.995476, -0.095176, -0.0, 0.0, 0.0, 0.0, 1.0],
                [0.999999, -0.001118, -0.001243, 0.0, 0.001233, -0.00865, 0.999946, 0.375166, -0.001129, -0.999981, -0.00864, 0.0, 0.0, 0.0, 0.0, 1.0],
                [0.999999, -0.001116, -0.001162, 0.0, 0.001231, 0.063414, 0.99797, 0.375166, -0.00104, -0.998006, 0.063424, -0.0, 0.0, 0.0, 0.0, 1.0],
                [0.999999, -0.001109, -0.001092, -0.0, 0.001223, 0.126328, 0.991971, 0.375166, -0.000962, -0.992008, 0.126339, -0.0, 0.0, 0.0, 0.0, 1.0],
                [0.999999, -0.001096, -0.001011, -0.0, 0.001209, 0.198407, 0.980102, 0.375166, -0.000874, -0.98014, 0.198418, -0.0, 0.0, 0.0, 0.0, 1.0],
                [0.999999, -0.001075, -0.000925, -0.0, 0.001186, 0.275769, 0.961206, 0.375166, -0.000778, -0.961245, 0.275782, -0.0, 0.0, 0.0, 0.0, 1.0],
                [0.999999, -0.001045, -0.000835, 0.0, 0.001153, 0.35594, 0.934491, 0.375167, -0.000679, -0.93453, 0.355952, -0.0, 0.0, 0.0, 0.0, 1.0],
                [0.999999, -0.001006, -0.000746, 0.0, 0.00111, 0.435895, 0.899978, 0.375166, -0.000581, -0.900018, 0.435908, 0.0, 0.0, 0.0, 0.0, 1.0],
                [0.999999, -0.00096, -0.00066, -0.0, 0.001059, 0.512824, 0.858474, 0.375166, -0.000486, -0.858514, 0.512837, -0.0, 0.0, 0.0, 0.0, 1.0],
                [0.999999, -0.000908, -0.000581, 0.0, 0.001002, 0.583279, 0.812252, 0.375166, -0.000399, -0.812292, 0.583292, -0.0, 0.0, 0.0, 0.0, 1.0],
                [0.999999, -0.000856, -0.000513, 0.0, 0.000944, 0.643836, 0.765143, 0.375166, -0.000324, -0.765182, 0.643849, 0.0, 0.0, 0.0, 0.0, 1.0],
                [1.0, -0.000809, -0.000461, 0.0, 0.000892, 0.690429, 0.72338, 0.375167, -0.000267, -0.723417, 0.690441, -0.0, 0.0, 0.0, 0.0, 1.0],
                [1.0, -0.000777, -0.000429, -0.0, 0.000857, 0.718972, 0.695019, 0.375166, -0.000232, -0.695055, 0.718983, -0.0, 0.0, 0.0, 0.0, 1.0],
                [1.0, -0.000759, -0.000412, -0.0, 0.000837, 0.734199, 0.678914, 0.375166, -0.000213, -0.678949, 0.734211, 0.0, 0.0, 0.0, 0.0, 1.0],
                [1.0, -0.000749, -0.000403, 0.0, 0.000826, 0.742753, 0.669546, 0.375166, -0.000202, -0.669581, 0.742764, 0.0, 0.0, 0.0, 0.0, 1.0],
                [1.0, -0.000744, -0.000399, -0.0, 0.000821, 0.746412, 0.665464, 0.375166, -0.000198, -0.6655, 0.746423, -0.0, 0.0, 0.0, 0.0, 1.0],
                [1.0, -0.000745, -0.0004, 0.0, 0.000822, 0.74553, 0.666452, 0.375166, -0.000199, -0.666487, 0.745541, -0.0, 0.0, 0.0, 0.0, 1.0],
                [1.0, -0.000752, -0.000406, -0.0, 0.00083, 0.739868, 0.672732, 0.375166, -0.000206, -0.672768, 0.739879, 0.0, 0.0, 0.0, 0.0, 1.0],
                [1.0, -0.000766, -0.000418, 0.0, 0.000844, 0.72888, 0.684621, 0.375167, -0.000219, -0.684657, 0.728892, -0.0, 0.0, 0.0, 0.0, 1.0],
                [1.0, -0.000785, -0.000437, 0.0, 0.000866, 0.711917, 0.702243, 0.375166, -0.00024, -0.70228, 0.711929, 0.0, 0.0, 0.0, 0.0, 1.0],
                [1.0, -0.000811, -0.000464, 0.0, 0.000895, 0.688076, 0.725618, 0.375167, -0.00027, -0.725655, 0.688089, 0.0, 0.0, 0.0, 0.0, 1.0],
                [1.0, -0.000843, -0.000499, 0.0, 0.00093, 0.656871, 0.753983, 0.375166, -0.000308, -0.754021, 0.656884, -0.0, 0.0, 0.0, 0.0, 1.0],
                [0.999999, -0.000879, -0.000543, -0.0, 0.00097, 0.617652, 0.786431, 0.375166, -0.000356, -0.78647, 0.617666, 0.0, 0.0, 0.0, 0.0, 1.0],
                [0.999999, -0.000913, -0.000587, 0.0, 0.001007, 0.577528, 0.816351, 0.375166, -0.000406, -0.816391, 0.577541, -0.0, 0.0, 0.0, 0.0, 1.0],
                [0.999999, -0.000943, -0.000632, -0.0, 0.00104, 0.53784, 0.843027, 0.375166, -0.000455, -0.843067, 0.537854, 0.0, 0.0, 0.0, 0.0, 1.0],
                [0.999999, -0.000969, -0.000675, 0.0, 0.001069, 0.499353, 0.866379, 0.375166, -0.000502, -0.86642, 0.499366, 0.0, 0.0, 0.0, 0.0, 1.0],
                [0.999999, -0.000992, -0.000717, -0.0, 0.001094, 0.462042, 0.886839, 0.375167, -0.000548, -0.886879, 0.462055, -0.0, 0.0, 0.0, 0.0, 1.0],
                [0.999999, -0.001011, -0.000757, 0.0, 0.001116, 0.426363, 0.904533, 0.375166, -0.000592, -0.904573, 0.426377, 0.0, 0.0, 0.0, 0.0, 1.0],
                [0.999999, -0.001029, -0.000795, 0.0, 0.001135, 0.392224, 0.919851, 0.375167, -0.000634, -0.919891, 0.392237, -0.0, 0.0, 0.0, 0.0, 1.0],
                [0.999999, -0.001043, -0.000831, 0.0, 0.001151, 0.35969, 0.933053, 0.375166, -0.000675, -0.933093, 0.359703, -0.0, 0.0, 0.0, 0.0, 1.0],
                [0.999999, -0.001056, -0.000866, -0.0, 0.001165, 0.328707, 0.944414, 0.375166, -0.000713, -0.944453, 0.328719, -0.0, 0.0, 0.0, 0.0, 1.0],
                [0.999999, -0.001067, -0.000898, 0.0, 0.001177, 0.299618, 0.954041, 0.375166, -0.000749, -0.95408, 0.299631, 0.0, 0.0, 0.0, 0.0, 1.0],
                [0.999999, -0.001076, -0.000929, 0.0, 0.001187, 0.27237, 0.962175, 0.375167, -0.000782, -0.962214, 0.272382, -0.0, 0.0, 0.0, 0.0, 1.0],
                [0.999999, -0.001084, -0.000957, 0.0, 0.001195, 0.247084, 0.968977, 0.375167, -0.000813, -0.969015, 0.247096, 0.0, 0.0, 0.0, 0.0, 1.0],
                [0.999999, -0.00109, -0.000983, -0.0, 0.001202, 0.223906, 0.974593, 0.375166, -0.000842, -0.974632, 0.223918, -0.0, 0.0, 0.0, 0.0, 1.0],
                [0.999999, -0.001095, -0.001006, 0.0, 0.001208, 0.203032, 0.979155, 0.375166, -0.000868, -0.979193, 0.203044, 0.0, 0.0, 0.0, 0.0, 1.0],
                [0.999999, -0.001099, -0.001027, 0.0, 0.001212, 0.184711, 0.982776, 0.375167, -0.00089, -0.982813, 0.184723, 0.0, 0.0, 0.0, 0.0, 1.0],
                [0.999999, -0.001102, -0.001044, -0.0, 0.001215, 0.169284, 0.98555, 0.375166, -0.000909, -0.985588, 0.169295, -0.0, 0.0, 0.0, 0.0, 1.0],
                [0.999999, -0.001104, -0.001054, 0.0, 0.001217, 0.160054, 0.987091, 0.375166, -0.000921, -0.987129, 0.160065, 0.0, 0.0, 0.0, 0.0, 1.0],
                [0.999999, -0.001105, -0.001063, 0.0, 0.001219, 0.152444, 0.988295, 0.375167, -0.00093, -0.988332, 0.152455, 0.0, 0.0, 0.0, 0.0, 1.0],
                [0.999999, -0.001106, -0.00107, 0.0, 0.00122, 0.145982, 0.98927, 0.375166, -0.000938, -0.989307, 0.145993, -0.0, 0.0, 0.0, 0.0, 1.0],
                [0.999999, -0.001107, -0.001076, -0.0, 0.001221, 0.140235, 0.990101, 0.375166, -0.000945, -0.990138, 0.140246, 0.0, 0.0, 0.0, 0.0, 1.0],
                [0.999999, -0.001108, -0.001082, 0.0, 0.001222, 0.13509, 0.990816, 0.375166, -0.000952, -0.990853, 0.135101, 0.0, 0.0, 0.0, 0.0, 1.0],
                [0.999999, -0.001109, -0.001087, 0.0, 0.001223, 0.130476, 0.991435, 0.375167, -0.000957, -0.991471, 0.130487, 0.0, 0.0, 0.0, 0.0, 1.0],
                [0.999999, -0.001109, -0.001092, -0.0, 0.001223, 0.126355, 0.991968, 0.375166, -0.000963, -0.992005, 0.126366, 0.0, 0.0, 0.0, 0.0, 1.0],
                [0.999999, -0.00111, -0.001096, -0.0, 0.001224, 0.122698, 0.992427, 0.375166, -0.000967, -0.992464, 0.122709, 0.0, 0.0, 0.0, 0.0, 1.0],
