{
    "animation": [
        {
            "name": "Root",
            "time": [0.0, 0.0167, 0.0333, 0.05, 0.0667, 0.0833, 0.1, 0.1167, 0.1333, 0.15, 0.1667, 0.1833, 0.2, 0.2167, 0.2333, 0.25, 0.2667, 0.2833, 0.3, 0.3167, 0.3333, 0.35, 0.3667, 0.3833, 0.4, 0.4167, 0.4333, 0.45, 0.4667, 0.4833, 0.5, 0.5167, 0.5333, 0.55, 0.5667, 0.5833, 0.6, 0.6167, 0.6333, 0.65, 0.6667, 0.6833, 0.7, 0.7167, 0.7333, 0.75, 0.7667, 0.7833, 0.8, 0.8167, 0.8333, 0.85, 0.8667, 0.8833, 0.9, 0.9167, 0.9333, 0.95, 0.9667, 0.9833, 1.0, 1.0167, 1.0333, 1.05, 1.0667, 1.0833, 1.1, 1.1167, 1.1333, 1.15, 1.1667, 1.1833, 1.2, 1.2167, 1.2333, 1.25, 1.2667, 1.2833, 1.3, 1.3167, 1.3333, 1.35, 1.3667, 1.3833, 1.4, 1.4167, 1.4333, 1.45, 1.4667, 1.4833, 1.5, 1.5167, 1.5333, 1.55, 1.5667, 1.5833, 1.6, 1.6167, 1.6333, 1.65, 1.6667, 1.6833, 1.7, 1.7167, 1.7333, 1.75, 1.7667, 1.7833, 1.8, 1.8167, 1.8333, 1.85, 1.8667, 1.8833, 1.9, 1.9167, 1.9333, 1.95, 1.9667, 1.9833, 2.0, 2.0167, 2.0333, 2.05, 2.0667, 2.0833, 2.1, 2.1167, 2.1333, 2.15, 2.1667, 2.1833, 2.2, 2.2167, 2.2333, 2.25, 2.2667, 2.2833],
            "transform": [
                [1.0, 0.0, -0.0, 0.043717, -0.0, 0.0, -1.0, -0.006058, 0.0, 1.0, 0.0, 0.513609, 0.0, 0.0, 0.0, 1.0],
                [1.0, 0.0, -0.0, 0.046223, -0.0, 0.0, -1.0, -0.008587, 0.0, 1.0, 0.0, 0.511409, 0.0, 0.0, 0.0, 1.0],
                [1.0, 0.0, -0.0, 0.052881, -0.0, 0.0, -1.0, -0.013998, 0.0, 1.0, 0.0, 0.501138, 0.0, 0.0, 0.0, 1.0],
                [1.0, 0.0, -0.0, 0.059378, -0.0, 0.0, -1.0, -0.016526, 0.0, 1.0, 0.0, 0.481791, 0.0, 0.0, 0.0, 1.0],
                [1.0, 0.0, -0.0, 0.066207, -0.0, 0.0, -1.0, -0.001744, 0.0, 1.0, 0.0, 0.446572, 0.0, 0.0, 0.0, 1.0],
                [1.0, 0.0, -0.0, 0.07269, -0.0, 0.0, -1.0, 0.041983, 0.0, 1.0, 0.0, 0.404817, 0.0, 0.0, 0.0, 1.0],
                [1.0, 0.0, -0.0, 0.07504, -0.0, 0.0, -1.0, 0.094047, 0.0, 1.0, 0.0, 0.379024, 0.0, 0.0, 0.0, 1.0],
                [1.0, 0.0, -0.0, 0.069738, -0.0, 0.0, -1.0, 0.146052, 0.0, 1.0, 0.0, 0.366137, 0.0, 0.0, 0.0, 1.0],
                [1.0, 0.0, -0.0, 0.053204, -0.0, 0.0, -1.0, 0.192872, 0.0, 1.0, 0.0, 0.357151, 0.0, 0.0, 0.0, 1.0],
                [1.0, 0.0, -0.0, 0.027675, -0.0, 0.0, -1.0, 0.244349, 0.0, 1.0, 0.0, 0.352464, 0.0, 0.0, 0.0, 1.0],
                [1.0, 0.0, -0.0, -0.000573, -0.0, 0.0, -1.0, 0.311255, 0.0, 1.0, 0.0, 0.350949, 0.0, 0.0, 0.0, 1.0],
                [1.0, 0.0, -0.0, -0.025805, -0.0, 0.0, -1.0, 0.397436, 0.0, 1.0, 0.0, 0.350774, 0.0, 0.0, 0.0, 1.0],
                [1.0, 0.0, -0.0, -0.055965, -0.0, 0.0, -1.0, 0.534142, 0.0, 1.0, 0.0, 0.373153, 0.0, 0.0, 0.0, 1.0],
                [1.0, 0.0, -0.0, -0.090997, -0.0, 0.0, -1.0, 0.706756, 0.0, 1.0, 0.0, 0.433806, 0.0, 0.0, 0.0, 1.0],
                [1.0, 0.0, -0.0, -0.117648, -0.0, 0.0, -1.0, 0.851247, 0.0, 1.0, 0.0, 0.50017, 0.0, 0.0, 0.0, 1.0],
                [1.0, 0.0, -0.0, -0.126649, -0.0, 0.0, -1.0, 0.91696, 0.0, 1.0, 0.0, 0.536963, 0.0, 0.0, 0.0, 1.0],
                [1.0, 0.0, -0.0, -0.12662, -0.0, 0.0, -1.0, 0.941119, 0.0, 1.0, 0.0, 0.554082, 0.0, 0.0, 0.0, 1.0],
                [1.0, 0.0, -0.0, -0.126497, -0.0, 0.0, -1.0, 0.953934, 0.0, 1.0, 0.0, 0.566816, 0.0, 0.0, 0.0, 1.0],
                [1.0, 0.0, -0.0, -0.126266, -0.0, 0.0, -1.0, 0.962468, 0.0, 1.0, 0.0, 0.577448, 0.0, 0.0, 0.0, 1.0],
                [1.0, 0.0, -0.0, -0.125921, -0.0, 0.0, -1.0, 0.968902, 0.0, 1.0, 0.0, 0.586678, 0.0, 0.0, 0.0, 1.0],
                [1.0, 0.0, -0.0, -0.125455, -0.0, 0.0, -1.0, 0.974285, 0.0, 1.0, 0.0, 0.59482, 0.0, 0.0, 0.0, 1.0],
                [1.0, 0.0, -0.0, -0.124864, -0.0, 0.0, -1.0, 0.979241, 0.0, 1.0, 0.0, 0.602042, 0.0, 0.0, 0.0, 1.0],
                [1.0, 0.0, -0.0, -0.124136, -0.0, 0.0, -1.0, 0.984204, 0.0, 1.0, 0.0, 0.608437, 0.0, 0.0, 0.0, 1.0],
                [1.0, 0.0, -0.0, -0.123263, -0.0, 0.0, -1.0, 0.98951, 0.0, 1.0, 0.0, 0.614053, 0.0, 0.0, 0.0, 1.0],
                [1.0, 0.0, -0.0, -0.122231, -0.0, 0.0, -1.0, 0.99545, 0.0, 1.0, 0.0, 0.61891, 0.0, 0.0, 0.0, 1.0],
                [1.0, 0.0, -0.0, -0.121025, -0.0, 0.0, -1.0, 1.0023, 0.0, 1.0, 0.0, 0.623002, 0.0, 0.0, 0.0, 1.0],
                [1.0, 0.0, -0.0, -0.119624, -0.0, 0.0, -1.0, 1.010339, 0.0, 1.0, 0.0, 0.626304, 0.0, 0.0, 0.0, 1.0],
                [1.0, 0.0, -0.0, -0.118006, -0.0, 0.0, -1.0, 1.019873, 0.0, 1.0, 0.0, 0.628769, 0.0, 0.0, 0.0, 1.0],
                [1.0, 0.0, -0.0, -0.116138, -0.0, 0.0, -1.0, 1.03125, 0.0, 1.0, 0.0, 0.630327, 0.0, 0.0, 0.0, 1.0],
                [1.0, 0.0, -0.0, -0.113981, -0.0, 0.0, -1.0, 1.044897, 0.0, 1.0, 0.0, 0.630876, 0.0, 0.0, 0.0, 1.0],
                [1.0, 0.0, -0.0, -0.110423, -0.0, 0.0, -1.0, 1.058627, 0.0, 1.0, 0.0, 0.625029, 0.0, 0.0, 0.0, 1.0],
                [1.0, 0.0, -0.0, -0.106601, -0.0, 0.0, -1.0, 1.069622, 0.0, 1.0, 0.0, 0.611884, 0.0, 0.0, 0.0, 1.0],
                [1.0, 0.0, -0.0, -0.102521, -0.0, 0.0, -1.0, 1.081143, 0.0, 1.0, 0.0, 0.594758, 0.0, 0.0, 0.0, 1.0],
                [1.0, 0.0, -0.0, -0.098175, -0.0, 0.0, -1.0, 1.09486, 0.0, 1.0, 0.0, 0.575218, 0.0, 0.0, 0.0, 1.0],
                [1.0, 0.0, -0.0, -0.093553, -0.0, 0.0, -1.0, 1.111907, 0.0, 1.0, 0.0, 0.554172, 0.0, 0.0, 0.0, 1.0],
                [1.0, 0.0, -0.0, -0.088636, -0.0, 0.0, -1.0, 1.133211, 0.0, 1.0, 0.0, 0.532228, 0.0, 0.0, 0.0, 1.0],
                [1.0, 0.0, -0.0, -0.083399, -0.0, 0.0, -1.0, 1.159653, 0.0, 1.0, 0.0, 0.50984, 0.0, 0.0, 0.0, 1.0],
                [1.0, 0.0, -0.0, -0.077812, -0.0, 0.0, -1.0, 1.192152, 0.0, 1.0, 0.0, 0.487379, 0.0, 0.0, 0.0, 1.0],
                [1.0, 0.0, -0.0, -0.071834, -0.0, 0.0, -1.0, 1.231739, 0.0, 1.0, 0.0, 0.465182, 0.0, 0.0, 0.0, 1.0],
                [1.0, 0.0, -0.0, -0.063276, -0.0, 0.0, -1.0, 1.296962, 0.0, 1.0, 0.0, 0.436009, 0.0, 0.0, 0.0, 1.0],
                [1.0, 0.0, -0.0, -0.052757, -0.0, 0.0, -1.0, 1.377156, 0.0, 1.0, 0.0, 0.400913, 0.0, 0.0, 0.0, 1.0],
                [1.0, 0.0, -0.0, -0.042027, -0.0, 0.0, -1.0, 1.460974, 0.0, 1.0, 0.0, 0.365458, 0.0, 0.0, 0.0, 1.0],
                [1.0, 0.0, -0.0, -0.032359, -0.0, 0.0, -1.0, 1.540129, 0.0, 1.0, 0.0, 0.333688, 0.0, 0.0, 0.0, 1.0],
                [1.0, 0.0, -0.0, -0.024693, -0.0, 0.0, -1.0, 1.60849, 0.0, 1.0, 0.0, 0.308585, 0.0, 0.0, 0.0, 1.0],
                [1.0, 0.0, -0.0, -0.019725, -0.0, 0.0, -1.0, 1.661485, 0.0, 1.0, 0.0, 0.292359, 0.0, 0.0, 0.0, 1.0],
                [1.0, 0.0, -0.0, -0.017977, -0.0, 0.0, -1.0, 1.695681, 0.0, 1.0, 0.0, 0.286657, 0.0, 0.0, 0.0, 1.0],
                [1.0, 0.0, -0.0, -0.017977, -0.0, 0.0, -1.0, 1.713142, 0.0, 1.0, 0.0, 0.290585, 0.0, 0.0, 0.0, 1.0],
                [1.0, 0.0, -0.0, -0.017977, -0.0, 0.0, -1.0, 1.724308, 0.0, 1.0, 0.0, 0.300109, 0.0, 0.0, 0.0, 1.0],
                [1.0, 0.0, -0.0, -0.017977, -0.0, 0.0, -1.0, 1.73193, 0.0, 1.0, 0.0, 0.312544, 0.0, 0.0, 0.0, 1.0],
                [1.0, 0.0, -0.0, -0.017977, -0.0, 0.0, -1.0, 1.738045, 0.0, 1.0, 0.0, 0.325906, 0.0, 0.0, 0.0, 1.0],
                [1.0, 0.0, -0.0, -0.017977, -0.0, 0.0, -1.0, 1.744186, 0.0, 1.0, 0.0, 0.338706, 0.0, 0.0, 0.0, 1.0],
                [1.0, 0.0, -0.0, -0.017977, -0.0, 0.0, -1.0, 1.751518, 0.0, 1.0, 0.0, 0.349818, 0.0, 0.0, 0.0, 1.0],
                [1.0, 0.0, -0.0, -0.017977, -0.0, 0.0, -1.0, 1.760937, 0.0, 1.0, 0.0, 0.358379, 0.0, 0.0, 0.0, 1.0],
                [1.0, 0.0, -0.0, -0.017439, -0.0, 0.0, -1.0, 1.770166, 0.0, 1.0, 0.0, 0.363039, 0.0, 0.0, 0.0, 1.0],
                [1.0, 0.0, -0.0, -0.016241, -0.0, 0.0, -1.0, 1.778167, 0.0, 1.0, 0.0, 0.366044, 0.0, 0.0, 0.0, 1.0],
                [1.0, 0.0, -0.0, -0.014695, -0.0, 0.0, -1.0, 1.786353, 0.0, 1.0, 0.0, 0.368498, 0.0, 0.0, 0.0, 1.0],
                [1.0, 0.0, -0.0, -0.012948, -0.0, 0.0, -1.0, 1.795449, 0.0, 1.0, 0.0, 0.370945, 0.0, 0.0, 0.0, 1.0],
                [1.0, 0.0, -0.0, -0.011088, -0.0, 0.0, -1.0, 1.805943, 0.0, 1.0, 0.0, 0.373729, 0.0, 0.0, 0.0, 1.0],
                [1.0, 0.0, -0.0, -0.009174, -0.0, 0.0, -1.0, 1.818234, 0.0, 1.0, 0.0, 0.37711, 0.0, 0.0, 0.0, 1.0],
                [1.0, 0.0, -0.0, -0.007251, -0.0, 0.0, -1.0, 1.8327, 0.0, 1.0, 0.0, 0.381315, 0.0, 0.0, 0.0, 1.0],
                [1.0, 0.0, -0.0, -0.005357, -0.0, 0.0, -1.0, 1.849734, 0.0, 1.0, 0.0, 0.386565, 0.0, 0.0, 0.0, 1.0],
                [1.0, 0.0, -0.0, -0.003529, -0.0, 0.0, -1.0, 1.869778, 0.0, 1.0, 0.0, 0.393092, 0.0, 0.0, 0.0, 1.0],
                [1.0, 0.0, -0.0, -0.002068, -0.0, 0.0, -1.0, 1.895762, 0.0, 1.0, 0.0, 0.398949, 0.0, 0.0, 0.0, 1.0],
                [1.0, 0.0, -0.0, -0.000988, -0.0, 0.0, -1.0, 1.922636, 0.0, 1.0, 0.0, 0.402575, 0.0, 0.0, 0.0, 1.0],
                [1.0, 0.0, -0.0, 8.1e-05, -0.0, 0.0, -1.0, 1.950651, 0.0, 1.0, 0.0, 0.406468, 0.0, 0.0, 0.0, 1.0],
                [1.0, 0.0, -0.0, 0.00133, -0.0, 0.0, -1.0, 1.97997, 0.0, 1.0, 0.0, 0.411902, 0.0, 0.0, 0.0, 1.0],
                [1.0, 0.0, -0.0, 0.002885, -0.0, 0.0, -1.0, 2.010737, 0.0, 1.0, 0.0, 0.419739, 0.0, 0.0, 0.0, 1.0],
                [1.0, 0.0, -0.0, 0.004846, -0.0, 0.0, -1.0, 2.043108, 0.0, 1.0, 0.0, 0.430678, 0.0, 0.0, 0.0, 1.0],
                [1.0, 0.0, -0.0, 0.007307, -0.0, 0.0, -1.0, 2.077258, 0.0, 1.0, 0.0, 0.44538, 0.0, 0.0, 0.0, 1.0],
                [1.0, 0.0, -0.0, 0.010364, -0.0, 0.0, -1.0, 2.113395, 0.0, 1.0, 0.0, 0.464532, 0.0, 0.0, 0.0, 1.0],
                [1.0, 0.0, -0.0, 0.014126, -0.0, 0.0, -1.0, 2.151773, 0.0, 1.0, 0.0, 0.488903, 0.0, 0.0, 0.0, 1.0],
                [1.0, 0.0, -0.0, 0.020685, -0.0, 0.0, -1.0, 2.190542, 0.0, 1.0, 0.0, 0.532841, 0.0, 0.0, 0.0, 1.0],
                [1.0, 0.0, -0.0, 0.029254, -0.0, 0.0, -1.0, 2.224846, 0.0, 1.0, 0.0, 0.581011, 0.0, 0.0, 0.0, 1.0],
                [1.0, 0.0, -0.0, 0.038103, -0.0, 0.0, -1.0, 2.261634, 0.0, 1.0, 0.0, 0.636197, 0.0, 0.0, 0.0, 1.0],
                [1.0, 0.0, -0.0, 0.045582, -0.0, 0.0, -1.0, 2.307157, 0.0, 1.0, 0.0, 0.700268, 0.0, 0.0, 0.0, 1.0],
                [1.0, 0.0, -0.0, 0.050493, -0.0, 0.0, -1.0, 2.365619, 0.0, 1.0, 0.0, 0.773884, 0.0, 0.0, 0.0, 1.0],
                [1.0, 0.0, -0.0, 0.052191, -0.0, 0.0, -1.0, 2.438947, 0.0, 1.0, 0.0, 0.856717, 0.0, 0.0, 0.0, 1.0],
                [1.0, 0.0, -0.0, 0.038158, -0.0, 0.0, -1.0, 2.547314, 0.0, 1.0, 0.0, 0.975459, 0.0, 0.0, 0.0, 1.0],
                [1.0, 0.0, -0.0, 0.001448, -0.0, 0.0, -1.0, 2.677268, 0.0, 1.0, 0.0, 1.119992, 0.0, 0.0, 0.0, 1.0],
                [1.0, 0.0, -0.0, -0.035261, -0.0, 0.0, -1.0, 2.801364, 0.0, 1.0, 0.0, 1.243421, 0.0, 0.0, 0.0, 1.0],
                [1.0, 0.0, -0.0, -0.049295, -0.0, 0.0, -1.0, 2.894944, 0.0, 1.0, 0.0, 1.308884, 0.0, 0.0, 0.0, 1.0],
                [1.0, 0.0, -0.0, -0.049295, -0.0, 0.0, -1.0, 2.951221, 0.0, 1.0, 0.0, 1.341154, 0.0, 0.0, 0.0, 1.0],
                [1.0, 0.0, -0.0, -0.049295, -0.0, 0.0, -1.0, 2.997844, 0.0, 1.0, 0.0, 1.365699, 0.0, 0.0, 0.0, 1.0],
                [1.0, 0.0, -0.0, -0.049295, -0.0, 0.0, -1.0, 3.03992, 0.0, 1.0, 0.0, 1.386111, 0.0, 0.0, 0.0, 1.0],
                [1.0, 0.0, -0.0, -0.049295, -0.0, 0.0, -1.0, 3.079216, 0.0, 1.0, 0.0, 1.40361, 0.0, 0.0, 0.0, 1.0],
                [1.0, 0.0, -0.0, -0.049295, -0.0, 0.0, -1.0, 3.116596, 0.0, 1.0, 0.0, 1.418764, 0.0, 0.0, 0.0, 1.0],
                [1.0, 0.0, -0.0, -0.049295, -0.0, 0.0, -1.0, 3.152564, 0.0, 1.0, 0.0, 1.431865, 0.0, 0.0, 0.0, 1.0],
                [1.0, 0.0, -0.0, -0.049295, -0.0, 0.0, -1.0, 3.187445, 0.0, 1.0, 0.0, 1.443062, 0.0, 0.0, 0.0, 1.0],
                [1.0, 0.0, -0.0, -0.049295, -0.0, 0.0, -1.0, 3.221466, 0.0, 1.0, 0.0, 1.452411, 0.0, 0.0, 0.0, 1.0],
                [1.0, 0.0, -0.0, -0.049295, -0.0, 0.0, -1.0, 3.254794, 0.0, 1.0, 0.0, 1.459901, 0.0, 0.0, 0.0, 1.0],
                [1.0, 0.0, -0.0, -0.049295, -0.0, 0.0, -1.0, 3.287562, 0.0, 1.0, 0.0, 1.465461, 0.0, 0.0, 0.0, 1.0],
                [1.0, 0.0, -0.0, -0.049295, -0.0, 0.0, -1.0, 3.31988, 0.0, 1.0, 0.0, 1.468956, 0.0, 0.0, 0.0, 1.0],
                [1.0, 0.0, -0.0, -0.049295, -0.0, 0.0, -1.0, 3.351842, 0.0, 1.0, 0.0, 1.470182, 0.0, 0.0, 0.0, 1.0],
                [1.0, 0.0, -0.0, -0.049295, -0.0, 0.0, -1.0, 3.371805, 0.0, 1.0, 0.0, 1.461764, 0.0, 0.0, 0.0, 1.0],
                [1.0, 0.0, -0.0, -0.049295, -0.0, 0.0, -1.0, 3.385525, 0.0, 1.0, 0.0, 1.445036, 0.0, 0.0, 0.0, 1.0],
                [1.0, 0.0, -0.0, -0.049295, -0.0, 0.0, -1.0, 3.398231, 0.0, 1.0, 0.0, 1.424004, 0.0, 0.0, 0.0, 1.0],
                [1.0, 0.0, -0.0, -0.049295, -0.0, 0.0, -1.0, 3.411564, 0.0, 1.0, 0.0, 1.399885, 0.0, 0.0, 0.0, 1.0],
                [1.0, 0.0, -0.0, -0.049295, -0.0, 0.0, -1.0, 3.426366, 0.0, 1.0, 0.0, 1.373214, 0.0, 0.0, 0.0, 1.0],
                [1.0, 0.0, -0.0, -0.049295, -0.0, 0.0, -1.0, 3.443207, 0.0, 1.0, 0.0, 1.344254, 0.0, 0.0, 0.0, 1.0],
                [1.0, 0.0, -0.0, -0.049295, -0.0, 0.0, -1.0, 3.462548, 0.0, 1.0, 0.0, 1.313126, 0.0, 0.0, 0.0, 1.0],
                [1.0, 0.0, -0.0, -0.049295, -0.0, 0.0, -1.0, 3.484821, 0.0, 1.0, 0.0, 1.279863, 0.0, 0.0, 0.0, 1.0],
                [1.0, 0.0, -0.0, -0.049295, -0.0, 0.0, -1.0, 3.510468, 0.0, 1.0, 0.0, 1.244434, 0.0, 0.0, 0.0, 1.0],
                [1.0, 0.0, -0.0, -0.049295, -0.0, 0.0, -1.0, 3.539975, 0.0, 1.0, 0.0, 1.20675, 0.0, 0.0, 0.0, 1.0],
                [1.0, 0.0, -0.0, -0.049295, -0.0, 0.0, -1.0, 3.573896, 0.0, 1.0, 0.0, 1.166666, 0.0, 0.0, 0.0, 1.0],
                [1.0, 0.0, -0.0, -0.049295, -0.0, 0.0, -1.0, 3.612895, 0.0, 1.0, 0.0, 1.123975, 0.0, 0.0, 0.0, 1.0],
                [1.0, 0.0, -0.0, -0.049295, -0.0, 0.0, -1.0, 3.657787, 0.0, 1.0, 0.0, 1.078392, 0.0, 0.0, 0.0, 1.0],
                [1.0, 0.0, -0.0, -0.049295, -0.0, 0.0, -1.0, 3.709606, 0.0, 1.0, 0.0, 1.029532, 0.0, 0.0, 0.0, 1.0],
                [1.0, 0.0, -0.0, -0.03925, -0.0, 0.0, -1.0, 3.786349, 0.0, 1.0, 0.0, 0.963564, 0.0, 0.0, 0.0, 1.0],
                [1.0, 0.0, -0.0, -0.015786, -0.0, 0.0, -1.0, 3.873872, 0.0, 1.0, 0.0, 0.889085, 0.0, 0.0, 0.0, 1.0],
                [1.0, 0.0, -0.0, 0.013189, -0.0, 0.0, -1.0, 3.966197, 0.0, 1.0, 0.0, 0.811686, 0.0, 0.0, 0.0, 1.0],
                [1.0, 0.0, -0.0, 0.041865, -0.0, 0.0, -1.0, 4.058925, 0.0, 1.0, 0.0, 0.735462, 0.0, 0.0, 0.0, 1.0],
                [1.0, 0.0, -0.0, 0.065918, -0.0, 0.0, -1.0, 4.148775, 0.0, 1.0, 0.0, 0.663453, 0.0, 0.0, 0.0, 1.0],
                [1.0, 0.0, -0.0, 0.082093, -0.0, 0.0, -1.0, 4.233271, 0.0, 1.0, 0.0, 0.597936, 0.0, 0.0, 0.0, 1.0],
                [1.0, 0.0, -0.0, 0.087928, -0.0, 0.0, -1.0, 4.310537, 0.0, 1.0, 0.0, 0.540629, 0.0, 0.0, 0.0, 1.0],
                [1.0, 0.0, -0.0, 0.077448, -0.0, 0.0, -1.0, 4.385683, 0.0, 1.0, 0.0, 0.49099, 0.0, 0.0, 0.0, 1.0],
                [1.0, 0.0, -0.0, 0.052966, -0.0, 0.0, -1.0, 4.466422, 0.0, 1.0, 0.0, 0.439433, 0.0, 0.0, 0.0, 1.0],
                [1.0, 0.0, -0.0, 0.022735, -0.0, 0.0, -1.0, 4.544548, 0.0, 1.0, 0.0, 0.391126, 0.0, 0.0, 0.0, 1.0],
                [1.0, 0.0, -0.0, -0.007185, -0.0, 0.0, -1.0, 4.614127, 0.0, 1.0, 0.0, 0.349787, 0.0, 0.0, 0.0, 1.0],
                [1.0, 0.0, -0.0, -0.03228, -0.0, 0.0, -1.0, 4.67082, 0.0, 1.0, 0.0, 0.318121, 0.0, 0.0, 0.0, 1.0],
                [1.0, 0.0, -0.0, -0.049157, -0.0, 0.0, -1.0, 4.711434, 0.0, 1.0, 0.0, 0.298104, 0.0, 0.0, 0.0, 1.0],
                [1.0, 0.0, -0.0, -0.055245, -0.0, 0.0, -1.0, 4.733613, 0.0, 1.0, 0.0, 0.291179, 0.0, 0.0, 0.0, 1.0],
                [1.0, 0.0, -0.0, -0.054603, -0.0, 0.0, -1.0, 4.744602, 0.0, 1.0, 0.0, 0.306339, 0.0, 0.0, 0.0, 1.0],
                [1.0, 0.0, -0.0, -0.052658, -0.0, 0.0, -1.0, 4.752265, 0.0, 1.0, 0.0, 0.349982, 0.0, 0.0, 0.0, 1.0],
                [1.0, 0.0, -0.0, -0.049791, -0.0, 0.0, -1.0, 4.756261, 0.0, 1.0, 0.0, 0.408544, 0.0, 0.0, 0.0, 1.0],
                [1.0, 0.0, -0.0, -0.046839, -0.0, 0.0, -1.0, 4.757553, 0.0, 1.0, 0.0, 0.459068, 0.0, 0.0, 0.0, 1.0],
                [1.0, 0.0, -0.0, -0.044486, -0.0, 0.0, -1.0, 4.757702, 0.0, 1.0, 0.0, 0.485939, 0.0, 0.0, 0.0, 1.0],
                [1.0, 0.0, -0.0, -0.042148, -0.0, 0.0, -1.0, 4.752021, 0.0, 1.0, 0.0, 0.498893, 0.0, 0.0, 0.0, 1.0],
                [1.0, 0.0, -0.0, -0.039624, -0.0, 0.0, -1.0, 4.741275, 0.0, 1.0, 0.0, 0.508562, 0.0, 0.0, 0.0, 1.0],
                [1.0, 0.0, -0.0, -0.03712, -0.0, 0.0, -1.0, 4.728866, 0.0, 1.0, 0.0, 0.516502, 0.0, 0.0, 0.0, 1.0],
                [1.0, 0.0, -0.0, -0.034715, -0.0, 0.0, -1.0, 4.716, 0.0, 1.0, 0.0, 0.523246, 0.0, 0.0, 0.0, 1.0],
                [1.0, 0.0, -0.0, -0.032453, -0.0, 0.0, -1.0, 4.703315, 0.0, 1.0, 0.0, 0.529041, 0.0, 0.0, 0.0, 1.0],
                [1.0, 0.0, -0.0, -0.030368, -0.0, 0.0, -1.0, 4.691235, 0.0, 1.0, 0.0, 0.534019, 0.0, 0.0, 0.0, 1.0],
                [1.0, 0.0, -0.0, -0.028491, -0.0, 0.0, -1.0, 4.680092, 0.0, 1.0, 0.0, 0.53825, 0.0, 0.0, 0.0, 1.0],
                [1.0, 0.0, -0.0, -0.026854, -0.0, 0.0, -1.0, 4.670189, 0.0, 1.0, 0.0, 0.541766, 0.0, 0.0, 0.0, 1.0],
                [1.0, 0.0, -0.0, -0.025492, -0.0, 0.0, -1.0, 4.661827, 0.0, 1.0, 0.0, 0.54457, 0.0, 0.0, 0.0, 1.0],
                [1.0, 0.0, -0.0, -0.024449, -0.0, 0.0, -1.0, 4.655332, 0.0, 1.0, 0.0, 0.546643, 0.0, 0.0, 0.0, 1.0],
                [1.0, 0.0, -0.0, -0.023773, -0.0, 0.0, -1.0, 4.651084, 0.0, 1.0, 0.0, 0.547942, 0.0, 0.0, 0.0, 1.0],
                [1.0, 0.0, -0.0, -0.023531, -0.0, 0.0, -1.0, 4.649546, 0.0, 1.0, 0.0, 0.548396, 0.0, 0.0, 0.0, 1.0]
            ]
        },
        {
            "name": "Thigh_R",
            "time": [0.0, 0.0167, 0.0333, 0.05, 0.0667, 0.0833, 0.1, 0.1167, 0.1333, 0.15, 0.1667, 0.1833, 0.2, 0.2167, 0.2333, 0.25, 0.2667, 0.2833, 0.3, 0.3167, 0.3333, 0.35, 0.3667, 0.3833, 0.4, 0.4167, 0.4333, 0.45, 0.4667, 0.4833, 0.5, 0.5167, 0.5333, 0.55, 0.5667, 0.5833, 0.6, 0.6167, 0.6333, 0.65, 0.6667, 0.6833, 0.7, 0.7167, 0.7333, 0.75, 0.7667, 0.7833, 0.8, 0.8167, 0.8333, 0.85, 0.8667, 0.8833, 0.9, 0.9167, 0.9333, 0.95, 0.9667, 0.9833, 1.0, 1.0167, 1.0333, 1.05, 1.0667, 1.0833, 1.1, 1.1167, 1.1333, 1.15, 1.1667, 1.1833, 1.2, 1.2167, 1.2333, 1.25, 1.2667, 1.2833, 1.3, 1.3167, 1.3333, 1.35, 1.3667, 1.3833, 1.4, 1.4167, 1.4333, 1.45, 1.4667, 1.4833, 1.5, 1.5167, 1.5333, 1.55, 1.5667, 1.5833, 1.6, 1.6167, 1.6333, 1.65, 1.6667, 1.6833, 1.7, 1.7167, 1.7333, 1.75, 1.7667, 1.7833, 1.8, 1.8167, 1.8333, 1.85, 1.8667, 1.8833, 1.9, 1.9167, 1.9333, 1.95, 1.9667, 1.9833, 2.0, 2.0167, 2.0333, 2.05, 2.0667, 2.0833, 2.1, 2.1167, 2.1333, 2.15, 2.1667, 2.1833, 2.2, 2.2167, 2.2333, 2.25, 2.2667, 2.2833],
            "transform": [
                [0.731474, -0.256294, -0.631843, 0.004935, 0.482974, -0.459394, 0.745434, -0.002831, -0.481334, -0.850444, -0.212228, -0.132185, 0.0, 0.0, 0.0, 1.0],
                [0.733152, -0.269347, -0.624425, 0.010853, 0.477585, -0.449774, 0.754713, -0.002831, -0.484149, -0.851552, -0.201093, -0.132185, 0.0, 0.0, 0.0, 1.0],
                [0.737424, -0.310668, -0.599715, 0.028078, 0.463349, -0.413375, 0.783839, -0.002831, -0.491441, -0.855915, -0.160862, -0.132185, 0.0, 0.0, 0.0, 1.0],
                [0.742831, -0.370108, -0.557845, 0.05284, 0.444099, -0.351142, 0.824285, -0.002831, -0.500977, -0.860059, -0.096453, -0.132185, 0.0, 0.0, 0.0, 1.0],
                [0.749259, -0.449037, -0.486772, 0.077603, 0.419051, -0.247736, 0.873493, -0.002831, -0.512842, -0.85847, 0.002572, -0.132185, 0.0, 0.0, 0.0, 1.0],
                [0.758652, -0.524878, -0.385908, 0.09483, 0.376296, -0.130543, 0.917237, -0.002831, -0.531836, -0.841091, 0.098492, -0.132185, 0.0, 0.0, 0.0, 1.0],
                [0.767462, -0.563226, -0.306193, 0.100752, 0.324805, -0.070196, 0.943153, -0.002831, -0.552724, -0.823297, 0.129084, -0.132185, 0.0, 0.0, 0.0, 1.0],
                [0.807142, -0.535393, -0.248711, 0.100756, 0.262301, -0.052212, 0.963553, -0.001064, -0.528886, -0.842967, 0.09831, -0.120245, 0.0, 0.0, 0.0, 1.0],
                [0.879437, -0.430937, -0.202165, 0.100758, 0.202997, -0.044647, 0.978142, 0.002627, -0.43056, -0.901257, 0.048235, -0.094999, 0.0, 0.0, 0.0, 1.0],
                [0.95191, -0.262775, -0.157516, 0.100758, 0.14724, -0.058512, 0.98735, 0.007015, -0.268678, -0.963063, -0.016986, -0.064512, 0.0, 0.0, 0.0, 1.0],
                [0.99296, -0.051356, -0.106734, 0.100757, 0.100755, -0.107597, 0.989058, 0.011495, -0.062281, -0.992848, -0.101643, -0.032724, 0.0, 0.0, 0.0, 1.0],
                [0.983933, 0.169007, -0.057539, 0.100756, 0.091897, -0.203135, 0.974813, 0.015689, 0.153068, -0.964435, -0.215382, -0.002084, 0.0, 0.0, 0.0, 1.0],
                [0.917605, 0.397485, -0.000919, 0.100754, 0.19242, -0.442186, 0.876028, 0.019314, 0.347815, -0.804014, -0.482218, 0.0256, 0.0, 0.0, 0.0, 1.0],
                [0.798698, 0.576936, 0.170913, 0.100753, 0.366436, -0.691654, 0.622357, 0.022126, 0.477291, -0.43443, -0.763815, 0.048793, 0.0, 0.0, 0.0, 1.0],
                [0.699613, 0.595936, 0.394177, 0.100752, 0.478766, -0.800508, 0.360506, 0.02389, 0.5304, -0.063476, -0.845341, 0.066035, 0.0, 0.0, 0.0, 1.0],
                [0.666047, 0.540841, 0.513653, 0.100752, 0.510511, -0.832626, 0.214734, 0.024359, 0.543838, 0.119224, -0.830653, 0.07581, 0.0, 0.0, 0.0, 1.0],
                [0.66312, 0.512749, 0.545277, 0.100752, 0.515949, -0.840908, 0.1633, 0.023871, 0.54228, 0.17307, -0.822155, 0.079918, 0.0, 0.0, 0.0, 1.0],
                [0.662783, 0.516225, 0.542399, 0.100752, 0.518141, -0.839128, 0.165505, 0.02327, 0.540601, 0.171368, -0.823616, 0.082862, 0.0, 0.0, 0.0, 1.0],
                [0.663699, 0.533899, 0.523853, 0.100752, 0.518098, -0.83329, 0.192872, 0.022644, 0.539515, 0.143421, -0.829646, 0.085415, 0.0, 0.0, 0.0, 1.0],
                [0.665596, 0.556599, 0.49714, 0.100752, 0.515613, -0.824568, 0.232868, 0.022012, 0.53956, 0.101357, -0.835799, 0.087757, 0.0, 0.0, 0.0, 1.0],
                [0.668428, 0.57949, 0.466224, 0.100752, 0.510207, -0.813369, 0.279493, 0.021382, 0.541196, 0.051072, -0.839319, 0.089964, 0.0, 0.0, 0.0, 1.0],
                [0.672218, 0.599869, 0.433879, 0.100752, 0.501245, -0.800078, 0.329582, 0.02076, 0.544863, -0.004051, -0.838489, 0.092076, 0.0, 0.0, 0.0, 1.0],
                [0.676992, 0.616386, 0.402146, 0.100752, 0.48795, -0.784974, 0.381728, 0.020148, 0.550986, -0.062179, -0.832168, 0.094121, 0.0, 0.0, 0.0, 1.0],
                [0.682718, 0.628111, 0.37329, 0.100752, 0.469414, -0.768563, 0.43469, 0.019548, 0.559952, -0.121524, -0.819537, 0.096114, 0.0, 0.0, 0.0, 1.0],
                [0.689243, 0.634504, 0.349747, 0.100752, 0.444626, -0.751576, 0.487272, 0.018964, 0.572059, -0.180325, -0.800117, 0.098068, 0.0, 0.0, 0.0, 1.0],
                [0.698273, 0.640044, 0.320521, 0.100752, 0.402366, -0.721297, 0.563758, 0.018396, 0.592043, -0.264675, -0.761175, 0.099992, 0.0, 0.0, 0.0, 1.0],
                [0.706742, 0.640037, 0.301406, 0.100752, 0.348335, -0.685648, 0.639171, 0.017846, 0.615774, -0.346727, -0.707502, 0.101895, 0.0, 0.0, 0.0, 1.0],
                [0.71203, 0.633862, 0.302012, 0.100752, 0.292417, -0.658771, 0.693181, 0.017316, 0.638362, -0.405244, -0.654393, 0.103781, 0.0, 0.0, 0.0, 1.0],
                [0.71359, 0.622289, 0.321753, 0.100752, 0.241357, -0.649565, 0.720968, 0.016808, 0.657675, -0.436813, -0.613693, 0.105656, 0.0, 0.0, 0.0, 1.0],
                [0.711948, 0.606818, 0.353384, 0.100752, 0.200074, -0.657685, 0.726225, 0.016323, 0.673127, -0.44633, -0.589621, 0.107525, 0.0, 0.0, 0.0, 1.0],
                [0.708818, 0.596862, 0.375913, 0.100752, 0.169958, -0.661753, 0.73019, 0.015864, 0.68461, -0.453683, -0.570479, 0.109392, 0.0, 0.0, 0.0, 1.0],
                [0.705748, 0.600843, 0.375347, 0.100752, 0.152025, -0.645931, 0.74809, 0.015433, 0.69196, -0.470903, -0.547183, 0.111261, 0.0, 0.0, 0.0, 1.0],
                [0.702437, 0.619499, 0.350401, 0.100752, 0.151741, -0.611372, 0.776643, 0.015032, 0.695382, -0.492374, -0.523431, 0.113136, 0.0, 0.0, 0.0, 1.0],
                [0.698113, 0.644217, 0.312411, 0.100752, 0.163869, -0.568546, 0.80615, 0.014666, 0.696983, -0.51159, -0.502454, 0.115021, 0.0, 0.0, 0.0, 1.0],
                [0.692005, 0.668062, 0.2735, 0.100752, 0.180448, -0.526945, 0.830507, 0.014336, 0.698976, -0.525362, -0.485176, 0.116919, 0.0, 0.0, 0.0, 1.0],
                [0.683354, 0.691124, 0.235275, 0.100752, 0.202912, -0.489376, 0.848122, 0.014047, 0.701323, -0.531825, -0.474633, 0.118836, 0.0, 0.0, 0.0, 1.0],
                [0.671134, 0.71401, 0.19937, 0.100752, 0.23286, -0.458388, 0.857689, 0.013805, 0.703814, -0.529196, -0.473884, 0.120777, 0.0, 0.0, 0.0, 1.0],
                [0.653908, 0.737559, 0.168495, 0.100752, 0.272079, -0.437082, 0.857268, 0.013614, 0.705958, -0.514725, -0.486466, 0.122746, 0.0, 0.0, 0.0, 1.0],
                [0.62966, 0.76294, 0.146386, 0.100752, 0.322455, -0.428123, 0.844222, 0.013483, 0.706789, -0.484362, -0.515568, 0.124752, 0.0, 0.0, 0.0, 1.0],
                [0.557723, 0.816084, 0.151413, 0.093985, 0.407821, -0.428331, 0.806347, 0.016858, 0.722929, -0.387958, -0.571691, 0.127219, 0.0, 0.0, 0.0, 1.0],
                [0.425784, 0.884223, 0.191899, 0.078177, 0.515242, -0.4113, 0.751892, 0.024874, 0.743797, -0.221254, -0.630702, 0.130272, 0.0, 0.0, 0.0, 1.0],
                [0.268123, 0.927976, 0.258711, 0.058657, 0.618344, -0.371719, 0.692432, 0.034803, 0.738756, -0.025667, -0.673467, 0.133395, 0.0, 0.0, 0.0, 1.0],
                [0.126403, 0.932322, 0.338755, 0.039338, 0.69671, -0.326548, 0.638708, 0.044644, 0.706128, 0.1553, -0.690829, 0.136214, 0.0, 0.0, 0.0, 1.0],
                [0.023739, 0.906997, 0.420412, 0.023134, 0.747972, -0.295153, 0.594482, 0.052904, 0.663305, 0.300367, -0.685411, 0.138451, 0.0, 0.0, 0.0, 1.0],
                [-0.038061, 0.868506, 0.494166, 0.012237, 0.778956, -0.283992, 0.559074, 0.058462, 0.625922, 0.406238, -0.665715, 0.139902, 0.0, 0.0, 0.0, 1.0],
                [-0.064599, 0.831741, 0.551347, 0.008306, 0.796122, -0.290189, 0.531008, 0.060468, 0.601678, 0.473268, -0.643417, 0.140413, 0.0, 0.0, 0.0, 1.0],
                [-0.069805, 0.803711, 0.590867, 0.008306, 0.801933, -0.3071, 0.512429, 0.060468, 0.593322, 0.509633, -0.623081, 0.140413, 0.0, 0.0, 0.0, 1.0],
                [-0.069069, 0.776298, 0.626528, 0.008306, 0.801151, -0.331092, 0.498523, 0.060468, 0.594463, 0.536404, -0.599059, 0.140413, 0.0, 0.0, 0.0, 1.0],
                [-0.065326, 0.74852, 0.659845, 0.008306, 0.797023, -0.358754, 0.485841, 0.060468, 0.600406, 0.557677, -0.573147, 0.140413, 0.0, 0.0, 0.0, 1.0],
                [-0.060599, 0.719007, 0.692315, 0.008306, 0.791731, -0.387777, 0.471997, 0.060468, 0.607856, 0.576758, -0.545756, 0.140413, 0.0, 0.0, 0.0, 1.0],
                [-0.056323, 0.686454, 0.724949, 0.008306, 0.786879, -0.416424, 0.455416, 0.060468, 0.614531, 0.596126, -0.516696, 0.140413, 0.0, 0.0, 0.0, 1.0],
                [-0.053522, 0.649236, 0.758663, 0.008306, 0.783673, -0.44357, 0.434849, 0.060468, 0.618863, 0.617846, -0.485042, 0.140413, 0.0, 0.0, 0.0, 1.0],
                [-0.052921, 0.605035, 0.7944, 0.008306, 0.782996, -0.46861, 0.409041, 0.060468, 0.619771, 0.643688, -0.448934, 0.140413, 0.0, 0.0, 0.0, 1.0],
                [-0.057772, 0.595946, 0.800905, 0.015289, 0.78247, -0.471219, 0.407046, 0.057691, 0.620002, 0.650229, -0.439081, 0.138009, 0.0, 0.0, 0.0, 1.0],
                [-0.065616, 0.611306, 0.78863, 0.027043, 0.780534, -0.460959, 0.422229, 0.053019, 0.62166, 0.643286, -0.446894, 0.133962, 0.0, 0.0, 0.0, 1.0],
                [-0.074814, 0.625543, 0.776554, 0.040149, 0.778124, -0.450417, 0.437768, 0.047808, 0.623639, 0.637035, -0.45305, 0.129449, 0.0, 0.0, 0.0, 1.0],
                [-0.084957, 0.633362, 0.769137, 0.05372, 0.775532, -0.442633, 0.450133, 0.042414, 0.625565, 0.63476, -0.453587, 0.124776, 0.0, 0.0, 0.0, 1.0],
                [-0.095877, 0.634002, 0.767323, 0.06735, 0.772918, -0.438349, 0.458738, 0.036995, 0.627219, 0.637088, -0.448006, 0.120083, 0.0, 0.0, 0.0, 1.0],
                [-0.107486, 0.627352, 0.77124, 0.080805, 0.770392, -0.437813, 0.463475, 0.031646, 0.628444, 0.644001, -0.436252, 0.11545, 0.0, 0.0, 0.0, 1.0],
                [-0.119733, 0.61376, 0.780318, 0.093922, 0.768038, -0.440808, 0.464543, 0.026432, 0.629112, 0.654961, -0.418617, 0.110933, 0.0, 0.0, 0.0, 1.0],
                [-0.132581, 0.593159, 0.794052, 0.106575, 0.765922, -0.447199, 0.461921, 0.021401, 0.629115, 0.669449, -0.39503, 0.106577, 0.0, 0.0, 0.0, 1.0],
                [-0.146001, 0.565576, 0.811628, 0.118654, 0.764095, -0.456658, 0.455648, 0.0166, 0.628364, 0.686712, -0.365489, 0.102418, 0.0, 0.0, 0.0, 1.0],
                [-0.161508, 0.529986, 0.832444, 0.130056, 0.765561, -0.465036, 0.444582, 0.012067, 0.622762, 0.709114, -0.330638, 0.098492, 0.0, 0.0, 0.0, 1.0],
                [-0.177776, 0.497405, 0.849067, 0.140678, 0.76833, -0.468966, 0.435586, 0.007844, 0.614869, 0.729825, -0.29881, 0.094834, 0.0, 0.0, 0.0, 1.0],
                [-0.193872, 0.464655, 0.863968, 0.150412, 0.770635, -0.472861, 0.427223, 0.003974, 0.60707, 0.748656, -0.266416, 0.091483, 0.0, 0.0, 0.0, 1.0],
                [-0.209458, 0.430477, 0.877923, 0.159139, 0.771482, -0.478911, 0.418873, 0.000505, 0.600784, 0.765063, -0.231806, 0.088477, 0.0, 0.0, 0.0, 1.0],
                [-0.224474, 0.394203, 0.891149, 0.166725, 0.770143, -0.488565, 0.410096, -0.002511, 0.597068, 0.778393, -0.193936, 0.085865, 0.0, 0.0, 0.0, 1.0],
                [-0.23904, 0.355127, 0.903701, 0.173015, 0.765987, -0.503032, 0.400273, -0.005011, 0.596761, 0.787929, -0.151791, 0.0837, 0.0, 0.0, 0.0, 1.0],
                [-0.253411, 0.31234, 0.91551, 0.177823, 0.758397, -0.523378, 0.388465, -0.006923, 0.600513, 0.792786, -0.104262, 0.082044, 0.0, 0.0, 0.0, 1.0],
                [-0.26795, 0.263682, 0.92661, 0.180922, 0.746725, -0.55091, 0.372688, -0.008155, 0.608773, 0.791809, -0.049296, 0.080977, 0.0, 0.0, 0.0, 1.0],
                [-0.283109, 0.205021, 0.936882, 0.18203, 0.730253, -0.587211, 0.349157, -0.008595, 0.621755, 0.783035, 0.016512, 0.080595, 0.0, 0.0, 0.0, 1.0],
                [-0.245267, 0.107472, 0.963443, 0.174626, 0.706214, -0.661054, 0.253512, -0.008596, 0.664158, 0.742601, 0.086224, 0.080595, 0.0, 0.0, 0.0, 1.0],
                [-0.099235, -0.09537, 0.990445, 0.155918, 0.69482, -0.719184, 0.000365, -0.008597, 0.712304, 0.688245, 0.137628, 0.080595, 0.0, 0.0, 0.0, 1.0],
                [0.120574, -0.034528, 0.992065, 0.132311, 0.686586, -0.718913, -0.108459, -0.008597, 0.716981, 0.694243, -0.062973, 0.080595, 0.0, 0.0, 0.0, 1.0],
                [0.324348, 0.074433, 0.942968, 0.110323, 0.677103, -0.714409, -0.176493, -0.008598, 0.660553, 0.69576, -0.282106, 0.080595, 0.0, 0.0, 0.0, 1.0],
                [0.45531, 0.383461, 0.803488, 0.095052, 0.678426, -0.73387, -0.034188, -0.008597, 0.576568, 0.560702, -0.594279, 0.080595, 0.0, 0.0, 0.0, 1.0],
                [0.519634, 0.567703, 0.638472, 0.089584, 0.699816, -0.711525, 0.063121, -0.008595, 0.490141, 0.414041, -0.767013, 0.080595, 0.0, 0.0, 0.0, 1.0],
                [0.513052, 0.757141, 0.40432, 0.089582, 0.821452, -0.569739, 0.024595, 0.011261, 0.248987, 0.319537, -0.914262, 0.0445, 0.0, 0.0, 0.0, 1.0],
                [0.421936, 0.860862, 0.284336, 0.089582, 0.857078, -0.276476, -0.434697, 0.063189, -0.295614, 0.427135, -0.854487, -0.049917, 0.0, 0.0, 0.0, 1.0],
                [0.364439, 0.849878, 0.38059, 0.089584, 0.65936, 0.053123, -0.749931, 0.115116, -0.657594, 0.524269, -0.541022, -0.144333, 0.0, 0.0, 0.0, 1.0],
                [0.345136, 0.841844, 0.414891, 0.089584, 0.522675, 0.194787, -0.829964, 0.134968, -0.779547, 0.503319, -0.37279, -0.180429, 0.0, 0.0, 0.0, 1.0],
                [0.295937, 0.864908, 0.405352, 0.089584, 0.427555, 0.259562, -0.865907, 0.134968, -0.854177, 0.429577, -0.292988, -0.180429, 0.0, 0.0, 0.0, 1.0],
                [0.240878, 0.896237, 0.372416, 0.089584, 0.344321, 0.279871, -0.896149, 0.134968, -0.907425, 0.344104, -0.241183, -0.180429, 0.0, 0.0, 0.0, 1.0],
                [0.185551, 0.923215, 0.336456, 0.089584, 0.270128, 0.281314, -0.920793, 0.134968, -0.944776, 0.261749, -0.197191, -0.180428, 0.0, 0.0, 0.0, 1.0],
                [0.133304, 0.942828, 0.305395, 0.089584, 0.204785, 0.27532, -0.939269, 0.134968, -0.969687, 0.187755, -0.156377, -0.180429, 0.0, 0.0, 0.0, 1.0],
                [0.08614, 0.955193, 0.283107, 0.089584, 0.147929, 0.26878, -0.951754, 0.134968, -0.98524, 0.123869, -0.118148, -0.180429, 0.0, 0.0, 0.0, 1.0],
                [0.045111, 0.96157, 0.270766, 0.089584, 0.098736, 0.265452, -0.959033, 0.134968, -0.994091, 0.07, -0.082965, -0.180429, 0.0, 0.0, 0.0, 1.0],
                [0.01067, 0.963285, 0.268209, 0.089584, 0.056064, 0.267255, -0.961971, 0.134968, -0.99837, 0.025302, -0.051152, -0.180429, 0.0, 0.0, 0.0, 1.0],
                [-0.017036, 0.961519, 0.274154, 0.089584, 0.018649, 0.27448, -0.961388, 0.134968, -0.999681, -0.011266, -0.022606, -0.180429, 0.0, 0.0, 0.0, 1.0],
                [-0.037938, 0.957421, 0.286141, 0.089584, -0.014746, 0.285809, -0.958148, 0.134968, -0.999171, -0.040571, 0.003277, -0.180428, 0.0, 0.0, 0.0, 1.0],
                [-0.051867, 0.952133, 0.301204, 0.089584, -0.045236, 0.299089, -0.953127, 0.134968, -0.997629, -0.063064, 0.02756, -0.180429, 0.0, 0.0, 0.0, 1.0],
                [-0.058401, 0.947174, 0.315312, 0.089584, -0.073732, 0.310925, -0.947544, 0.134968, -0.995567, -0.078589, 0.05168, -0.180428, 0.0, 0.0, 0.0, 1.0],
                [-0.056678, 0.944258, 0.324246, 0.089584, -0.100835, 0.317722, -0.942781, 0.134968, -0.993287, -0.086135, 0.077207, -0.180429, 0.0, 0.0, 0.0, 1.0],
                [-0.055042, 0.989021, 0.137062, 0.085665, -0.126656, 0.129271, -0.98346, 0.123973, -0.990418, -0.071496, 0.11815, -0.18084, 0.0, 0.0, 0.0, 1.0],
                [-0.081348, 0.91781, -0.388579, 0.078437, -0.184748, -0.396981, -0.899006, 0.104131, -0.979414, -0.001348, 0.201856, -0.181276, 0.0, 0.0, 0.0, 1.0],
                [-0.191843, 0.54041, -0.819229, 0.070005, -0.326242, -0.822371, -0.466069, 0.081531, -0.925614, 0.177848, 0.334065, -0.181377, 0.0, 0.0, 0.0, 1.0],
                [-0.408837, 0.368183, -0.835029, 0.061022, -0.523045, -0.844333, -0.116184, 0.058066, -0.747848, 0.389248, 0.537756, -0.181027, 0.0, 0.0, 0.0, 1.0],
                [-0.579816, 0.400023, -0.709775, 0.0518, -0.604582, -0.795222, 0.045711, 0.03467, -0.546163, 0.455609, 0.702908, -0.180155, 0.0, 0.0, 0.0, 1.0],
                [-0.681434, 0.43437, -0.589034, 0.042531, -0.592977, -0.799411, 0.096493, 0.011926, -0.428982, 0.415025, 0.802292, -0.178702, 0.0, 0.0, 0.0, 1.0],
                [-0.738258, 0.440184, -0.511082, 0.033348, -0.543368, -0.837049, 0.063968, -0.009731, -0.399658, 0.324918, 0.857113, -0.176609, 0.0, 0.0, 0.0, 1.0],
                [-0.769201, 0.434614, -0.468436, 0.024356, -0.483645, -0.87508, -0.017712, -0.029931, -0.417632, 0.212921, 0.883282, -0.173813, 0.0, 0.0, 0.0, 1.0],
                [-0.78389, 0.436787, -0.441277, 0.015652, -0.425957, -0.895407, -0.129604, -0.048324, -0.451749, 0.086359, 0.887923, -0.170242, 0.0, 0.0, 0.0, 1.0],
                [-0.789501, 0.46421, -0.401482, 0.007326, -0.377189, -0.883029, -0.279241, -0.064553, -0.484165, -0.069036, 0.872217, -0.165808, 0.0, 0.0, 0.0, 1.0],
                [-0.792212, 0.508568, -0.33727, -0.000526, -0.341445, -0.82749, -0.445713, -0.078224, -0.505782, -0.237948, 0.829163, -0.16041, 0.0, 0.0, 0.0, 1.0],
                [-0.797017, 0.48867, -0.354902, -0.0078, -0.320804, -0.840437, -0.436734, -0.088886, -0.511711, -0.234238, 0.826578, -0.153918, 0.0, 0.0, 0.0, 1.0],
                [-0.807195, 0.473396, -0.352595, -0.014372, -0.316656, -0.851396, -0.418139, -0.095994, -0.498163, -0.225875, 0.837114, -0.146174, 0.0, 0.0, 0.0, 1.0],
                [-0.824539, 0.461977, -0.326656, -0.020091, -0.329488, -0.861405, -0.386533, -0.098871, -0.45997, -0.211089, 0.862445, -0.136971, 0.0, 0.0, 0.0, 1.0],
                [-0.874367, 0.454572, -0.169836, -0.024259, -0.389574, -0.866232, -0.312837, -0.093855, -0.289335, -0.207377, 0.934458, -0.103689, 0.0, 0.0, 0.0, 1.0],
                [-0.879866, 0.433317, 0.195114, -0.028209, -0.462542, -0.875088, -0.142392, -0.08011, 0.109046, -0.215541, 0.970349, -0.056795, 0.0, 0.0, 0.0, 1.0],
                [-0.703295, 0.462599, 0.539771, -0.031707, -0.460249, -0.874991, 0.150202, -0.061782, 0.5418, -0.142801, 0.828257, -0.006106, 0.0, 0.0, 0.0, 1.0],
                [-0.471663, 0.613165, 0.633657, -0.034587, -0.396962, -0.789357, 0.468326, -0.041937, 0.787373, -0.030655, 0.615693, 0.041199, 0.0, 0.0, 0.0, 1.0],
                [-0.294607, 0.719375, 0.629012, -0.036734, -0.320387, -0.694515, 0.644194, -0.022873, 0.900311, -0.011751, 0.435075, 0.079804, 0.0, 0.0, 0.0, 1.0],
                [-0.164083, 0.805143, 0.569886, -0.038062, -0.226648, -0.593063, 0.772584, -0.006332, 0.960056, -0.002401, 0.279788, 0.105739, 0.0, 0.0, 0.0, 1.0],
                [-0.052931, 0.876256, 0.478878, -0.038516, -0.090557, -0.481817, 0.871565, 0.006354, 0.994484, 0.002765, 0.104851, 0.116018, 0.0, 0.0, 0.0, 1.0],
                [0.104828, 0.91934, 0.379181, -0.027563, 0.117953, -0.390113, 0.913164, 0.013787, 0.987471, -0.050996, -0.149332, 0.117691, 0.0, 0.0, 0.0, 1.0],
                [0.263746, 0.922567, 0.281545, -0.001917, 0.357601, -0.364625, 0.859736, 0.019394, 0.895857, -0.126062, -0.426072, 0.118807, 0.0, 0.0, 0.0, 1.0],
                [0.374048, 0.900805, 0.220461, 0.029871, 0.5529, -0.407476, 0.726808, 0.023724, 0.744573, -0.149952, -0.650461, 0.11953, 0.0, 0.0, 0.0, 1.0],
                [0.431945, 0.877378, 0.208803, 0.061517, 0.67634, -0.468286, 0.568564, 0.02719, 0.596647, -0.104347, -0.795668, 0.119982, 0.0, 0.0, 0.0, 1.0],
                [0.462295, 0.856427, 0.229747, 0.088339, 0.743403, -0.515579, 0.426058, 0.030108, 0.483358, -0.026147, -0.87501, 0.120258, 0.0, 0.0, 0.0, 1.0],
                [0.487795, 0.833975, 0.257895, 0.106816, 0.772685, -0.549969, 0.316999, 0.032723, 0.406218, 0.044666, -0.912661, 0.120432, 0.0, 0.0, 0.0, 1.0],
                [0.522388, 0.807809, 0.272992, 0.11428, 0.774024, -0.583551, 0.245665, 0.035227, 0.357768, 0.082996, -0.930092, 0.120561, 0.0, 0.0, 0.0, 1.0],
                [0.579749, 0.761751, 0.289133, 0.116826, 0.745281, -0.639197, 0.189681, 0.036994, 0.329314, 0.105544, -0.93828, 0.118445, 0.0, 0.0, 0.0, 1.0],
                [0.66647, 0.677913, 0.310204, 0.118253, 0.680379, -0.723183, 0.118678, 0.038732, 0.304799, 0.131988, -0.943202, 0.11477, 0.0, 0.0, 0.0, 1.0],
                [0.749663, 0.575142, 0.327409, 0.119245, 0.600005, -0.79941, 0.030492, 0.040412, 0.279282, 0.173615, -0.944357, 0.110641, 0.0, 0.0, 0.0, 1.0],
                [0.80492, 0.486607, 0.339561, 0.119987, 0.535426, -0.842288, -0.062141, 0.042027, 0.255779, 0.231854, -0.938493, 0.106357, 0.0, 0.0, 0.0, 1.0],
                [0.832667, 0.433063, 0.34512, 0.120562, 0.499787, -0.856094, -0.131552, 0.043573, 0.238494, 0.282051, -0.929255, 0.102056, 0.0, 0.0, 0.0, 1.0],
                [0.847471, 0.406307, 0.341606, 0.121016, 0.47892, -0.862799, -0.161875, 0.045045, 0.228974, 0.300812, -0.925759, 0.09782, 0.0, 0.0, 0.0, 1.0],
                [0.860036, 0.389202, 0.329919, 0.121376, 0.459964, -0.871278, -0.171167, 0.04644, 0.22084, 0.298986, -0.928323, 0.093705, 0.0, 0.0, 0.0, 1.0],
                [0.870934, 0.376672, 0.315565, 0.121664, 0.442663, -0.880226, -0.171002, 0.047753, 0.213364, 0.288645, -0.93333, 0.089758, 0.0, 0.0, 0.0, 1.0],
                [0.880425, 0.366776, 0.300527, 0.121892, 0.426923, -0.888961, -0.165755, 0.048976, 0.206369, 0.274261, -0.939221, 0.086017, 0.0, 0.0, 0.0, 1.0],
                [0.888669, 0.358588, 0.285783, 0.12207, 0.412717, -0.897096, -0.157713, 0.050105, 0.199828, 0.258126, -0.945189, 0.082521, 0.0, 0.0, 0.0, 1.0],
                [0.89577, 0.351639, 0.271914, 0.122208, 0.400057, -0.904406, -0.148306, 0.05113, 0.193778, 0.241653, -0.950787, 0.079309, 0.0, 0.0, 0.0, 1.0],
                [0.901798, 0.345704, 0.259309, 0.122311, 0.388982, -0.910767, -0.138516, 0.052042, 0.188291, 0.225803, -0.955772, 0.076421, 0.0, 0.0, 0.0, 1.0],
                [0.906794, 0.340703, 0.248272, 0.122385, 0.379558, -0.916112, -0.129097, 0.05283, 0.183468, 0.211321, -0.960012, 0.073906, 0.0, 0.0, 0.0, 1.0],
