{
    "animation": [
        {
            "name": "Root",
            "time": [0.0, 0.0167, 0.0333, 0.05, 0.0667, 0.0833, 0.1, 0.1167, 0.1333, 0.15, 0.1667, 0.1833, 0.2, 0.2167, 0.2333, 0.25, 0.2667, 0.2833, 0.3, 0.3167, 0.3333, 0.35, 0.3667, 0.3833, 0.4, 0.4167, 0.4333, 0.45, 0.4667, 0.4833, 0.5, 0.5167, 0.5333, 0.55, 0.5667, 0.5833, 0.6, 0.6167, 0.6333, 0.65, 0.6667, 0.6833, 0.7, 0.7167, 0.7333, 0.75, 0.7667, 0.7833, 0.8, 0.8167, 0.8333, 0.85, 0.8667, 0.8833, 0.9, 0.9167, 0.9333, 0.95, 0.9667, 0.9833, 1.0, 1.0167, 1.0333, 1.05, 1.0667, 1.0833, 1.1, 1.1167, 1.1333, 1.15, 1.1667, 1.1833, 1.2, 1.2167, 1.2333, 1.25, 1.2667, 1.2833, 1.3, 1.3167, 1.3333, 1.35, 1.3667, 1.3833, 1.4, 1.4167, 1.4333, 1.45, 1.4667, 1.4833, 1.5, 1.5167, 1.5333, 1.55, 1.5667, 1.5833, 1.6, 1.6167, 1.6333, 1.65, 1.6667, 1.6833, 1.7, 1.7167, 1.7333, 1.75, 1.7667, 1.7833, 1.8],
            "transform": [
                [1.0, 0.0, -0.0, -0.01162, -0.0, 0.0, -1.0, -0.000375, 0.0, 1.0, 0.0, 0.638772, 0.0, 0.0, 0.0, 1.0],
                [1.0, 0.0, -0.0, -0.01162, -0.0, 0.0, -1.0, 0.00134, 0.0, 1.0, 0.0, 0.638118, 0.0, 0.0, 0.0, 1.0],
                [1.0, 0.0, -0.0, -0.01162, -0.0, 0.0, -1.0, 0.006722, 0.0, 1.0, 0.0, 0.63602, 0.0, 0.0, 0.0, 1.0],
                [1.0, 0.0, -0.0, -0.01162, -0.0, 0.0, -1.0, 0.016048, 0.0, 1.0, 0.0, 0.632284, 0.0, 0.0, 0.0, 1.0],
                [1.0, 0.0, -0.0, -0.01162, -0.0, 0.0, -1.0, 0.029433, 0.0, 1.0, 0.0, 0.626758, 0.0, 0.0, 0.0, 1.0],
                [1.0, 0.0, -0.0, -0.01162, -0.0, 0.0, -1.0, 0.046727, 0.0, 1.0, 0.0, 0.61937, 0.0, 0.0, 0.0, 1.0],
                [1.0, 0.0, -0.0, -0.01162, -0.0, 0.0, -1.0, 0.067457, 0.0, 1.0, 0.0, 0.610174, 0.0, 0.0, 0.0, 1.0],
                [1.0, 0.0, -0.0, -0.01162, -0.0, 0.0, -1.0, 0.090839, 0.0, 1.0, 0.0, 0.599365, 0.0, 0.0, 0.0, 1.0],
                [1.0, 0.0, -0.0, -0.01162, -0.0, 0.0, -1.0, 0.115902, 0.0, 1.0, 0.0, 0.587252, 0.0, 0.0, 0.0, 1.0],
                [1.0, 0.0, -0.0, -0.01162, -0.0, 0.0, -1.0, 0.141661, 0.0, 1.0, 0.0, 0.574201, 0.0, 0.0, 0.0, 1.0],
                [1.0, 0.0, -0.0, -0.01162, -0.0, 0.0, -1.0, 0.167261, 0.0, 1.0, 0.0, 0.560569, 0.0, 0.0, 0.0, 1.0],
                [1.0, 0.0, -0.0, -0.01162, -0.0, 0.0, -1.0, 0.192059, 0.0, 1.0, 0.0, 0.546662, 0.0, 0.0, 0.0, 1.0],
                [1.0, 0.0, -0.0, -0.01162, -0.0, 0.0, -1.0, 0.215632, 0.0, 1.0, 0.0, 0.532715, 0.0, 0.0, 0.0, 1.0],
                [1.0, 0.0, -0.0, -0.009412, -0.0, 0.0, -1.0, 0.236239, 0.0, 1.0, 0.0, 0.510826, 0.0, 0.0, 0.0, 1.0],
                [1.0, 0.0, -0.0, -0.005235, -0.0, 0.0, -1.0, 0.253263, 0.0, 1.0, 0.0, 0.48465, 0.0, 0.0, 0.0, 1.0],
                [1.0, 0.0, -0.0, -0.000413, -0.0, 0.0, -1.0, 0.27021, 0.0, 1.0, 0.0, 0.457732, 0.0, 0.0, 0.0, 1.0],
                [1.0, 0.0, -0.0, 0.004588, -0.0, 0.0, -1.0, 0.288362, 0.0, 1.0, 0.0, 0.431352, 0.0, 0.0, 0.0, 1.0],
                [1.0, 0.0, -0.0, 0.009517, -0.0, 0.0, -1.0, 0.308451, 0.0, 1.0, 0.0, 0.406219, 0.0, 0.0, 0.0, 1.0],
                [1.0, 0.0, -0.0, 0.014212, -0.0, 0.0, -1.0, 0.331019, 0.0, 1.0, 0.0, 0.382839, 0.0, 0.0, 0.0, 1.0],
                [1.0, 0.0, -0.0, 0.018543, -0.0, 0.0, -1.0, 0.356551, 0.0, 1.0, 0.0, 0.361645, 0.0, 0.0, 0.0, 1.0],
                [1.0, 0.0, -0.0, 0.022391, -0.0, 0.0, -1.0, 0.385538, 0.0, 1.0, 0.0, 0.343058, 0.0, 0.0, 0.0, 1.0],
                [1.0, 0.0, -0.0, 0.025641, -0.0, 0.0, -1.0, 0.418517, 0.0, 1.0, 0.0, 0.327532, 0.0, 0.0, 0.0, 1.0],
                [1.0, 0.0, -0.0, 0.028165, -0.0, 0.0, -1.0, 0.456115, 0.0, 1.0, 0.0, 0.315582, 0.0, 0.0, 0.0, 1.0],
                [1.0, 0.0, -0.0, 0.029816, -0.0, 0.0, -1.0, 0.499091, 0.0, 1.0, 0.0, 0.307824, 0.0, 0.0, 0.0, 1.0],
                [1.0, 0.0, -0.0, 0.030414, -0.0, 0.0, -1.0, 0.548399, 0.0, 1.0, 0.0, 0.305032, 0.0, 0.0, 0.0, 1.0],
                [1.0, 0.0, -0.0, 0.025711, -0.0, 0.0, -1.0, 0.620344, 0.0, 1.0, 0.0, 0.319797, 0.0, 0.0, 0.0, 1.0],
                [1.0, 0.0, -0.0, 0.016814, -0.0, 0.0, -1.0, 0.69979, 0.0, 1.0, 0.0, 0.34854, 0.0, 0.0, 0.0, 1.0],
                [1.0, 0.0, -0.0, 0.006541, -0.0, 0.0, -1.0, 0.781829, 0.0, 1.0, 0.0, 0.382858, 0.0, 0.0, 0.0, 1.0],
                [1.0, 0.0, -0.0, -0.004111, -0.0, 0.0, -1.0, 0.864723, 0.0, 1.0, 0.0, 0.419803, 0.0, 0.0, 0.0, 1.0],
                [1.0, 0.0, -0.0, -0.014612, -0.0, 0.0, -1.0, 0.947561, 0.0, 1.0, 0.0, 0.457864, 0.0, 0.0, 0.0, 1.0],
                [1.0, 0.0, -0.0, -0.024613, -0.0, 0.0, -1.0, 1.029744, 0.0, 1.0, 0.0, 0.496091, 0.0, 0.0, 0.0, 1.0],
                [1.0, 0.0, -0.0, -0.033838, -0.0, 0.0, -1.0, 1.110808, 0.0, 1.0, 0.0, 0.533786, 0.0, 0.0, 0.0, 1.0],
                [1.0, 0.0, -0.0, -0.042036, -0.0, 0.0, -1.0, 1.190338, 0.0, 1.0, 0.0, 0.570365, 0.0, 0.0, 0.0, 1.0],
                [1.0, 0.0, -0.0, -0.04896, -0.0, 0.0, -1.0, 1.267928, 0.0, 1.0, 0.0, 0.605288, 0.0, 0.0, 0.0, 1.0],
                [1.0, 0.0, -0.0, -0.054336, -0.0, 0.0, -1.0, 1.343138, 0.0, 1.0, 0.0, 0.638003, 0.0, 0.0, 0.0, 1.0],
                [1.0, 0.0, -0.0, -0.057853, -0.0, 0.0, -1.0, 1.415463, 0.0, 1.0, 0.0, 0.667903, 0.0, 0.0, 0.0, 1.0],
                [1.0, 0.0, -0.0, -0.059126, -0.0, 0.0, -1.0, 1.484294, 0.0, 1.0, 0.0, 0.694273, 0.0, 0.0, 0.0, 1.0],
                [1.0, 0.0, -0.0, -0.059126, -0.0, 0.0, -1.0, 1.546934, 0.0, 1.0, 0.0, 0.717339, 0.0, 0.0, 0.0, 1.0],
                [1.0, 0.0, -0.0, -0.059126, -0.0, 0.0, -1.0, 1.609263, 0.0, 1.0, 0.0, 0.741271, 0.0, 0.0, 0.0, 1.0],
                [1.0, 0.0, -0.0, -0.059126, -0.0, 0.0, -1.0, 1.670706, 0.0, 1.0, 0.0, 0.764627, 0.0, 0.0, 0.0, 1.0],
                [1.0, 0.0, -0.0, -0.059126, -0.0, 0.0, -1.0, 1.731034, 0.0, 1.0, 0.0, 0.786865, 0.0, 0.0, 0.0, 1.0],
                [1.0, 0.0, -0.0, -0.059126, -0.0, 0.0, -1.0, 1.790087, 0.0, 1.0, 0.0, 0.807657, 0.0, 0.0, 0.0, 1.0],
                [1.0, 0.0, -0.0, -0.059126, -0.0, 0.0, -1.0, 1.847718, 0.0, 1.0, 0.0, 0.82674, 0.0, 0.0, 0.0, 1.0],
                [1.0, 0.0, -0.0, -0.059126, -0.0, 0.0, -1.0, 1.903771, 0.0, 1.0, 0.0, 0.843862, 0.0, 0.0, 0.0, 1.0],
                [1.0, 0.0, -0.0, -0.059126, -0.0, 0.0, -1.0, 1.958066, 0.0, 1.0, 0.0, 0.858755, 0.0, 0.0, 0.0, 1.0],
                [1.0, 0.0, -0.0, -0.059126, -0.0, 0.0, -1.0, 2.010392, 0.0, 1.0, 0.0, 0.871113, 0.0, 0.0, 0.0, 1.0],
                [1.0, 0.0, -0.0, -0.059126, -0.0, 0.0, -1.0, 2.060488, 0.0, 1.0, 0.0, 0.880572, 0.0, 0.0, 0.0, 1.0],
                [1.0, 0.0, -0.0, -0.059126, -0.0, 0.0, -1.0, 2.108028, 0.0, 1.0, 0.0, 0.886683, 0.0, 0.0, 0.0, 1.0],
                [1.0, 0.0, -0.0, -0.059126, -0.0, 0.0, -1.0, 2.152593, 0.0, 1.0, 0.0, 0.888874, 0.0, 0.0, 0.0, 1.0],
                [1.0, 0.0, -0.0, -0.059126, -0.0, 0.0, -1.0, 2.186738, 0.0, 1.0, 0.0, 0.888692, 0.0, 0.0, 0.0, 1.0],
                [1.0, 0.0, -0.0, -0.059126, -0.0, 0.0, -1.0, 2.217837, 0.0, 1.0, 0.0, 0.887865, 0.0, 0.0, 0.0, 1.0],
                [1.0, 0.0, -0.0, -0.059126, -0.0, 0.0, -1.0, 2.2477, 0.0, 1.0, 0.0, 0.886241, 0.0, 0.0, 0.0, 1.0],
                [1.0, 0.0, -0.0, -0.059126, -0.0, 0.0, -1.0, 2.276964, 0.0, 1.0, 0.0, 0.883747, 0.0, 0.0, 0.0, 1.0],
                [1.0, 0.0, -0.0, -0.059126, -0.0, 0.0, -1.0, 2.305952, 0.0, 1.0, 0.0, 0.880316, 0.0, 0.0, 0.0, 1.0],
                [1.0, 0.0, -0.0, -0.059126, -0.0, 0.0, -1.0, 2.334867, 0.0, 1.0, 0.0, 0.875873, 0.0, 0.0, 0.0, 1.0],
                [1.0, 0.0, -0.0, -0.059126, -0.0, 0.0, -1.0, 2.363858, 0.0, 1.0, 0.0, 0.870329, 0.0, 0.0, 0.0, 1.0],
                [1.0, 0.0, -0.0, -0.059126, -0.0, 0.0, -1.0, 2.393046, 0.0, 1.0, 0.0, 0.863574, 0.0, 0.0, 0.0, 1.0],
                [1.0, 0.0, -0.0, -0.059126, -0.0, 0.0, -1.0, 2.422543, 0.0, 1.0, 0.0, 0.855474, 0.0, 0.0, 0.0, 1.0],
                [1.0, 0.0, -0.0, -0.059126, -0.0, 0.0, -1.0, 2.452462, 0.0, 1.0, 0.0, 0.845862, 0.0, 0.0, 0.0, 1.0],
                [1.0, 0.0, -0.0, -0.059126, -0.0, 0.0, -1.0, 2.482928, 0.0, 1.0, 0.0, 0.834526, 0.0, 0.0, 0.0, 1.0],
                [1.0, 0.0, -0.0, -0.059126, -0.0, 0.0, -1.0, 2.514084, 0.0, 1.0, 0.0, 0.821191, 0.0, 0.0, 0.0, 1.0],
                [1.0, 0.0, -0.0, -0.059126, -0.0, 0.0, -1.0, 2.545773, 0.0, 1.0, 0.0, 0.799067, 0.0, 0.0, 0.0, 1.0],
                [1.0, 0.0, -0.0, -0.059126, -0.0, 0.0, -1.0, 2.577257, 0.0, 1.0, 0.0, 0.773813, 0.0, 0.0, 0.0, 1.0],
                [1.0, 0.0, -0.0, -0.059126, -0.0, 0.0, -1.0, 2.60884, 0.0, 1.0, 0.0, 0.747574, 0.0, 0.0, 0.0, 1.0],
                [1.0, 0.0, -0.0, -0.059126, -0.0, 0.0, -1.0, 2.640637, 0.0, 1.0, 0.0, 0.721113, 0.0, 0.0, 0.0, 1.0],
                [1.0, 0.0, -0.0, -0.059126, -0.0, 0.0, -1.0, 2.672715, 0.0, 1.0, 0.0, 0.694836, 0.0, 0.0, 0.0, 1.0],
                [1.0, 0.0, -0.0, -0.059126, -0.0, 0.0, -1.0, 2.705129, 0.0, 1.0, 0.0, 0.669012, 0.0, 0.0, 0.0, 1.0],
                [1.0, 0.0, -0.0, -0.059126, -0.0, 0.0, -1.0, 2.737929, 0.0, 1.0, 0.0, 0.64386, 0.0, 0.0, 0.0, 1.0],
                [1.0, 0.0, -0.0, -0.059126, -0.0, 0.0, -1.0, 2.771171, 0.0, 1.0, 0.0, 0.619574, 0.0, 0.0, 0.0, 1.0],
                [1.0, 0.0, -0.0, -0.059126, -0.0, 0.0, -1.0, 2.804914, 0.0, 1.0, 0.0, 0.596356, 0.0, 0.0, 0.0, 1.0],
                [1.0, 0.0, -0.0, -0.059126, -0.0, 0.0, -1.0, 2.839233, 0.0, 1.0, 0.0, 0.574422, 0.0, 0.0, 0.0, 1.0],
                [1.0, 0.0, -0.0, -0.059126, -0.0, 0.0, -1.0, 2.874218, 0.0, 1.0, 0.0, 0.554025, 0.0, 0.0, 0.0, 1.0],
                [1.0, 0.0, -0.0, -0.059126, -0.0, 0.0, -1.0, 2.909981, 0.0, 1.0, 0.0, 0.535478, 0.0, 0.0, 0.0, 1.0],
                [1.0, 0.0, -0.0, -0.057382, -0.0, 0.0, -1.0, 2.942131, 0.0, 1.0, 0.0, 0.519456, 0.0, 0.0, 0.0, 1.0],
                [1.0, 0.0, -0.0, -0.054002, -0.0, 0.0, -1.0, 2.970382, 0.0, 1.0, 0.0, 0.502905, 0.0, 0.0, 0.0, 1.0],
                [1.0, 0.0, -0.0, -0.04999, -0.0, 0.0, -1.0, 2.998492, 0.0, 1.0, 0.0, 0.486781, 0.0, 0.0, 0.0, 1.0],
                [1.0, 0.0, -0.0, -0.045698, -0.0, 0.0, -1.0, 3.027835, 0.0, 1.0, 0.0, 0.471444, 0.0, 0.0, 0.0, 1.0],
                [1.0, 0.0, -0.0, -0.041308, -0.0, 0.0, -1.0, 3.059189, 0.0, 1.0, 0.0, 0.457115, 0.0, 0.0, 0.0, 1.0],
                [1.0, 0.0, -0.0, -0.036934, -0.0, 0.0, -1.0, 3.093134, 0.0, 1.0, 0.0, 0.443969, 0.0, 0.0, 0.0, 1.0],
                [1.0, 0.0, -0.0, -0.032664, -0.0, 0.0, -1.0, 3.130185, 0.0, 1.0, 0.0, 0.432179, 0.0, 0.0, 0.0, 1.0],
                [1.0, 0.0, -0.0, -0.028569, -0.0, 0.0, -1.0, 3.17086, 0.0, 1.0, 0.0, 0.421927, 0.0, 0.0, 0.0, 1.0],
                [1.0, 0.0, -0.0, -0.02472, -0.0, 0.0, -1.0, 3.215729, 0.0, 1.0, 0.0, 0.413422, 0.0, 0.0, 0.0, 1.0],
                [1.0, 0.0, -0.0, -0.021188, -0.0, 0.0, -1.0, 3.26545, 0.0, 1.0, 0.0, 0.406914, 0.0, 0.0, 0.0, 1.0],
                [1.0, 0.0, -0.0, -0.018052, -0.0, 0.0, -1.0, 3.320826, 0.0, 1.0, 0.0, 0.40271, 0.0, 0.0, 0.0, 1.0],
                [1.0, 0.0, -0.0, -0.015407, -0.0, 0.0, -1.0, 3.382861, 0.0, 1.0, 0.0, 0.401203, 0.0, 0.0, 0.0, 1.0],
                [1.0, 0.0, -0.0, -0.013601, -0.0, 0.0, -1.0, 3.484237, 0.0, 1.0, 0.0, 0.401839, 0.0, 0.0, 0.0, 1.0],
                [1.0, 0.0, -0.0, -0.01191, -0.0, 0.0, -1.0, 3.605141, 0.0, 1.0, 0.0, 0.403042, 0.0, 0.0, 0.0, 1.0],
                [1.0, 0.0, -0.0, -0.010331, -0.0, 0.0, -1.0, 3.729895, 0.0, 1.0, 0.0, 0.404431, 0.0, 0.0, 0.0, 1.0],
                [1.0, 0.0, -0.0, -0.008867, -0.0, 0.0, -1.0, 3.852847, 0.0, 1.0, 0.0, 0.405871, 0.0, 0.0, 0.0, 1.0],
                [1.0, 0.0, -0.0, -0.007523, -0.0, 0.0, -1.0, 3.970891, 0.0, 1.0, 0.0, 0.407291, 0.0, 0.0, 0.0, 1.0],
                [1.0, 0.0, -0.0, -0.006306, -0.0, 0.0, -1.0, 4.081825, 0.0, 1.0, 0.0, 0.408643, 0.0, 0.0, 0.0, 1.0],
                [1.0, 0.0, -0.0, -0.005226, -0.0, 0.0, -1.0, 4.183784, 0.0, 1.0, 0.0, 0.40989, 0.0, 0.0, 0.0, 1.0],
                [1.0, 0.0, -0.0, -0.004293, -0.0, 0.0, -1.0, 4.274961, 0.0, 1.0, 0.0, 0.410999, 0.0, 0.0, 0.0, 1.0],
                [1.0, 0.0, -0.0, -0.003525, -0.0, 0.0, -1.0, 4.353437, 0.0, 1.0, 0.0, 0.411935, 0.0, 0.0, 0.0, 1.0],
                [1.0, 0.0, -0.0, -0.002941, -0.0, 0.0, -1.0, 4.417032, 0.0, 1.0, 0.0, 0.412662, 0.0, 0.0, 0.0, 1.0],
                [1.0, 0.0, -0.0, -0.002566, -0.0, 0.0, -1.0, 4.463142, 0.0, 1.0, 0.0, 0.413137, 0.0, 0.0, 0.0, 1.0],
                [1.0, 0.0, -0.0, -0.002432, -0.0, 0.0, -1.0, 4.488519, 0.0, 1.0, 0.0, 0.413309, 0.0, 0.0, 0.0, 1.0],
                [1.0, 0.0, -0.0, -0.002432, -0.0, 0.0, -1.0, 4.50116, 0.0, 1.0, 0.0, 0.407789, 0.0, 0.0, 0.0, 1.0],
                [1.0, 0.0, -0.0, -0.002432, -0.0, 0.0, -1.0, 4.510858, 0.0, 1.0, 0.0, 0.397348, 0.0, 0.0, 0.0, 1.0],
                [1.0, 0.0, -0.0, -0.002432, -0.0, 0.0, -1.0, 4.518968, 0.0, 1.0, 0.0, 0.385291, 0.0, 0.0, 0.0, 1.0],
                [1.0, 0.0, -0.0, -0.002432, -0.0, 0.0, -1.0, 4.52595, 0.0, 1.0, 0.0, 0.372791, 0.0, 0.0, 0.0, 1.0],
                [1.0, 0.0, -0.0, -0.002432, -0.0, 0.0, -1.0, 4.532016, 0.0, 1.0, 0.0, 0.360466, 0.0, 0.0, 0.0, 1.0],
                [1.0, 0.0, -0.0, -0.002432, -0.0, 0.0, -1.0, 4.537275, 0.0, 1.0, 0.0, 0.348729, 0.0, 0.0, 0.0, 1.0],
                [1.0, 0.0, -0.0, -0.002432, -0.0, 0.0, -1.0, 4.54178, 0.0, 1.0, 0.0, 0.337903, 0.0, 0.0, 0.0, 1.0],
                [1.0, 0.0, -0.0, -0.002432, -0.0, 0.0, -1.0, 4.545549, 0.0, 1.0, 0.0, 0.328282, 0.0, 0.0, 0.0, 1.0],
                [1.0, 0.0, -0.0, -0.002432, -0.0, 0.0, -1.0, 4.548574, 0.0, 1.0, 0.0, 0.320157, 0.0, 0.0, 0.0, 1.0],
                [1.0, 0.0, -0.0, -0.002432, -0.0, 0.0, -1.0, 4.550824, 0.0, 1.0, 0.0, 0.313846, 0.0, 0.0, 0.0, 1.0],
                [1.0, 0.0, -0.0, -0.002432, -0.0, 0.0, -1.0, 4.55224, 0.0, 1.0, 0.0, 0.309719, 0.0, 0.0, 0.0, 1.0],
                [1.0, 0.0, -0.0, -0.002432, -0.0, 0.0, -1.0, 4.552738, 0.0, 1.0, 0.0, 0.308225, 0.0, 0.0, 0.0, 1.0]
            ]
        },
        {
            "name": "Thigh_R",
            "time": [0.0, 0.0167, 0.0333, 0.05, 0.0667, 0.0833, 0.1, 0.1167, 0.1333, 0.15, 0.1667, 0.1833, 0.2, 0.2167, 0.2333, 0.25, 0.2667, 0.2833, 0.3, 0.3167, 0.3333, 0.35, 0.3667, 0.3833, 0.4, 0.4167, 0.4333, 0.45, 0.4667, 0.4833, 0.5, 0.5167, 0.5333, 0.55, 0.5667, 0.5833, 0.6, 0.6167, 0.6333, 0.65, 0.6667, 0.6833, 0.7, 0.7167, 0.7333, 0.75, 0.7667, 0.7833, 0.8, 0.8167, 0.8333, 0.85, 0.8667, 0.8833, 0.9, 0.9167, 0.9333, 0.95, 0.9667, 0.9833, 1.0, 1.0167, 1.0333, 1.05, 1.0667, 1.0833, 1.1, 1.1167, 1.1333, 1.15, 1.1667, 1.1833, 1.2, 1.2167, 1.2333, 1.25, 1.2667, 1.2833, 1.3, 1.3167, 1.3333, 1.35, 1.3667, 1.3833, 1.4, 1.4167, 1.4333, 1.45, 1.4667, 1.4833, 1.5, 1.5167, 1.5333, 1.55, 1.5667, 1.5833, 1.6, 1.6167, 1.6333, 1.65, 1.6667, 1.6833, 1.7, 1.7167, 1.7333, 1.75, 1.7667, 1.7833, 1.8],
            "transform": [
                [0.793981, -0.603515, -0.073217, 0.070183, -0.586084, -0.791868, 0.171611, -0.049294, -0.161553, -0.093334, -0.982403, -0.023701, 0.0, 0.0, 0.0, 1.0],
                [0.793303, -0.604345, -0.073719, 0.07092, -0.587417, -0.791604, 0.168238, -0.049294, -0.160036, -0.09015, -0.982949, -0.023701, 0.0, 0.0, 0.0, 1.0],
                [0.791159, -0.606942, -0.0754, 0.073144, -0.591513, -0.79067, 0.157965, -0.049294, -0.155497, -0.080365, -0.984524, -0.023701, 0.0, 0.0, 0.0, 1.0],
                [0.787407, -0.611371, -0.078822, 0.076811, -0.598378, -0.788792, 0.140538, -0.049294, -0.1481, -0.063485, -0.986895, -0.023701, 0.0, 0.0, 0.0, 1.0],
                [0.781967, -0.617543, -0.084652, 0.081761, -0.607795, -0.785548, 0.116183, -0.049294, -0.138251, -0.039389, -0.989577, -0.023701, 0.0, 0.0, 0.0, 1.0],
                [0.774861, -0.625106, -0.093969, 0.087688, -0.619316, -0.780499, 0.085256, -0.049294, -0.126641, -0.007852, -0.991881, -0.023701, 0.0, 0.0, 0.0, 1.0],
                [0.766243, -0.63344, -0.107803, 0.094148, -0.632317, -0.773175, 0.048732, -0.049294, -0.114223, 0.030838, -0.99294, -0.023701, 0.0, 0.0, 0.0, 1.0],
                [0.756375, -0.641719, -0.126843, 0.100609, -0.646123, -0.763188, 0.008228, -0.049294, -0.102088, 0.075748, -0.991851, -0.023701, 0.0, 0.0, 0.0, 1.0],
                [0.745561, -0.649084, -0.151077, 0.106536, -0.660155, -0.750357, -0.034014, -0.049294, -0.091287, 0.125109, -0.987899, -0.023701, 0.0, 0.0, 0.0, 1.0],
                [0.734064, -0.654738, -0.180174, 0.111486, -0.674029, -0.734789, -0.075943, -0.049294, -0.08267, 0.177206, -0.98066, -0.023701, 0.0, 0.0, 0.0, 1.0],
                [0.722036, -0.658244, -0.213008, 0.115153, -0.687577, -0.7169, -0.115283, -0.049294, -0.076823, 0.229716, -0.970186, -0.023701, 0.0, 0.0, 0.0, 1.0],
                [0.709492, -0.659488, -0.248375, 0.117377, -0.700808, -0.697338, -0.150283, -0.049294, -0.074093, 0.280706, -0.956895, -0.023701, 0.0, 0.0, 0.0, 1.0],
                [0.696306, -0.658816, -0.284801, 0.118114, -0.713852, -0.676947, -0.179315, -0.049294, -0.074662, 0.328183, -0.941625, -0.023701, 0.0, 0.0, 0.0, 1.0],
                [0.689276, -0.680944, -0.247399, 0.116624, -0.722827, -0.669532, -0.171006, -0.048317, -0.049197, 0.296717, -0.953664, -0.015144, 0.0, 0.0, 0.0, 1.0],
                [0.690401, -0.704146, -0.165886, 0.113428, -0.723421, -0.671032, -0.162398, -0.046382, 0.003038, 0.232147, -0.972643, 0.001045, 0.0, 0.0, 0.0, 1.0],
                [0.694046, -0.715243, -0.08199, 0.109215, -0.716787, -0.675885, -0.171429, -0.044027, 0.067201, 0.177772, -0.981742, 0.019747, 0.0, 0.0, 0.0, 1.0],
                [0.698595, -0.715509, -0.002908, 0.104215, -0.702026, -0.684626, -0.196048, -0.041439, 0.13829, 0.139022, -0.980554, 0.039143, 0.0, 0.0, 0.0, 1.0],
                [0.703989, -0.706831, 0.069188, 0.098526, -0.677261, -0.697456, -0.234217, -0.038713, 0.213816, 0.118051, -0.969684, 0.058275, 0.0, 0.0, 0.0, 1.0],
                [0.710993, -0.690269, 0.134218, 0.092191, -0.63944, -0.71405, -0.28501, -0.035904, 0.292584, 0.116839, -0.949045, 0.076506, 0.0, 0.0, 0.0, 1.0],
                [0.72059, -0.665637, 0.194099, 0.085219, -0.583697, -0.73345, -0.348316, -0.033052, 0.37423, 0.137722, -0.917025, 0.093334, 0.0, 0.0, 0.0, 1.0],
                [0.733002, -0.63142, 0.253012, 0.077595, -0.502582, -0.75336, -0.424062, -0.030188, 0.458388, 0.183703, -0.869534, 0.108306, 0.0, 0.0, 0.0, 1.0],
                [0.745948, -0.585578, 0.317266, 0.069288, -0.386114, -0.768379, -0.510362, -0.027338, 0.542659, 0.258227, -0.799253, 0.12097, 0.0, 0.0, 0.0, 1.0],
                [0.752362, -0.528514, 0.393217, 0.060243, -0.225448, -0.76745, -0.600121, -0.024525, 0.618971, 0.362883, -0.696539, 0.130835, 0.0, 0.0, 0.0, 1.0],
                [0.740781, -0.469791, 0.480136, 0.050386, -0.023995, -0.732816, -0.679963, -0.021775, 0.671318, 0.49221, -0.55412, 0.13733, 0.0, 0.0, 0.0, 1.0],
                [0.704661, -0.437612, 0.558509, 0.039611, 0.190122, -0.641921, -0.742789, -0.019115, 0.683598, 0.629627, -0.369132, 0.139764, 0.0, 0.0, 0.0, 1.0],
                [0.652992, -0.416795, 0.632344, 0.021438, 0.36663, -0.55664, -0.745442, -0.016056, 0.662709, 0.718633, -0.210671, 0.133285, 0.0, 0.0, 0.0, 1.0],
                [0.563414, -0.336843, 0.754365, -0.000547, 0.534905, -0.547163, -0.643777, -0.012477, 0.629636, 0.766255, -0.128105, 0.120518, 0.0, 0.0, 0.0, 1.0],
                [0.212291, -0.19713, 0.957085, -0.023241, 0.845093, -0.454749, -0.281088, -0.008799, 0.490662, 0.868527, 0.070038, 0.105194, 0.0, 0.0, 0.0, 1.0],
                [-0.790956, -0.310339, 0.527319, -0.045527, 0.543302, 0.040209, 0.838545, -0.005177, -0.281447, 0.949771, 0.136781, 0.088619, 0.0, 0.0, 0.0, 1.0],
                [-0.866079, -0.479915, 0.139957, -0.066786, 0.045907, 0.202418, 0.978186, -0.001694, -0.497795, 0.853637, -0.153293, 0.071459, 0.0, 0.0, 0.0, 1.0],
                [-0.845024, -0.532329, 0.050573, -0.08658, -0.121203, 0.282771, 0.951462, 0.00159, -0.520811, 0.797905, -0.30348, 0.054131, 0.0, 0.0, 0.0, 1.0],
                [-0.831088, -0.555579, 0.0249, -0.104536, -0.205543, 0.34843, 0.914483, 0.004624, -0.516764, 0.754925, -0.403782, 0.036939, 0.0, 0.0, 0.0, 1.0],
                [-0.82283, -0.567983, 0.018433, -0.120291, -0.259182, 0.403918, 0.877274, 0.007358, -0.505742, 0.717096, -0.479576, 0.020131, 0.0, 0.0, 0.0, 1.0],
                [-0.817719, -0.575324, 0.018229, -0.133457, -0.297367, 0.449316, 0.842392, 0.00974, -0.492858, 0.683445, -0.538504, 0.003936, 0.0, 0.0, 0.0, 1.0],
                [-0.814305, -0.580104, 0.019493, -0.143595, -0.325684, 0.484423, 0.811913, 0.011709, -0.480455, 0.654821, -0.583406, -0.011415, 0.0, 0.0, 0.0, 1.0],
                [-0.811816, -0.583569, 0.019867, -0.150177, -0.346155, 0.508358, 0.788472, 0.013195, -0.470245, 0.633243, -0.614706, -0.025672, 0.0, 0.0, 0.0, 1.0],
                [-0.80995, -0.58621, 0.018244, -0.152547, -0.358962, 0.520058, 0.775001, 0.014106, -0.463819, 0.621188, -0.631654, -0.038541, 0.0, 0.0, 0.0, 1.0],
                [-0.78137, -0.62377, -0.01906, -0.144574, -0.415135, 0.496701, 0.762164, 0.007434, -0.465966, 0.603471, -0.647061, -0.051324, 0.0, 0.0, 0.0, 1.0],
                [-0.722504, -0.686185, -0.084415, -0.129496, -0.512055, 0.449047, 0.732192, -0.005683, -0.464531, 0.572263, -0.675805, -0.065306, 0.0, 0.0, 0.0, 1.0],
                [-0.636246, -0.753748, -0.164428, -0.112082, -0.628209, 0.382439, 0.677533, -0.020939, -0.447822, 0.534401, -0.716836, -0.079235, 0.0, 0.0, 0.0, 1.0],
                [-0.524569, -0.814508, -0.247749, -0.094028, -0.746495, 0.300103, 0.593845, -0.036807, -0.409356, 0.496485, -0.765447, -0.092653, 0.0, 0.0, 0.0, 1.0],
                [-0.395881, -0.859859, -0.32232, -0.076228, -0.849474, 0.209565, 0.484208, -0.052479, -0.348816, 0.465521, -0.813383, -0.105295, 0.0, 0.0, 0.0, 1.0],
                [-0.263988, -0.886699, -0.379526, -0.059275, -0.925258, 0.121665, 0.359286, -0.067423, -0.272413, 0.446037, -0.852532, -0.116963, 0.0, 0.0, 0.0, 1.0],
                [-0.141947, -0.897538, -0.417419, -0.043639, -0.971598, 0.045667, 0.23218, -0.081219, -0.189334, 0.438552, -0.878516, -0.127477, 0.0, 0.0, 0.0, 1.0],
                [-0.037132, -0.897759, -0.438874, -0.02974, -0.993549, -0.013932, 0.112547, -0.093489, -0.107158, 0.440253, -0.891436, -0.136653, 0.0, 0.0, 0.0, 1.0],
                [0.04906, -0.89277, -0.44779, -0.018003, -0.99835, -0.057233, 0.004729, -0.103855, -0.02985, 0.44685, -0.894089, -0.144289, 0.0, 0.0, 0.0, 1.0],
                [0.118906, -0.88651, -0.447129, -0.008886, -0.992027, -0.087134, -0.091041, -0.11191, 0.041752, 0.454421, -0.889787, -0.150147, 0.0, 0.0, 0.0, 1.0],
                [0.176296, -0.881441, -0.438115, -0.002922, -0.978308, -0.107711, -0.176943, -0.11718, 0.10878, 0.459837, -0.881294, -0.15394, 0.0, 0.0, 0.0, 1.0],
                [0.225821, -0.878693, -0.420557, -0.000758, -0.958583, -0.12351, -0.25663, -0.119088, 0.173564, 0.461122, -0.870175, -0.155302, 0.0, 0.0, 0.0, 1.0],
                [0.278556, -0.880184, -0.384255, -0.00075, -0.925673, -0.139396, -0.351694, -0.115448, 0.256002, 0.453691, -0.853576, -0.137107, 0.0, 0.0, 0.0, 1.0],
                [0.352155, -0.87964, -0.319679, -0.000747, -0.860575, -0.170026, -0.480086, -0.108246, 0.367964, 0.444202, -0.816857, -0.102678, 0.0, 0.0, 0.0, 1.0],
                [0.437313, -0.869566, -0.229332, -0.000746, -0.749302, -0.211288, -0.627592, -0.099493, 0.497297, 0.446321, -0.743954, -0.062897, 0.0, 0.0, 0.0, 1.0],
                [0.51911, -0.847049, -0.114104, -0.000746, -0.58264, -0.253006, -0.772315, -0.08989, 0.625344, 0.467424, -0.624854, -0.021628, 0.0, 0.0, 0.0, 1.0],
                [0.578, -0.815884, 0.015566, -0.000747, -0.372091, -0.280463, -0.884774, -0.079789, 0.726267, 0.505632, -0.465688, 0.019092, 0.0, 0.0, 0.0, 1.0],
                [0.602602, -0.785735, 0.139596, -0.000749, -0.151663, -0.284475, -0.946573, -0.069403, 0.783498, 0.549257, -0.290595, 0.057909, 0.0, 0.0, 0.0, 1.0],
                [0.597027, -0.765185, 0.240932, -0.000751, 0.045005, -0.2679, -0.962357, -0.058881, 0.800958, 0.585415, -0.125514, 0.093757, 0.0, 0.0, 0.0, 1.0],
                [0.572941, -0.756931, 0.314312, -0.000753, 0.203347, -0.240215, -0.949146, -0.048338, 0.79397, 0.607735, 0.016279, 0.125677, 0.0, 0.0, 0.0, 1.0],
                [0.539998, -0.759277, 0.363176, -0.000754, 0.324841, -0.210046, -0.922114, -0.037874, 0.776453, 0.615929, 0.133204, 0.152707, 0.0, 0.0, 0.0, 1.0],
                [0.503264, -0.769218, 0.393732, -0.000756, 0.416999, -0.182888, -0.890284, -0.027582, 0.75686, 0.612245, 0.228704, 0.173806, 0.0, 0.0, 0.0, 1.0],
                [0.464349, -0.784219, 0.411553, -0.000757, 0.487539, -0.161594, -0.857986, -0.017559, 0.739381, 0.599061, 0.307281, 0.187766, 0.0, 0.0, 0.0, 1.0],
                [0.422779, -0.802515, 0.420978, -0.000758, 0.542636, -0.147866, -0.826821, -0.007914, 0.725812, 0.578006, 0.372938, 0.193115, 0.0, 0.0, 0.0, 1.0],
                [0.271709, -0.825403, 0.49485, -0.008394, 0.643216, -0.226717, -0.731323, 0.002946, 0.715854, 0.517001, 0.46929, 0.188309, 0.0, 0.0, 0.0, 1.0],
                [0.008311, -0.856039, 0.516836, -0.022835, 0.742505, -0.340903, -0.576577, 0.015153, 0.669789, 0.388536, 0.63276, 0.178434, 0.0, 0.0, 0.0, 1.0],
                [-0.287202, -0.877632, 0.383757, -0.039512, 0.769447, -0.449985, -0.453253, 0.02746, 0.570495, 0.165088, 0.804511, 0.166418, 0.0, 0.0, 0.0, 1.0],
                [-0.529618, -0.836564, 0.140214, -0.056803, 0.719827, -0.530693, -0.447422, 0.039412, 0.448724, -0.136056, 0.883228, 0.153285, 0.0, 0.0, 0.0, 1.0],
                [-0.692795, -0.701039, -0.169038, -0.07385, 0.635267, -0.482351, -0.603108, 0.050752, 0.341279, -0.525241, 0.779496, 0.139552, 0.0, 0.0, 0.0, 1.0],
                [-0.794758, -0.520157, -0.312712, -0.090084, 0.548319, -0.39446, -0.737364, 0.061293, 0.260202, -0.757521, 0.59869, 0.125538, 0.0, 0.0, 0.0, 1.0],
                [-0.858353, -0.429287, -0.280956, -0.105058, 0.471421, -0.443804, -0.762073, 0.070867, 0.202466, -0.786606, 0.583293, 0.11147, 0.0, 0.0, 0.0, 1.0],
                [-0.899099, -0.360108, -0.248877, -0.118367, 0.406872, -0.477726, -0.77858, 0.079308, 0.161483, -0.801311, 0.576019, 0.09753, 0.0, 0.0, 0.0, 1.0],
                [-0.92591, -0.30709, -0.219962, -0.129605, 0.353999, -0.5022, -0.788944, 0.086435, 0.131817, -0.808387, 0.57368, 0.083878, 0.0, 0.0, 0.0, 1.0],
                [-0.943866, -0.266068, -0.195758, -0.138333, 0.31164, -0.520733, -0.794776, 0.092039, 0.109531, -0.811199, 0.574398, 0.070673, 0.0, 0.0, 0.0, 1.0],
                [-0.955901, -0.234245, -0.177148, -0.144041, 0.278953, -0.535472, -0.797124, 0.095864, 0.091868, -0.811417, 0.577179, 0.058082, 0.0, 0.0, 0.0, 1.0],
                [-0.963687, -0.209986, -0.164956, -0.146108, 0.255724, -0.547848, -0.796504, 0.097593, 0.076886, -0.809795, 0.58163, 0.046296, 0.0, 0.0, 0.0, 1.0],
                [-0.958245, -0.179588, -0.22251, -0.131606, 0.285539, -0.559362, -0.778162, 0.096139, 0.015285, -0.809235, 0.587263, 0.033319, 0.0, 0.0, 0.0, 1.0],
                [-0.918857, -0.146616, -0.366327, -0.104179, 0.381325, -0.568646, -0.728829, 0.092898, -0.101456, -0.80941, 0.578391, 0.018865, 0.0, 0.0, 0.0, 1.0],
                [-0.821019, -0.112135, -0.559758, -0.072506, 0.512203, -0.577737, -0.635482, 0.089047, -0.252143, -0.808483, 0.531748, 0.00437, 0.0, 0.0, 0.0, 1.0],
                [-0.651725, -0.076522, -0.754556, -0.039668, 0.640921, -0.587547, -0.493953, 0.085005, -0.405556, -0.805563, 0.431947, -0.009646, 0.0, 0.0, 0.0, 1.0],
                [-0.440705, -0.040056, -0.896723, -0.007292, 0.729018, -0.598854, -0.331509, 0.080991, -0.523748, -0.799855, 0.293108, -0.022883, 0.0, 0.0, 0.0, 1.0],
                [-0.239436, -0.003151, -0.970869, 0.023541, 0.767967, -0.61246, -0.187394, 0.077151, -0.594052, -0.790495, 0.149059, -0.035122, 0.0, 0.0, 0.0, 1.0],
                [-0.075681, 0.03315, -0.996543, 0.051979, 0.773109, -0.629253, -0.079639, 0.073597, -0.629743, -0.776492, 0.021992, -0.046165, 0.0, 0.0, 0.0, 1.0],
                [0.049923, -0.142584, -0.988484, 0.077255, 0.759973, -0.636773, 0.13023, 0.07043, -0.648035, -0.757751, 0.076575, -0.055813, 0.0, 0.0, 0.0, 1.0],
                [0.146855, -0.295877, -0.943831, 0.0986, 0.73595, -0.604884, 0.304121, 0.06775, -0.660917, -0.739299, 0.12893, -0.063848, 0.0, 0.0, 0.0, 1.0],
                [0.22498, -0.379063, -0.897567, 0.115176, 0.702535, -0.575216, 0.419006, 0.065666, -0.675152, -0.724861, 0.136906, -0.070018, 0.0, 0.0, 0.0, 1.0],
                [0.292152, -0.436195, -0.851068, 0.126018, 0.657518, -0.554627, 0.509953, 0.064301, -0.694491, -0.708594, 0.124785, -0.074014, 0.0, 0.0, 0.0, 1.0],
                [0.354084, -0.480041, -0.802574, 0.129944, 0.59576, -0.545753, 0.58925, 0.063806, -0.7209, -0.686798, 0.092762, -0.07545, 0.0, 0.0, 0.0, 1.0],
                [0.432488, -0.510339, -0.743272, 0.1279, 0.488085, -0.560634, 0.668918, 0.063806, -0.758108, -0.652086, 0.006637, -0.063526, 0.0, 0.0, 0.0, 1.0],
                [0.548627, -0.488838, -0.678233, 0.124034, 0.349616, -0.602769, 0.717234, 0.063806, -0.759458, -0.630616, -0.159773, -0.040975, 0.0, 0.0, 0.0, 1.0],
                [0.688969, -0.405097, -0.600986, 0.11957, 0.212747, -0.679649, 0.702, 0.063805, -0.692864, -0.611508, -0.382057, -0.014931, 0.0, 0.0, 0.0, 1.0],
                [0.836152, -0.2491, -0.488651, 0.114941, 0.125427, -0.780465, 0.612479, 0.063806, -0.533964, -0.573404, -0.621325, 0.012069, 0.0, 0.0, 0.0, 1.0],
                [0.950917, -0.017676, -0.308932, 0.110377, 0.135898, -0.873071, 0.46826, 0.063806, -0.278008, -0.487242, -0.827796, 0.03869, 0.0, 0.0, 0.0, 1.0],
                [0.967407, 0.246866, -0.056393, 0.106031, 0.251782, -0.91396, 0.318233, 0.063806, 0.02702, -0.322038, -0.946307, 0.064043, 0.0, 0.0, 0.0, 1.0],
                [0.86939, 0.448283, 0.207826, 0.102023, 0.409192, -0.888944, 0.205745, 0.063806, 0.276988, -0.093809, -0.956254, 0.087426, 0.0, 0.0, 0.0, 1.0],
                [0.729228, 0.538505, 0.422153, 0.09846, 0.539999, -0.831822, 0.128316, 0.063806, 0.420271, 0.134416, -0.897364, 0.10821, 0.0, 0.0, 0.0, 1.0],
                [0.607844, 0.542448, 0.57986, 0.095452, 0.628953, -0.774683, 0.065416, 0.063806, 0.484711, 0.324969, -0.812046, 0.12576, 0.0, 0.0, 0.0, 1.0],
                [0.520609, 0.496049, 0.694877, 0.093115, 0.685644, -0.727911, 0.005957, 0.063806, 0.508782, 0.473365, -0.719056, 0.13939, 0.0, 0.0, 0.0, 1.0],
                [0.464585, 0.425064, 0.776806, 0.091587, 0.720008, -0.692018, -0.051932, 0.063806, 0.515508, 0.583463, -0.627537, 0.148304, 0.0, 0.0, 0.0, 1.0],
                [0.435341, 0.356459, 0.826655, 0.091033, 0.73766, -0.667639, -0.100567, 0.063806, 0.516078, 0.653601, -0.553582, 0.151533, 0.0, 0.0, 0.0, 1.0],
                [0.413269, 0.321964, 0.851756, 0.091033, 0.751889, -0.648324, -0.119733, 0.063806, 0.513683, 0.689939, -0.51, 0.151533, 0.0, 0.0, 0.0, 1.0],
                [0.38943, 0.315892, 0.865156, 0.091033, 0.767765, -0.630241, -0.115459, 0.063806, 0.508803, 0.709231, -0.487953, 0.151533, 0.0, 0.0, 0.0, 1.0],
                [0.365702, 0.323049, 0.872834, 0.091033, 0.783417, -0.613188, -0.101274, 0.063806, 0.502514, 0.72086, -0.477314, 0.151533, 0.0, 0.0, 0.0, 1.0],
                [0.342798, 0.335731, 0.877331, 0.091033, 0.798214, -0.596544, -0.083591, 0.063806, 0.495321, 0.728985, -0.472468, 0.151533, 0.0, 0.0, 0.0, 1.0],
                [0.321163, 0.349939, 0.879962, 0.091033, 0.811846, -0.580177, -0.065569, 0.063806, 0.487606, 0.735484, -0.470417, 0.151533, 0.0, 0.0, 0.0, 1.0],
                [0.301152, 0.363952, 0.881352, 0.091033, 0.824125, -0.564323, -0.048552, 0.063806, 0.479714, 0.740998, -0.469879, 0.151533, 0.0, 0.0, 0.0, 1.0],
                [0.283095, 0.376579, 0.882032, 0.091033, 0.834917, -0.54936, -0.033417, 0.063806, 0.471986, 0.745916, -0.469924, 0.151533, 0.0, 0.0, 0.0, 1.0],
                [0.267323, 0.387651, 0.882156, 0.091033, 0.844112, -0.53578, -0.020345, 0.063806, 0.464771, 0.75011, -0.470438, 0.151533, 0.0, 0.0, 0.0, 1.0],
                [0.254194, 0.396704, 0.882012, 0.091033, 0.851598, -0.524105, -0.009693, 0.063806, 0.458438, 0.753617, -0.471049, 0.151533, 0.0, 0.0, 0.0, 1.0],
                [0.244118, 0.403572, 0.881742, 0.091033, 0.857239, -0.514916, -0.00165, 0.063806, 0.453373, 0.7563, -0.47165, 0.151533, 0.0, 0.0, 0.0, 1.0],
                [0.237591, 0.408042, 0.881468, 0.091033, 0.860844, -0.508857, 0.00353, 0.063806, 0.449998, 0.758, -0.472152, 0.151533, 0.0, 0.0, 0.0, 1.0],
                [0.235245, 0.409675, 0.88134, 0.091033, 0.862131, -0.506656, 0.005399, 0.063806, 0.448765, 0.758593, -0.472374, 0.151533, 0.0, 0.0, 0.0, 1.0]
            ]
        },
        {
            "name": "Leg_R",
            "time": [0.0, 0.0167, 0.0333, 0.05, 0.0667, 0.0833, 0.1, 0.1167, 0.1333, 0.15, 0.1667, 0.1833, 0.2, 0.2167, 0.2333, 0.25, 0.2667, 0.2833, 0.3, 0.3167, 0.3333, 0.35, 0.3667, 0.3833, 0.4, 0.4167, 0.4333, 0.45, 0.4667, 0.4833, 0.5, 0.5167, 0.5333, 0.55, 0.5667, 0.5833, 0.6, 0.6167, 0.6333, 0.65, 0.6667, 0.6833, 0.7, 0.7167, 0.7333, 0.75, 0.7667, 0.7833, 0.8, 0.8167, 0.8333, 0.85, 0.8667, 0.8833, 0.9, 0.9167, 0.9333, 0.95, 0.9667, 0.9833, 1.0, 1.0167, 1.0333, 1.05, 1.0667, 1.0833, 1.1, 1.1167, 1.1333, 1.15, 1.1667, 1.1833, 1.2, 1.2167, 1.2333, 1.25, 1.2667, 1.2833, 1.3, 1.3167, 1.3333, 1.35, 1.3667, 1.3833, 1.4, 1.4167, 1.4333, 1.45, 1.4667, 1.4833, 1.5, 1.5167, 1.5333, 1.55, 1.5667, 1.5833, 1.6, 1.6167, 1.6333, 1.65, 1.6667, 1.6833, 1.7, 1.7167, 1.7333, 1.75, 1.7667, 1.7833, 1.8],
            "transform": [
                [1.0, -0.000573, -0.000273, -0.0, 0.000633, 0.85853, 0.512746, 0.375166, -5.9e-05, -0.512772, 0.858538, 0.0, 0.0, 0.0, 0.0, 1.0],
                [1.0, -0.000572, -0.000272, 0.0, 0.00063, 0.859464, 0.511179, 0.375166, -5.8e-05, -0.511205, 0.859472, -0.0, 0.0, 0.0, 0.0, 1.0],
                [1.0, -0.000567, -0.000269, -0.0, 0.000625, 0.862133, 0.506666, 0.375166, -5.5e-05, -0.506692, 0.86214, -0.0, 0.0, 0.0, 0.0, 1.0],
                [1.0, -0.000558, -0.000264, 0.0, 0.000616, 0.866544, 0.499084, 0.375166, -5e-05, -0.499109, 0.866552, 0.0, 0.0, 0.0, 0.0, 1.0],
                [1.0, -0.000546, -0.000258, 0.0, 0.000603, 0.872517, 0.488568, 0.375166, -4.2e-05, -0.488592, 0.872524, -0.0, 0.0, 0.0, 0.0, 1.0],
                [1.0, -0.000531, -0.000249, -0.0, 0.000585, 0.880287, 0.474426, 0.375166, -3.3e-05, -0.474449, 0.880294, 0.0, 0.0, 0.0, 0.0, 1.0],
                [1.0, -0.00051, -0.000238, 0.0, 0.000562, 0.889975, 0.455994, 0.375166, -2.1e-05, -0.456016, 0.889981, -0.0, 0.0, 0.0, 0.0, 1.0],
                [1.0, -0.000484, -0.000225, -0.0, 0.000534, 0.901441, 0.432888, 0.375166, -7e-06, -0.432908, 0.901447, 0.0, 0.0, 0.0, 0.0, 1.0],
                [1.0, -0.000454, -0.000211, 0.0, 0.0005, 0.914032, 0.405628, 0.375166, 9e-06, -0.405647, 0.914037, -0.0, 0.0, 0.0, 0.0, 1.0],
                [1.0, -0.000419, -0.000196, -0.0, 0.000462, 0.92719, 0.374581, 0.375166, 2.5e-05, -0.374597, 0.927194, 0.0, 0.0, 0.0, 0.0, 1.0],
                [1.0, -0.000382, -0.000182, 0.0, 0.000421, 0.939825, 0.341645, 0.375166, 4.1e-05, -0.341659, 0.939829, -0.0, 0.0, 0.0, 0.0, 1.0],
                [1.0, -0.000345, -0.00017, 0.0, 0.000381, 0.951132, 0.308774, 0.375166, 5.5e-05, -0.308786, 0.951135, 0.0, 0.0, 0.0, 0.0, 1.0],
                [1.0, -0.000312, -0.000159, -0.0, 0.000344, 0.960311, 0.278924, 0.375166, 6.6e-05, -0.278933, 0.960313, -0.0, 0.0, 0.0, 0.0, 1.0],
                [1.0, -0.000431, -0.000201, 0.0, 0.000475, 0.922734, 0.385425, 0.375166, 2e-05, -0.385442, 0.922738, -0.0, 0.0, 0.0, 0.0, 1.0],
                [1.0, -0.000587, -0.000282, -0.0, 0.000647, 0.851172, 0.52487, 0.375166, -6.9e-05, -0.524897, 0.85118, -0.0, 0.0, 0.0, 0.0, 1.0],
                [1.0, -0.000706, -0.000366, -0.0, 0.000779, 0.775326, 0.631542, 0.375166, -0.000162, -0.631575, 0.775336, 0.0, 0.0, 0.0, 0.0, 1.0],
                [1.0, -0.000793, -0.000445, 0.0, 0.000874, 0.705103, 0.709085, 0.375166, -0.000249, -0.709121, 0.705115, 0.0, 0.0, 0.0, 0.0, 1.0],
                [0.999999, -0.000854, -0.000512, -0.0, 0.000942, 0.645376, 0.763845, 0.375166, -0.000322, -0.763883, 0.645389, -0.0, 0.0, 0.0, 0.0, 1.0],
                [0.999999, -0.000895, -0.000563, -0.0, 0.000987, 0.599353, 0.800465, 0.375166, -0.000379, -0.800504, 0.599367, -0.0, 0.0, 0.0, 0.0, 1.0],
                [1.0, -0.000919, -0.000596, 0.0, 0.001014, 0.569668, 0.821855, 0.375166, -0.000416, -0.821895, 0.569682, 0.0, 0.0, 0.0, 0.0, 1.0],
                [0.999999, -0.000927, -0.000608, -0.0, 0.001023, 0.559192, 0.829018, 0.375166, -0.000429, -0.829058, 0.559206, -0.0, 0.0, 0.0, 0.0, 1.0],
                [0.999999, -0.000917, -0.000594, -0.0, 0.001012, 0.571945, 0.820272, 0.375166, -0.000413, -0.820311, 0.571959, 0.0, 0.0, 0.0, 0.0, 1.0],
                [0.999999, -0.000883, -0.000547, -0.0, 0.000974, 0.613768, 0.789466, 0.375166, -0.000361, -0.789505, 0.613781, 0.0, 0.0, 0.0, 0.0, 1.0],
                [1.0, -0.000806, -0.000458, -0.0, 0.000889, 0.693513, 0.720424, 0.375166, -0.000263, -0.720461, 0.693525, 0.0, 0.0, 0.0, 0.0, 1.0],
                [1.0, -0.000633, -0.000311, -0.0, 0.000698, 0.824341, 0.566075, 0.375166, -0.000102, -0.566105, 0.82435, -0.0, 0.0, 0.0, 0.0, 1.0],
                [1.0, -0.000492, -0.000229, -0.0, 0.000543, 0.898017, 0.439946, 0.375166, -1.1e-05, -0.439968, 0.898022, 0.0, 0.0, 0.0, 0.0, 1.0],
                [1.0, -0.000581, -0.000278, -0.0, 0.00064, 0.854644, 0.519198, 0.375166, -6.4e-05, -0.519225, 0.854651, 0.0, 0.0, 0.0, 0.0, 1.0],
                [1.0, -0.000718, -0.000376, 0.0, 0.000792, 0.766759, 0.641915, 0.375166, -0.000173, -0.641949, 0.76677, -0.0, 0.0, 0.0, 0.0, 1.0],
                [1.0, -0.000839, -0.000494, 0.0, 0.000925, 0.661363, 0.750046, 0.375166, -0.000303, -0.750083, 0.661376, -0.0, 0.0, 0.0, 0.0, 1.0],
                [1.0, -0.000932, -0.000616, -0.0, 0.001028, 0.552053, 0.83379, 0.375166, -0.000437, -0.833828, 0.552067, -0.0, 0.0, 0.0, 0.0, 1.0],
                [0.999999, -0.001001, -0.000734, 0.0, 0.001103, 0.446709, 0.894661, 0.375166, -0.000567, -0.894699, 0.446723, 0.0, 0.0, 0.0, 0.0, 1.0],
                [0.999999, -0.001047, -0.000841, -0.0, 0.001155, 0.350406, 0.936581, 0.375166, -0.000686, -0.936618, 0.350419, 0.0, 0.0, 0.0, 0.0, 1.0],
                [0.999999, -0.001078, -0.000936, 0.0, 0.001189, 0.266159, 0.963913, 0.375166, -0.00079, -0.963949, 0.266171, 0.0, 0.0, 0.0, 0.0, 1.0],
                [0.999999, -0.001096, -0.001013, 0.0, 0.001209, 0.196697, 0.980448, 0.375166, -0.000876, -0.980484, 0.196709, 0.0, 0.0, 0.0, 0.0, 1.0],
                [0.999999, -0.001107, -0.001072, 0.0, 0.00122, 0.143796, 0.989591, 0.375166, -0.000941, -0.989626, 0.143806, -0.0, 0.0, 0.0, 0.0, 1.0],
                [0.999999, -0.001111, -0.00111, -0.0, 0.001226, 0.1101, 0.993905, 0.375166, -0.000982, -0.993939, 0.110111, 0.0, 0.0, 0.0, 0.0, 1.0],
                [0.999999, -0.001113, -0.001123, -0.0, 0.001227, 0.098458, 0.995126, 0.375166, -0.000997, -0.99516, 0.098469, 0.0, 0.0, 0.0, 0.0, 1.0],
                [0.999999, -0.001109, -0.001093, -0.0, 0.001223, 0.125753, 0.992046, 0.375166, -0.000963, -0.99208, 0.125764, -0.0, 0.0, 0.0, 0.0, 1.0],
                [0.999999, -0.001101, -0.001037, 0.0, 0.001214, 0.175448, 0.984473, 0.375166, -0.000902, -0.984508, 0.175459, 0.0, 0.0, 0.0, 0.0, 1.0],
                [0.999999, -0.001087, -0.000972, 0.0, 0.001199, 0.233403, 0.972364, 0.375166, -0.00083, -0.9724, 0.233415, -0.0, 0.0, 0.0, 0.0, 1.0],
                [0.999999, -0.001069, -0.000904, 0.0, 0.001179, 0.294677, 0.95558, 0.375166, -0.000755, -0.955617, 0.294689, 0.0, 0.0, 0.0, 0.0, 1.0],
                [0.999999, -0.001045, -0.000835, -0.0, 0.001152, 0.35633, 0.934343, 0.375166, -0.000679, -0.934381, 0.356343, -0.0, 0.0, 0.0, 0.0, 1.0],
                [0.999999, -0.001017, -0.000768, 0.0, 0.001122, 0.41569, 0.909488, 0.375166, -0.000606, -0.909527, 0.415703, 0.0, 0.0, 0.0, 0.0, 1.0],
                [0.999999, -0.000987, -0.000707, -0.0, 0.001088, 0.470611, 0.882322, 0.375166, -0.000538, -0.882361, 0.470625, -0.0, 0.0, 0.0, 0.0, 1.0],
                [1.0, -0.000956, -0.000653, -0.0, 0.001054, 0.518994, 0.854759, 0.375166, -0.000478, -0.854798, 0.519007, 0.0, 0.0, 0.0, 0.0, 1.0],
