{
    "animation": [
        {
            "name": "Root",
            "time": [0.0, 0.0167, 0.0333, 0.05, 0.0667, 0.0833, 0.1, 0.1167, 0.1333, 0.15, 0.1667, 0.1833, 0.2, 0.2167, 0.2333, 0.25, 0.2667, 0.2833, 0.3, 0.3167, 0.3333, 0.35, 0.3667, 0.3833, 0.4, 0.4167, 0.4333, 0.45, 0.4667, 0.4833, 0.5, 0.5167, 0.5333, 0.55, 0.5667, 0.5833, 0.6, 0.6167, 0.6333, 0.65, 0.6667, 0.6833],
            "transform": [
                [1.0, 0.0, -0.0, -0.130381, -0.0, 0.0, -1.0, 0.000946, 0.0, 1.0, 0.0, 0.588334, 0.0, 0.0, 0.0, 1.0],
                [1.0, 0.0, -0.0, -0.165582, -0.0, 0.0, -1.0, 0.021318, 0.0, 1.0, 0.0, 0.56158, 0.0, 0.0, 0.0, 1.0],
                [1.0, 0.0, -0.0, -0.200784, -0.0, 0.0, -1.0, 0.041689, 0.0, 1.0, 0.0, 0.534827, 0.0, 0.0, 0.0, 1.0],
                [1.0, 0.0, -0.0, -0.235985, -0.0, 0.0, -1.0, 0.06206, 0.0, 1.0, 0.0, 0.508074, 0.0, 0.0, 0.0, 1.0],
                [1.0, 0.0, -0.0, -0.271187, -0.0, 0.0, -1.0, 0.082431, 0.0, 1.0, 0.0, 0.481321, 0.0, 0.0, 0.0, 1.0],
                [1.0, 0.0, -0.0, -0.016439, -0.0, 0.0, -1.0, 0.069394, 0.0, 1.0, 0.0, 0.41658, 0.0, 0.0, 0.0, 1.0],
                [1.0, 0.0, -0.0, 0.238308, -0.0, 0.0, -1.0, 0.056356, 0.0, 1.0, 0.0, 0.35184, 0.0, 0.0, 0.0, 1.0],
                [1.0, 0.0, -0.0, 0.493055, -0.0, 0.0, -1.0, 0.043319, 0.0, 1.0, 0.0, 0.287099, 0.0, 0.0, 0.0, 1.0],
                [1.0, 0.0, -0.0, 1.029325, -0.0, 0.0, -1.0, 0.043319, 0.0, 1.0, 0.0, 0.261517, 0.0, 0.0, 0.0, 1.0],
                [1.0, 0.0, -0.0, 1.565594, -0.0, 0.0, -1.0, 0.043319, 0.0, 1.0, 0.0, 0.235935, 0.0, 0.0, 0.0, 1.0],
                [1.0, 0.0, -0.0, 2.101864, -0.0, 0.0, -1.0, 0.043319, 0.0, 1.0, 0.0, 0.210353, 0.0, 0.0, 0.0, 1.0],
                [1.0, 0.0, -0.0, 2.328381, -0.0, 0.0, -1.0, 0.043319, 0.0, 1.0, 0.0, 0.225076, 0.0, 0.0, 0.0, 1.0],
                [1.0, 0.0, -0.0, 2.554898, -0.0, 0.0, -1.0, 0.043319, 0.0, 1.0, 0.0, 0.239798, 0.0, 0.0, 0.0, 1.0],
                [1.0, 0.0, -0.0, 2.781415, -0.0, 0.0, -1.0, 0.043319, 0.0, 1.0, 0.0, 0.254521, 0.0, 0.0, 0.0, 1.0],
                [1.0, 0.0, -0.0, 2.877678, -0.0, 0.0, -1.0, 0.043319, 0.0, 1.0, 0.0, 0.267261, 0.0, 0.0, 0.0, 1.0],
                [1.0, 0.0, -0.0, 2.97394, -0.0, 0.0, -1.0, 0.043319, 0.0, 1.0, 0.0, 0.280002, 0.0, 0.0, 0.0, 1.0],
                [1.0, 0.0, -0.0, 3.070202, -0.0, 0.0, -1.0, 0.043319, 0.0, 1.0, 0.0, 0.292743, 0.0, 0.0, 0.0, 1.0],
                [1.0, 0.0, -0.0, 3.166465, -0.0, 0.0, -1.0, 0.043319, 0.0, 1.0, 0.0, 0.305483, 0.0, 0.0, 0.0, 1.0],
                [1.0, 0.0, -0.0, 3.207518, -0.0, 0.0, -1.0, 0.043319, 0.0, 1.0, 0.0, 0.319639, 0.0, 0.0, 0.0, 1.0],
                [1.0, 0.0, -0.0, 3.248571, -0.0, 0.0, -1.0, 0.043319, 0.0, 1.0, 0.0, 0.333796, 0.0, 0.0, 0.0, 1.0],
                [1.0, 0.0, -0.0, 3.289624, -0.0, 0.0, -1.0, 0.043319, 0.0, 1.0, 0.0, 0.347952, 0.0, 0.0, 0.0, 1.0],
                [1.0, 0.0, -0.0, 3.330677, -0.0, 0.0, -1.0, 0.043319, 0.0, 1.0, 0.0, 0.362108, 0.0, 0.0, 0.0, 1.0],
                [1.0, 0.0, -0.0, 3.349809, -0.0, 0.0, -1.0, 0.043319, 0.0, 1.0, 0.0, 0.376903, 0.0, 0.0, 0.0, 1.0],
                [1.0, 0.0, -0.0, 3.368941, -0.0, 0.0, -1.0, 0.043319, 0.0, 1.0, 0.0, 0.391698, 0.0, 0.0, 0.0, 1.0],
                [1.0, 0.0, -0.0, 3.388072, -0.0, 0.0, -1.0, 0.043319, 0.0, 1.0, 0.0, 0.406493, 0.0, 0.0, 0.0, 1.0],
                [1.0, 0.0, -0.0, 3.407204, -0.0, 0.0, -1.0, 0.043319, 0.0, 1.0, 0.0, 0.421287, 0.0, 0.0, 0.0, 1.0],
                [1.0, 0.0, -0.0, 3.426336, -0.0, 0.0, -1.0, 0.043319, 0.0, 1.0, 0.0, 0.436082, 0.0, 0.0, 0.0, 1.0],
                [1.0, 0.0, -0.0, 3.432407, -0.0, 0.0, -1.0, 0.043319, 0.0, 1.0, 0.0, 0.443318, 0.0, 0.0, 0.0, 1.0],
                [1.0, 0.0, -0.0, 3.438478, -0.0, 0.0, -1.0, 0.043319, 0.0, 1.0, 0.0, 0.450555, 0.0, 0.0, 0.0, 1.0],
                [1.0, 0.0, -0.0, 3.444548, -0.0, 0.0, -1.0, 0.043319, 0.0, 1.0, 0.0, 0.457791, 0.0, 0.0, 0.0, 1.0],
                [1.0, 0.0, -0.0, 3.450619, -0.0, 0.0, -1.0, 0.043319, 0.0, 1.0, 0.0, 0.465027, 0.0, 0.0, 0.0, 1.0],
                [1.0, 0.0, -0.0, 3.45669, -0.0, 0.0, -1.0, 0.043319, 0.0, 1.0, 0.0, 0.472263, 0.0, 0.0, 0.0, 1.0],
                [1.0, 0.0, -0.0, 3.46276, -0.0, 0.0, -1.0, 0.043319, 0.0, 1.0, 0.0, 0.479499, 0.0, 0.0, 0.0, 1.0],
                [1.0, 0.0, -0.0, 3.468831, -0.0, 0.0, -1.0, 0.043319, 0.0, 1.0, 0.0, 0.486735, 0.0, 0.0, 0.0, 1.0],
                [1.0, 0.0, -0.0, 3.468258, -0.0, 0.0, -1.0, 0.043319, 0.0, 1.0, 0.0, 0.489232, 0.0, 0.0, 0.0, 1.0],
                [1.0, 0.0, -0.0, 3.467684, -0.0, 0.0, -1.0, 0.043319, 0.0, 1.0, 0.0, 0.491728, 0.0, 0.0, 0.0, 1.0],
                [1.0, 0.0, -0.0, 3.467111, -0.0, 0.0, -1.0, 0.043319, 0.0, 1.0, 0.0, 0.494224, 0.0, 0.0, 0.0, 1.0],
                [1.0, 0.0, -0.0, 3.466537, -0.0, 0.0, -1.0, 0.043319, 0.0, 1.0, 0.0, 0.496721, 0.0, 0.0, 0.0, 1.0],
                [1.0, 0.0, -0.0, 3.465964, -0.0, 0.0, -1.0, 0.043319, 0.0, 1.0, 0.0, 0.499217, 0.0, 0.0, 0.0, 1.0],
                [1.0, 0.0, -0.0, 3.46539, -0.0, 0.0, -1.0, 0.043319, 0.0, 1.0, 0.0, 0.501713, 0.0, 0.0, 0.0, 1.0],
                [1.0, 0.0, -0.0, 3.464817, -0.0, 0.0, -1.0, 0.043319, 0.0, 1.0, 0.0, 0.50421, 0.0, 0.0, 0.0, 1.0],
                [1.0, 0.0, -0.0, 3.464243, -0.0, 0.0, -1.0, 0.043319, 0.0, 1.0, 0.0, 0.506706, 0.0, 0.0, 0.0, 1.0]
            ]
        },
        {
            "name": "Thigh_R",
            "time": [0.0, 0.0167, 0.0333, 0.05, 0.0667, 0.0833, 0.1, 0.1167, 0.1333, 0.15, 0.1667, 0.1833, 0.2, 0.2167, 0.2333, 0.25, 0.2667, 0.2833, 0.3, 0.3167, 0.3333, 0.35, 0.3667, 0.3833, 0.4, 0.4167, 0.4333, 0.45, 0.4667, 0.4833, 0.5, 0.5167, 0.5333, 0.55, 0.5667, 0.5833, 0.6, 0.6167, 0.6333, 0.65, 0.6667, 0.6833],
            "transform": [
                [0.875395, 0.45174, 0.172066, 0.114686, 0.350469, -0.838256, 0.417724, 0.003069, 0.33295, -0.305354, -0.892098, 0.087006, 0.0, 0.0, 0.0, 1.0],
                [0.810639, 0.539143, 0.22842, 0.114686, 0.426732, -0.811099, 0.400018, 0.018918, 0.400953, -0.22678, -0.887552, 0.07723, 0.0, 0.0, 0.0, 1.0],
                [0.73924, 0.61091, 0.283365, 0.114686, 0.496817, -0.778801, 0.382933, 0.034768, 0.45464, -0.142282, -0.879206, 0.067454, 0.0, 0.0, 0.0, 1.0],
                [0.665727, 0.665146, 0.338182, 0.114686, 0.559097, -0.744793, 0.364266, 0.050617, 0.494184, -0.053408, -0.867685, 0.057678, 0.0, 0.0, 0.0, 1.0],
                [0.593769, 0.700707, 0.395503, 0.114686, 0.613171, -0.712333, 0.341467, 0.066466, 0.521018, 0.039777, -0.85259, 0.047903, 0.0, 0.0, 0.0, 1.0],
                [0.594143, 0.778826, 0.201005, 0.114686, 0.673716, -0.618383, 0.404606, 0.082315, 0.439432, -0.104953, -0.892094, 0.038127, 0.0, 0.0, 0.0, 1.0],
                [0.573071, 0.818702, 0.036041, 0.114686, 0.741432, -0.536711, 0.402759, 0.098164, 0.349096, -0.204066, -0.914568, 0.028351, 0.0, 0.0, 0.0, 1.0],
                [0.517265, 0.849761, -0.101616, 0.114686, 0.816751, -0.45469, 0.355205, 0.114013, 0.255645, -0.266709, -0.929224, 0.018575, 0.0, 0.0, 0.0, 1.0],
                [0.544081, 0.728693, -0.415903, 0.124669, 0.833803, -0.414325, 0.364835, 0.111423, 0.093536, -0.545265, -0.832989, 0.002214, 0.0, 0.0, 0.0, 1.0],
                [0.488646, 0.644911, -0.587627, 0.14603, 0.869095, -0.419078, 0.262765, 0.105059, -0.076806, -0.639096, -0.765239, -0.016006, 0.0, 0.0, 0.0, 1.0],
                [0.389743, 0.746677, -0.539038, 0.156012, 0.904327, -0.420929, 0.070787, 0.102017, -0.174049, -0.51506, -0.839259, -0.023119, 0.0, 0.0, 0.0, 1.0],
                [0.419563, 0.674616, -0.607327, 0.156012, 0.891227, -0.433137, 0.134562, 0.102017, -0.172285, -0.597728, -0.782928, -0.023119, 0.0, 0.0, 0.0, 1.0],
                [0.45257, 0.605075, -0.655017, 0.156012, 0.87605, -0.438826, 0.199916, 0.102017, -0.166482, -0.66431, -0.728641, -0.023119, 0.0, 0.0, 0.0, 1.0],
                [0.489459, 0.539135, -0.685378, 0.156012, 0.857959, -0.438336, 0.267893, 0.102017, -0.156003, -0.719156, -0.677069, -0.023119, 0.0, 0.0, 0.0, 1.0],
                [0.51461, 0.47863, -0.711385, 0.156012, 0.83831, -0.455073, 0.300238, 0.102017, -0.180037, -0.750873, -0.635393, -0.023119, 0.0, 0.0, 0.0, 1.0],
                [0.540301, 0.419412, -0.729483, 0.156012, 0.816387, -0.471368, 0.333647, 0.102017, -0.203928, -0.775817, -0.597051, -0.023119, 0.0, 0.0, 0.0, 1.0],
                [0.566413, 0.361427, -0.740623, 0.156012, 0.792087, -0.486879, 0.368162, 0.102017, -0.22754, -0.795175, -0.562025, -0.023119, 0.0, 0.0, 0.0, 1.0],
                [0.592808, 0.304653, -0.74548, 0.156012, 0.765323, -0.501289, 0.403715, 0.102017, -0.250719, -0.809863, -0.530295, -0.023119, 0.0, 0.0, 0.0, 1.0],
                [0.619799, 0.306197, -0.722544, 0.156012, 0.748122, -0.508587, 0.426201, 0.102017, -0.236985, -0.804715, -0.544263, -0.023119, 0.0, 0.0, 0.0, 1.0],
                [0.647359, 0.309843, -0.696349, 0.156012, 0.729836, -0.515345, 0.44917, 0.102017, -0.219697, -0.799, -0.559716, -0.023119, 0.0, 0.0, 0.0, 1.0],
                [0.675309, 0.315629, -0.66657, 0.156012, 0.710278, -0.521752, 0.472518, 0.102017, -0.198652, -0.792552, -0.576496, -0.023119, 0.0, 0.0, 0.0, 1.0],
                [0.703405, 0.323564, -0.632859, 0.156012, 0.689248, -0.52804, 0.496089, 0.102017, -0.173666, -0.785154, -0.594409, -0.023119, 0.0, 0.0, 0.0, 1.0],
                [0.719385, 0.309819, -0.621675, 0.156012, 0.669279, -0.548669, 0.501018, 0.102017, -0.185877, -0.776505, -0.602028, -0.023119, 0.0, 0.0, 0.0, 1.0],
                [0.734774, 0.296877, -0.609881, 0.156012, 0.648982, -0.569221, 0.50478, 0.102017, -0.197308, -0.766706, -0.610884, -0.023119, 0.0, 0.0, 0.0, 1.0],
                [0.749566, 0.28484, -0.597495, 0.156012, 0.628417, -0.5898, 0.507169, 0.102017, -0.20795, -0.755638, -0.62106, -0.023119, 0.0, 0.0, 0.0, 1.0],
                [0.763761, 0.27362, -0.584623, 0.156012, 0.607646, -0.610358, 0.508156, 0.102017, -0.217797, -0.743359, -0.632399, -0.023119, 0.0, 0.0, 0.0, 1.0],
                [0.777363, 0.263355, -0.571257, 0.156013, 0.586725, -0.631041, 0.507478, 0.102017, -0.22685, -0.729671, -0.645032, -0.023119, 0.0, 0.0, 0.0, 1.0],
                [0.786852, 0.266239, -0.556745, 0.156012, 0.576515, -0.639018, 0.509193, 0.102017, -0.220212, -0.721638, -0.65627, -0.023119, 0.0, 0.0, 0.0, 1.0],
                [0.796243, 0.269347, -0.541696, 0.156012, 0.566199, -0.647198, 0.510436, 0.102017, -0.21311, -0.713145, -0.667798, -0.023119, 0.0, 0.0, 0.0, 1.0],
                [0.805523, 0.272664, -0.526092, 0.156012, 0.555775, -0.655604, 0.511165, 0.102017, -0.205541, -0.70415, -0.67961, -0.023119, 0.0, 0.0, 0.0, 1.0],
                [0.814679, 0.276204, -0.509898, 0.156012, 0.545243, -0.664289, 0.511295, 0.102017, -0.197506, -0.694566, -0.691747, -0.023119, 0.0, 0.0, 0.0, 1.0],
                [0.823698, 0.279893, -0.493123, 0.156012, 0.534601, -0.673224, 0.510845, 0.102017, -0.189008, -0.684412, -0.70413, -0.023119, 0.0, 0.0, 0.0, 1.0],
                [0.832565, 0.283734, -0.47573, 0.156012, 0.523849, -0.68246, 0.509726, 0.102017, -0.180048, -0.673598, -0.716793, -0.023119, 0.0, 0.0, 0.0, 1.0],
                [0.841266, 0.287707, -0.457696, 0.156012, 0.512989, -0.692029, 0.507868, 0.102018, -0.170629, -0.662052, -0.729736, -0.023119, 0.0, 0.0, 0.0, 1.0],
                [0.841666, 0.290841, -0.454971, 0.156012, 0.512092, -0.697243, 0.501602, 0.102017, -0.171346, -0.655176, -0.735749, -0.023119, 0.0, 0.0, 0.0, 1.0],
                [0.842063, 0.293959, -0.452225, 0.156012, 0.5112, -0.702401, 0.495276, 0.102017, -0.17206, -0.648238, -0.741704, -0.023119, 0.0, 0.0, 0.0, 1.0],
                [0.842456, 0.297153, -0.449397, 0.156012, 0.510313, -0.7076, 0.488747, 0.102017, -0.172768, -0.641088, -0.747729, -0.023119, 0.0, 0.0, 0.0, 1.0],
                [0.842845, 0.300408, -0.446493, 0.156012, 0.50943, -0.712824, 0.482032, 0.102017, -0.173472, -0.633742, -0.753803, -0.023119, 0.0, 0.0, 0.0, 1.0],
                [0.843232, 0.303725, -0.44351, 0.156012, 0.508551, -0.718071, 0.475123, 0.102017, -0.174172, -0.626193, -0.759925, -0.023119, 0.0, 0.0, 0.0, 1.0],
                [0.843615, 0.307109, -0.440441, 0.156012, 0.507677, -0.723343, 0.468008, 0.102018, -0.174868, -0.618427, -0.7661, -0.023119, 0.0, 0.0, 0.0, 1.0],
                [0.843994, 0.310609, -0.437249, 0.156012, 0.506807, -0.728687, 0.460601, 0.102017, -0.175558, -0.610353, -0.772392, -0.023119, 0.0, 0.0, 0.0, 1.0],
                [0.84437, 0.31412, -0.434002, 0.156012, 0.505941, -0.733994, 0.453066, 0.102017, -0.176245, -0.602142, -0.778654, -0.023119, 0.0, 0.0, 0.0, 1.0]
            ]
        },
        {
            "name": "Leg_R",
            "time": [0.0, 0.0167, 0.0333, 0.05, 0.0667, 0.0833, 0.1, 0.1167, 0.1333, 0.15, 0.1667, 0.1833, 0.2, 0.2167, 0.2333, 0.25, 0.2667, 0.2833, 0.3, 0.3167, 0.3333, 0.35, 0.3667, 0.3833, 0.4, 0.4167, 0.4333, 0.45, 0.4667, 0.4833, 0.5, 0.5167, 0.5333, 0.55, 0.5667, 0.5833, 0.6, 0.6167, 0.6333, 0.65, 0.6667, 0.6833],
            "transform": [
                [0.999999, -0.001033, -0.000805, 0.0, 0.001139, 0.382919, 0.923765, 0.375166, -0.000646, -0.923802, 0.382932, 0.0, 0.0, 0.0, 0.0, 1.0],
                [0.999999, -0.001014, -0.000761, 0.0, 0.001118, 0.421897, 0.906626, 0.375166, -0.000598, -0.906664, 0.42191, -0.0, 0.0, 0.0, 0.0, 1.0],
                [0.999999, -0.000983, -0.0007, -0.0, 0.001084, 0.476942, 0.878917, 0.375166, -0.00053, -0.878955, 0.476955, -0.0, 0.0, 0.0, 0.0, 1.0],
                [0.999999, -0.000935, -0.00062, -0.0, 0.001031, 0.548181, 0.836341, 0.375166, -0.000442, -0.836379, 0.548194, -0.0, 0.0, 0.0, 0.0, 1.0],
                [0.999999, -0.000863, -0.000523, -0.0, 0.000952, 0.635464, 0.772111, 0.375166, -0.000335, -0.772148, 0.635477, -0.0, 0.0, 0.0, 0.0, 1.0],
                [0.999999, -0.001067, -0.000898, -0.0, 0.001177, 0.299922, 0.953947, 0.375166, -0.000748, -0.953984, 0.299934, -0.0, 0.0, 0.0, 0.0, 1.0],
                [0.999999, -0.001118, -0.001209, -0.0, 0.001233, 0.021906, 0.999744, 0.375166, -0.001091, -0.999778, 0.021916, 0.0, 0.0, 0.0, 0.0, 1.0],
                [0.999998, -0.001096, -0.001456, 0.0, 0.001209, -0.19878, 0.980029, 0.375166, -0.001363, -0.980057, -0.198771, -0.0, 0.0, 0.0, 0.0, 1.0],
                [0.999998, -0.001115, -0.001321, -0.0, 0.00123, -0.078268, 0.996917, 0.375166, -0.001215, -0.996948, -0.078258, -0.0, 0.0, 0.0, 0.0, 1.0],
                [0.999999, -0.00109, -0.000983, 0.0, 0.001202, 0.223587, 0.974667, 0.375166, -0.000842, -0.974704, 0.223599, 0.0, 0.0, 0.0, 0.0, 1.0],
                [1.0, -0.000666, -0.000335, 0.0, 0.000734, 0.803552, 0.595216, 0.375166, -0.000127, -0.595247, 0.803561, 0.0, 0.0, 0.0, 0.0, 1.0],
                [1.0, -0.000768, -0.00042, -0.0, 0.000847, 0.727091, 0.686522, 0.375166, -0.000222, -0.686557, 0.727102, -0.0, 0.0, 0.0, 0.0, 1.0],
                [0.999999, -0.000836, -0.000491, -0.0, 0.000922, 0.663733, 0.74795, 0.375166, -0.0003, -0.747987, 0.663745, -0.0, 0.0, 0.0, 0.0, 1.0],
                [0.999999, -0.000883, -0.000547, -0.0, 0.000974, 0.613455, 0.789711, 0.375167, -0.000362, -0.789748, 0.613468, 0.0, 0.0, 0.0, 0.0, 1.0],
                [0.999999, -0.000943, -0.000633, -0.0, 0.00104, 0.537055, 0.843528, 0.375166, -0.000456, -0.843566, 0.537068, 0.0, 0.0, 0.0, 0.0, 1.0],
                [0.999999, -0.000989, -0.000711, 0.0, 0.00109, 0.467438, 0.884008, 0.375166, -0.000542, -0.884046, 0.467451, -0.0, 0.0, 0.0, 0.0, 1.0],
                [0.999999, -0.001023, -0.000781, 0.0, 0.001128, 0.404822, 0.914378, 0.375166, -0.000619, -0.914416, 0.404835, 0.0, 0.0, 0.0, 0.0, 1.0],
                [0.999999, -0.001048, -0.000843, -0.0, 0.001156, 0.349119, 0.937061, 0.375166, -0.000688, -0.937098, 0.349132, 0.0, 0.0, 0.0, 0.0, 1.0],
                [0.999999, -0.001039, -0.000821, -0.0, 0.001146, 0.36885, 0.929472, 0.375166, -0.000663, -0.929509, 0.368863, -0.0, 0.0, 0.0, 0.0, 1.0],
                [0.999999, -0.001029, -0.000797, 0.0, 0.001135, 0.390393, 0.920631, 0.375167, -0.000637, -0.920669, 0.390406, -0.0, 0.0, 0.0, 0.0, 1.0],
                [0.999999, -0.001018, -0.000771, 0.0, 0.001123, 0.41371, 0.910391, 0.375166, -0.000608, -0.910429, 0.413723, -0.0, 0.0, 0.0, 0.0, 1.0],
                [0.999999, -0.001005, -0.000743, -0.0, 0.001108, 0.438802, 0.898566, 0.375166, -0.000577, -0.898604, 0.438816, 0.0, 0.0, 0.0, 0.0, 1.0],
                [0.999999, -0.000995, -0.000723, 0.0, 0.001097, 0.456699, 0.889603, 0.375166, -0.000555, -0.889641, 0.456712, -0.0, 0.0, 0.0, 0.0, 1.0],
                [0.999999, -0.000983, -0.0007, -0.0, 0.001084, 0.477035, 0.878866, 0.375166, -0.00053, -0.878904, 0.477048, -0.0, 0.0, 0.0, 0.0, 1.0],
                [0.999999, -0.000968, -0.000674, -0.0, 0.001068, 0.49997, 0.866025, 0.375166, -0.000502, -0.866062, 0.499983, 0.0, 0.0, 0.0, 0.0, 1.0],
                [0.999999, -0.000952, -0.000646, -0.0, 0.00105, 0.525151, 0.850991, 0.375166, -0.000471, -0.851029, 0.525164, 0.0, 0.0, 0.0, 0.0, 1.0],
                [1.0, -0.000932, -0.000615, -0.0, 0.001028, 0.552826, 0.833278, 0.375166, -0.000436, -0.833316, 0.552839, 0.0, 0.0, 0.0, 0.0, 1.0],
                [0.999999, -0.000918, -0.000594, 0.0, 0.001012, 0.571512, 0.820575, 0.375166, -0.000413, -0.820612, 0.571526, 0.0, 0.0, 0.0, 0.0, 1.0],
                [1.0, -0.000902, -0.000573, -0.0, 0.000995, 0.590661, 0.806901, 0.375166, -0.00039, -0.806938, 0.590674, -0.0, 0.0, 0.0, 0.0, 1.0],
                [0.999999, -0.000886, -0.000551, -0.0, 0.000977, 0.610273, 0.792172, 0.375167, -0.000366, -0.792209, 0.610286, 0.0, 0.0, 0.0, 0.0, 1.0],
                [0.999999, -0.000868, -0.000528, -0.0, 0.000957, 0.630436, 0.776222, 0.375166, -0.000341, -0.776259, 0.630449, -0.0, 0.0, 0.0, 0.0, 1.0],
                [1.0, -0.000849, -0.000505, -0.0, 0.000936, 0.65099, 0.759067, 0.375166, -0.000315, -0.759104, 0.651003, -0.0, 0.0, 0.0, 0.0, 1.0],
                [1.0, -0.000828, -0.000482, -0.0, 0.000913, 0.672005, 0.740527, 0.375166, -0.000289, -0.740563, 0.672018, 0.0, 0.0, 0.0, 0.0, 1.0],
                [1.0, -0.000806, -0.000458, -0.0, 0.000889, 0.693482, 0.720455, 0.375166, -0.000263, -0.72049, 0.693494, -0.0, 0.0, 0.0, 0.0, 1.0],
                [1.0, -0.000793, -0.000445, 0.0, 0.000875, 0.705108, 0.709081, 0.375166, -0.000249, -0.709115, 0.70512, -0.0, 0.0, 0.0, 0.0, 1.0],
                [1.0, -0.00078, -0.000432, -0.0, 0.00086, 0.716578, 0.697488, 0.375166, -0.000235, -0.697522, 0.71659, 0.0, 0.0, 0.0, 0.0, 1.0],
                [1.0, -0.000766, -0.000419, 0.0, 0.000845, 0.728157, 0.685392, 0.375166, -0.00022, -0.685426, 0.728168, -0.0, 0.0, 0.0, 0.0, 1.0],
                [1.0, -0.000752, -0.000406, 0.0, 0.00083, 0.73979, 0.672819, 0.375166, -0.000206, -0.672853, 0.739801, 0.0, 0.0, 0.0, 0.0, 1.0],
                [1.0, -0.000738, -0.000393, -0.0, 0.000814, 0.751468, 0.659751, 0.375166, -0.000191, -0.659784, 0.751479, 0.0, 0.0, 0.0, 0.0, 1.0],
                [1.0, -0.000723, -0.00038, 0.0, 0.000797, 0.763191, 0.646154, 0.375166, -0.000177, -0.646186, 0.763202, -0.0, 0.0, 0.0, 0.0, 1.0],
                [1.0, -0.000707, -0.000367, -0.0, 0.000779, 0.775079, 0.631846, 0.375166, -0.000162, -0.631878, 0.775089, -0.0, 0.0, 0.0, 0.0, 1.0],
                [1.0, -0.00069, -0.000353, 0.0, 0.000761, 0.786826, 0.617156, 0.375166, -0.000148, -0.617187, 0.786836, -0.0, 0.0, 0.0, 0.0, 1.0]
            ]
        },
        {
            "name": "Knee_R",
            "time": [0.0, 0.0167, 0.0333, 0.05, 0.0667, 0.0833, 0.1, 0.1167, 0.1333, 0.15, 0.1667, 0.1833, 0.2, 0.2167, 0.2333, 0.25, 0.2667, 0.2833, 0.3, 0.3167, 0.3333, 0.35, 0.3667, 0.3833, 0.4, 0.4167, 0.4333, 0.45, 0.4667, 0.4833, 0.5, 0.5167, 0.5333, 0.55, 0.5667, 0.5833, 0.6, 0.6167, 0.6333, 0.65, 0.6667, 0.6833],
            "transform": [
                [1.0, -5.9e-05, 5.2e-05, 0.0, 5.7e-05, 0.087098, -0.9962, 0.375166, 5.4e-05, 0.9962, 0.087098, 0.0, 0.0, 0.0, 0.0, 1.0],
                [1.0, -5.9e-05, 5.2e-05, 0.0, 5.7e-05, 0.087098, -0.9962, 0.375166, 5.4e-05, 0.9962, 0.087098, -0.0, 0.0, 0.0, 0.0, 1.0],
                [1.0, -5.9e-05, 5.2e-05, -0.0, 5.7e-05, 0.087098, -0.9962, 0.375166, 5.4e-05, 0.9962, 0.087098, -0.0, 0.0, 0.0, 0.0, 1.0],
                [1.0, -5.9e-05, 5.2e-05, -0.0, 5.7e-05, 0.087098, -0.9962, 0.375166, 5.4e-05, 0.9962, 0.087098, -0.0, 0.0, 0.0, 0.0, 1.0],
                [1.0, -5.9e-05, 5.2e-05, -0.0, 5.7e-05, 0.087098, -0.9962, 0.375166, 5.4e-05, 0.9962, 0.087098, -0.0, 0.0, 0.0, 0.0, 1.0],
                [1.0, -5.9e-05, 5.2e-05, -0.0, 5.7e-05, 0.087098, -0.9962, 0.375166, 5.4e-05, 0.9962, 0.087098, -0.0, 0.0, 0.0, 0.0, 1.0],
                [1.0, -5.9e-05, 5.2e-05, -0.0, 5.7e-05, 0.087098, -0.9962, 0.375166, 5.4e-05, 0.9962, 0.087098, 0.0, 0.0, 0.0, 0.0, 1.0],
                [1.0, -5.9e-05, 5.2e-05, 0.0, 5.7e-05, 0.087098, -0.9962, 0.375166, 5.4e-05, 0.9962, 0.087098, -0.0, 0.0, 0.0, 0.0, 1.0],
                [1.0, -5.9e-05, 5.2e-05, -0.0, 5.7e-05, 0.087098, -0.9962, 0.375166, 5.4e-05, 0.9962, 0.087098, -0.0, 0.0, 0.0, 0.0, 1.0],
                [1.0, -5.9e-05, 5.2e-05, 0.0, 5.7e-05, 0.087098, -0.9962, 0.375166, 5.4e-05, 0.9962, 0.087098, 0.0, 0.0, 0.0, 0.0, 1.0],
                [1.0, -5.9e-05, 5.2e-05, 0.0, 5.7e-05, 0.087098, -0.9962, 0.375166, 5.4e-05, 0.9962, 0.087098, 0.0, 0.0, 0.0, 0.0, 1.0],
                [1.0, -5.9e-05, 5.2e-05, -0.0, 5.7e-05, 0.087098, -0.9962, 0.375166, 5.4e-05, 0.9962, 0.087098, -0.0, 0.0, 0.0, 0.0, 1.0],
                [1.0, -5.9e-05, 5.2e-05, -0.0, 5.7e-05, 0.087098, -0.9962, 0.375166, 5.4e-05, 0.9962, 0.087098, -0.0, 0.0, 0.0, 0.0, 1.0],
                [1.0, -5.9e-05, 5.2e-05, -0.0, 5.7e-05, 0.087098, -0.9962, 0.375167, 5.4e-05, 0.9962, 0.087098, 0.0, 0.0, 0.0, 0.0, 1.0],
                [1.0, -5.9e-05, 5.2e-05, -0.0, 5.7e-05, 0.087098, -0.9962, 0.375166, 5.4e-05, 0.9962, 0.087098, 0.0, 0.0, 0.0, 0.0, 1.0],
                [1.0, -5.9e-05, 5.2e-05, 0.0, 5.7e-05, 0.087098, -0.9962, 0.375166, 5.4e-05, 0.9962, 0.087098, -0.0, 0.0, 0.0, 0.0, 1.0],
                [1.0, -5.9e-05, 5.2e-05, 0.0, 5.7e-05, 0.087098, -0.9962, 0.375166, 5.4e-05, 0.9962, 0.087098, 0.0, 0.0, 0.0, 0.0, 1.0],
                [1.0, -5.9e-05, 5.2e-05, -0.0, 5.7e-05, 0.087098, -0.9962, 0.375166, 5.4e-05, 0.9962, 0.087098, 0.0, 0.0, 0.0, 0.0, 1.0],
                [1.0, -5.9e-05, 5.2e-05, -0.0, 5.7e-05, 0.087098, -0.9962, 0.375166, 5.4e-05, 0.9962, 0.087098, -0.0, 0.0, 0.0, 0.0, 1.0],
                [1.0, -5.9e-05, 5.2e-05, 0.0, 5.7e-05, 0.087098, -0.9962, 0.375167, 5.4e-05, 0.9962, 0.087098, -0.0, 0.0, 0.0, 0.0, 1.0],
                [1.0, -5.9e-05, 5.2e-05, 0.0, 5.7e-05, 0.087098, -0.9962, 0.375166, 5.4e-05, 0.9962, 0.087098, -0.0, 0.0, 0.0, 0.0, 1.0],
                [1.0, -5.9e-05, 5.2e-05, -0.0, 5.7e-05, 0.087098, -0.9962, 0.375166, 5.4e-05, 0.9962, 0.087098, 0.0, 0.0, 0.0, 0.0, 1.0],
                [1.0, -5.9e-05, 5.2e-05, 0.0, 5.7e-05, 0.087098, -0.9962, 0.375166, 5.4e-05, 0.9962, 0.087098, -0.0, 0.0, 0.0, 0.0, 1.0],
                [1.0, -5.9e-05, 5.2e-05, -0.0, 5.7e-05, 0.087098, -0.9962, 0.375166, 5.4e-05, 0.9962, 0.087098, -0.0, 0.0, 0.0, 0.0, 1.0],
                [1.0, -5.9e-05, 5.2e-05, -0.0, 5.7e-05, 0.087098, -0.9962, 0.375166, 5.4e-05, 0.9962, 0.087098, 0.0, 0.0, 0.0, 0.0, 1.0],
                [1.0, -5.9e-05, 5.2e-05, -0.0, 5.7e-05, 0.087098, -0.9962, 0.375166, 5.4e-05, 0.9962, 0.087098, 0.0, 0.0, 0.0, 0.0, 1.0],
                [1.0, -5.9e-05, 5.2e-05, -0.0, 5.7e-05, 0.087098, -0.9962, 0.375166, 5.4e-05, 0.9962, 0.087098, 0.0, 0.0, 0.0, 0.0, 1.0],
                [1.0, -5.9e-05, 5.2e-05, 0.0, 5.7e-05, 0.087098, -0.9962, 0.375166, 5.4e-05, 0.9962, 0.087098, 0.0, 0.0, 0.0, 0.0, 1.0],
                [1.0, -5.9e-05, 5.2e-05, -0.0, 5.7e-05, 0.087098, -0.9962, 0.375166, 5.4e-05, 0.9962, 0.087098, -0.0, 0.0, 0.0, 0.0, 1.0],
                [1.0, -5.9e-05, 5.2e-05, -0.0, 5.7e-05, 0.087098, -0.9962, 0.375167, 5.4e-05, 0.9962, 0.087098, 0.0, 0.0, 0.0, 0.0, 1.0],
                [1.0, -5.9e-05, 5.2e-05, -0.0, 5.7e-05, 0.087098, -0.9962, 0.375166, 5.4e-05, 0.9962, 0.087098, -0.0, 0.0, 0.0, 0.0, 1.0],
                [1.0, -5.9e-05, 5.2e-05, -0.0, 5.7e-05, 0.087098, -0.9962, 0.375166, 5.4e-05, 0.9962, 0.087098, -0.0, 0.0, 0.0, 0.0, 1.0],
                [1.0, -5.9e-05, 5.2e-05, -0.0, 5.7e-05, 0.087098, -0.9962, 0.375166, 5.4e-05, 0.9962, 0.087098, 0.0, 0.0, 0.0, 0.0, 1.0],
                [1.0, -5.9e-05, 5.2e-05, -0.0, 5.7e-05, 0.087098, -0.9962, 0.375166, 5.4e-05, 0.9962, 0.087098, -0.0, 0.0, 0.0, 0.0, 1.0],
                [1.0, -5.9e-05, 5.2e-05, 0.0, 5.7e-05, 0.087098, -0.9962, 0.375166, 5.4e-05, 0.9962, 0.087098, -0.0, 0.0, 0.0, 0.0, 1.0],
                [1.0, -5.9e-05, 5.2e-05, -0.0, 5.7e-05, 0.087098, -0.9962, 0.375166, 5.4e-05, 0.9962, 0.087098, 0.0, 0.0, 0.0, 0.0, 1.0],
                [1.0, -5.9e-05, 5.2e-05, 0.0, 5.7e-05, 0.087098, -0.9962, 0.375166, 5.4e-05, 0.9962, 0.087098, -0.0, 0.0, 0.0, 0.0, 1.0],
                [1.0, -5.9e-05, 5.2e-05, 0.0, 5.7e-05, 0.087098, -0.9962, 0.375166, 5.4e-05, 0.9962, 0.087098, 0.0, 0.0, 0.0, 0.0, 1.0],
                [1.0, -5.9e-05, 5.2e-05, -0.0, 5.7e-05, 0.087098, -0.9962, 0.375166, 5.4e-05, 0.9962, 0.087098, 0.0, 0.0, 0.0, 0.0, 1.0],
                [1.0, -5.9e-05, 5.2e-05, 0.0, 5.7e-05, 0.087098, -0.9962, 0.375166, 5.4e-05, 0.9962, 0.087098, -0.0, 0.0, 0.0, 0.0, 1.0],
                [1.0, -5.9e-05, 5.2e-05, -0.0, 5.7e-05, 0.087098, -0.9962, 0.375166, 5.4e-05, 0.9962, 0.087098, -0.0, 0.0, 0.0, 0.0, 1.0],
                [1.0, -5.9e-05, 5.2e-05, 0.0, 5.7e-05, 0.087098, -0.9962, 0.375166, 5.4e-05, 0.9962, 0.087098, -0.0, 0.0, 0.0, 0.0, 1.0]
            ]
        },
        {
            "name": "Thigh_L",
            "time": [0.0, 0.0167, 0.0333, 0.05, 0.0667, 0.0833, 0.1, 0.1167, 0.1333, 0.15, 0.1667, 0.1833, 0.2, 0.2167, 0.2333, 0.25, 0.2667, 0.2833, 0.3, 0.3167, 0.3333, 0.35, 0.3667, 0.3833, 0.4, 0.4167, 0.4333, 0.45, 0.4667, 0.4833, 0.5, 0.5167, 0.5333, 0.55, 0.5667, 0.5833, 0.6, 0.6167, 0.6333, 0.65, 0.6667, 0.6833],
            "transform": [
                [0.983234, 0.177816, -0.040394, -0.133205, 0.137829, -0.579693, 0.803077, -0.002831, 0.119389, -0.795183, -0.594444, -0.050767, 0.0, 0.0, 0.0, 1.0],
                [0.975041, 0.191178, 0.112885, -0.133205, 0.00133, -0.513489, 0.858078, -0.013865, 0.222022, -0.836512, -0.500892, -0.050767, 0.0, 0.0, 0.0, 1.0],
                [0.940793, 0.20728, 0.268205, -0.133205, -0.13941, -0.48464, 0.863517, -0.0249, 0.308987, -0.84978, -0.427018, -0.050767, 0.0, 0.0, 0.0, 1.0],
                [0.885569, 0.20394, 0.417324, -0.133205, -0.275787, -0.492114, 0.825677, -0.035934, 0.373777, -0.846284, -0.379527, -0.050767, 0.0, 0.0, 0.0, 1.0],
                [0.816743, 0.163608, 0.553299, -0.133205, -0.402257, -0.526036, 0.749305, -0.046968, 0.413667, -0.834554, -0.363795, -0.050767, 0.0, 0.0, 0.0, 1.0],
                [0.625825, -0.388796, 0.676139, -0.133205, -0.773304, -0.422337, 0.47289, -0.058003, 0.101707, -0.818804, -0.564931, -0.050767, 0.0, 0.0, 0.0, 1.0],
                [0.397365, -0.858709, 0.323599, -0.133205, -0.907691, -0.315958, 0.276159, -0.069037, -0.134901, -0.403468, -0.904948, -0.050767, 0.0, 0.0, 0.0, 1.0],
                [0.240762, -0.966552, 0.088373, -0.133205, -0.93233, -0.205, 0.297871, -0.080072, -0.269803, -0.154116, -0.950458, -0.050767, 0.0, 0.0, 0.0, 1.0],
                [0.335456, -0.76071, 0.55568, -0.133205, -0.7974, 0.084797, 0.597439, -0.091106, -0.50162, -0.643516, -0.57811, -0.050767, 0.0, 0.0, 0.0, 1.0],
                [0.526264, -0.568346, 0.632467, -0.133205, -0.171549, 0.657521, 0.7336, -0.10214, -0.832837, -0.494571, 0.248542, -0.050767, 0.0, 0.0, 0.0, 1.0],
                [0.324651, -0.788743, -0.521947, -0.133205, 0.864002, 0.022773, 0.502965, -0.113175, -0.384842, -0.614254, 0.688885, -0.050767, 0.0, 0.0, 0.0, 1.0],
                [0.37912, -0.908238, 0.177, -0.137406, 0.637607, 0.395012, 0.661355, -0.108316, -0.670616, -0.137887, 0.728865, -0.049601, 0.0, 0.0, 0.0, 1.0],
                [0.381504, -0.799104, 0.464609, -0.145587, 0.344838, 0.589354, 0.730541, -0.098823, -0.857637, -0.118501, 0.500407, -0.048002, 0.0, 0.0, 0.0, 1.0],
                [0.352619, -0.790871, 0.500165, -0.155121, 0.106158, 0.564834, 0.818303, -0.087752, -0.929726, -0.235463, 0.283133, -0.046286, 0.0, 0.0, 0.0, 1.0],
                [0.350477, -0.820891, 0.450874, -0.164992, 0.059176, 0.499834, 0.864054, -0.076286, -0.9347, -0.276159, 0.223763, -0.044578, 0.0, 0.0, 0.0, 1.0],
                [0.351083, -0.847145, 0.398838, -0.17464, 0.015326, 0.431071, 0.902146, -0.065078, -0.936219, -0.310624, 0.164331, -0.042946, 0.0, 0.0, 0.0, 1.0],
                [0.353319, -0.869527, 0.345071, -0.183678, -0.025736, 0.359663, 0.932686, -0.054577, -0.935149, -0.338425, 0.104705, -0.041442, 0.0, 0.0, 0.0, 1.0],
                [0.35649, -0.888317, 0.289474, -0.191792, -0.064814, 0.285546, 0.95613, -0.04515, -0.932049, -0.35962, 0.044228, -0.040106, 0.0, 0.0, 0.0, 1.0],
                [0.36983, -0.896416, 0.244236, -0.19869, -0.077776, 0.232056, 0.969548, -0.037135, -0.925839, -0.377571, 0.016111, -0.038981, 0.0, 0.0, 0.0, 1.0],
                [0.383781, -0.900902, 0.20267, -0.204071, -0.093354, 0.180474, 0.979101, -0.030882, -0.918693, -0.394688, -0.014829, -0.038109, 0.0, 0.0, 0.0, 1.0],
                [0.397955, -0.902257, 0.165984, -0.2076, -0.111655, 0.131921, 0.984914, -0.02678, -0.910585, -0.410492, -0.048231, -0.037541, 0.0, 0.0, 0.0, 1.0],
                [0.411835, -0.901156, 0.135261, -0.208881, -0.132957, 0.087395, 0.987224, -0.025293, -0.901507, -0.424564, -0.083809, -0.037336, 0.0, 0.0, 0.0, 1.0],
                [0.429755, -0.896502, 0.107616, -0.208881, -0.175212, 0.034096, 0.983904, -0.025293, -0.885783, -0.4417, -0.142409, -0.037336, 0.0, 0.0, 0.0, 1.0],
                [0.450018, -0.889311, 0.081224, -0.20888, -0.220544, -0.022565, 0.975081, -0.025293, -0.865358, -0.456724, -0.20627, -0.037336, 0.0, 0.0, 0.0, 1.0],
                [0.471257, -0.880244, 0.055464, -0.20888, -0.266842, -0.082379, 0.960178, -0.025293, -0.840662, -0.467297, -0.273688, -0.037336, 0.0, 0.0, 0.0, 1.0],
                [0.491461, -0.870441, 0.028104, -0.20888, -0.31068, -0.145105, 0.93934, -0.025293, -0.813599, -0.470386, -0.34172, -0.037336, 0.0, 0.0, 0.0, 1.0],
                [0.509446, -0.860492, -0.003043, -0.20888, -0.34991, -0.210409, 0.912815, -0.025293, -0.786147, -0.463971, -0.408262, -0.037336, 0.0, 0.0, 0.0, 1.0],
                [0.529118, -0.848541, -0.002275, -0.208881, -0.382509, -0.240929, 0.891955, -0.025293, -0.757443, -0.471085, -0.452028, -0.037336, 0.0, 0.0, 0.0, 1.0],
                [0.55047, -0.834846, 0.002903, -0.20888, -0.41876, -0.273122, 0.866021, -0.025293, -0.722234, -0.47794, -0.499917, -0.037336, 0.0, 0.0, 0.0, 1.0],
                [0.570953, -0.820923, 0.009623, -0.208881, -0.454014, -0.305973, 0.836781, -0.025293, -0.684021, -0.482137, -0.547376, -0.037336, 0.0, 0.0, 0.0, 1.0],
                [0.588688, -0.808226, 0.014538, -0.20888, -0.484405, -0.338328, 0.806747, -0.025293, -0.647145, -0.481971, -0.590646, -0.037336, 0.0, 0.0, 0.0, 1.0],
                [0.602507, -0.797986, 0.014148, -0.20888, -0.50698, -0.368989, 0.778958, -0.025293, -0.616405, -0.476506, -0.626848, -0.037336, 0.0, 0.0, 0.0, 1.0],
                [0.611787, -0.791005, 0.004922, -0.20888, -0.51971, -0.397264, 0.756336, -0.025293, -0.596338, -0.46528, -0.654099, -0.037336, 0.0, 0.0, 0.0, 1.0],
                [0.616114, -0.787492, -0.015976, -0.20888, -0.521274, -0.422882, 0.741219, -0.025293, -0.590487, -0.448354, -0.671008, -0.037336, 0.0, 0.0, 0.0, 1.0],
                [0.617695, -0.786096, -0.022425, -0.20888, -0.519506, -0.429301, 0.738766, -0.025293, -0.590395, -0.444689, -0.673523, -0.037336, 0.0, 0.0, 0.0, 1.0],
                [0.619265, -0.784646, -0.028937, -0.208881, -0.517742, -0.435779, 0.736208, -0.025293, -0.5903, -0.440932, -0.676072, -0.037336, 0.0, 0.0, 0.0, 1.0],
                [0.620825, -0.783139, -0.035583, -0.20888, -0.515982, -0.44238, 0.733501, -0.025293, -0.590202, -0.437022, -0.678691, -0.037336, 0.0, 0.0, 0.0, 1.0],
                [0.622375, -0.781578, -0.042211, -0.208881, -0.514227, -0.44896, 0.730731, -0.025293, -0.590101, -0.433088, -0.681295, -0.037336, 0.0, 0.0, 0.0, 1.0],
                [0.623915, -0.779957, -0.048922, -0.20888, -0.512477, -0.455614, 0.727836, -0.025293, -0.589998, -0.429042, -0.68394, -0.037336, 0.0, 0.0, 0.0, 1.0],
                [0.625445, -0.778273, -0.055733, -0.20888, -0.510732, -0.462358, 0.724804, -0.025293, -0.589891, -0.424867, -0.686633, -0.037336, 0.0, 0.0, 0.0, 1.0],
                [0.626965, -0.776523, -0.062629, -0.20888, -0.508991, -0.469175, 0.721641, -0.025293, -0.589782, -0.420573, -0.689364, -0.037336, 0.0, 0.0, 0.0, 1.0],
                [0.628475, -0.774705, -0.069617, -0.20888, -0.507255, -0.476074, 0.718338, -0.025293, -0.58967, -0.416151, -0.692138, -0.037336, 0.0, 0.0, 0.0, 1.0]
            ]
        },
        {
            "name": "Leg_L",
            "time": [0.0, 0.0167, 0.0333, 0.05, 0.0667, 0.0833, 0.1, 0.1167, 0.1333, 0.15, 0.1667, 0.1833, 0.2, 0.2167, 0.2333, 0.25, 0.2667, 0.2833, 0.3, 0.3167, 0.3333, 0.35, 0.3667, 0.3833, 0.4, 0.4167, 0.4333, 0.45, 0.4667, 0.4833, 0.5, 0.5167, 0.5333, 0.55, 0.5667, 0.5833, 0.6, 0.6167, 0.6333, 0.65, 0.6667, 0.6833],
            "transform": [
                [1.0, 2e-06, 2e-06, 0.0, -3e-06, 0.331491, 0.943439, 0.375166, 1e-06, -0.943483, 0.331505, 0.0, 0.0, 0.0, 0.0, 1.0],
                [1.0, 2e-06, 3e-06, 0.0, -3e-06, 0.124561, 0.992194, 0.375166, 2e-06, -0.992235, 0.124572, -0.0, 0.0, 0.0, 0.0, 1.0],
                [1.0, 2e-06, 3e-06, -0.0, -3e-06, -0.039579, 0.999199, 0.375166, 3e-06, -0.999237, -0.039569, -0.0, 0.0, 0.0, 0.0, 1.0],
                [1.0, 2e-06, 3e-06, -0.0, -3e-06, -0.161329, 0.986884, 0.375166, 3e-06, -0.986918, -0.161319, 0.0, 0.0, 0.0, 0.0, 1.0],
                [1.0, 2e-06, 4e-06, 0.0, -3e-06, -0.240246, 0.970696, 0.375166, 3e-06, -0.970727, -0.240236, -0.0, 0.0, 0.0, 0.0, 1.0],
                [1.0, 2e-06, 3e-06, 0.0, -3e-06, 0.073576, 0.997271, 0.375166, 2e-06, -0.997312, 0.073587, 0.0, 0.0, 0.0, 0.0, 1.0],
                [1.0, 1e-06, 1e-06, 0.0, -1e-06, 0.890059, 0.455828, 0.375166, -0.0, -0.455854, 0.890066, 0.0, 0.0, 0.0, 0.0, 1.0],
                [1.0, 0.0, 1e-06, 0.0, -0.0, 0.999991, 0.004613, 0.375166, -1e-06, -0.004598, 0.99999, 0.0, 0.0, 0.0, 0.0, 1.0],
                [1.0, 2e-06, 2e-06, 0.0, -3e-06, 0.415416, 0.90961, 0.375166, 1e-06, -0.909657, 0.41543, -0.0, 0.0, 0.0, 0.0, 1.0],
                [1.0, 2e-06, 5e-06, 0.0, -2e-06, -0.617226, 0.786776, 0.375166, 4e-06, -0.786792, -0.617214, -0.0, 0.0, 0.0, 0.0, 1.0],
                [1.0, 1e-06, 5e-06, -0.0, -1e-06, -0.888324, 0.45922, 0.375167, 5e-06, -0.459219, -0.888314, 0.0, 0.0, 0.0, 0.0, 1.0],
                [1.0, 1e-06, 5e-06, -0.0, -2e-06, -0.862564, 0.505949, 0.375166, 5e-06, -0.50595, -0.862553, 0.0, 0.0, 0.0, 0.0, 1.0],
                [1.0, 2e-06, 5e-06, -0.0, -2e-06, -0.701543, 0.71262, 0.375166, 5e-06, -0.712631, -0.70153, -0.0, 0.0, 0.0, 0.0, 1.0],
                [1.0, 2e-06, 4e-06, -0.0, -3e-06, -0.41151, 0.91139, 0.375167, 4e-06, -0.911417, -0.411499, 0.0, 0.0, 0.0, 0.0, 1.0],
                [1.0, 2e-06, 4e-06, -0.0, -3e-06, -0.316017, 0.948737, 0.375166, 3e-06, -0.948768, -0.316007, -0.0, 0.0, 0.0, 0.0, 1.0],
                [1.0, 2e-06, 4e-06, 0.0, -3e-06, -0.211379, 0.977386, 0.375166, 3e-06, -0.977421, -0.211369, 0.0, 0.0, 0.0, 0.0, 1.0],
                [1.0, 2e-06, 3e-06, -0.0, -3e-06, -0.097651, 0.995202, 0.375166, 3e-06, -0.995241, -0.097641, -0.0, 0.0, 0.0, 0.0, 1.0],
                [1.0, 2e-06, 3e-06, 0.0, -3e-06, 0.025976, 0.999644, 0.375166, 2e-06, -0.999685, 0.025987, -0.0, 0.0, 0.0, 0.0, 1.0],
                [1.0, 2e-06, 3e-06, -0.0, -3e-06, 0.059659, 0.9982, 0.375166, 2e-06, -0.998242, 0.05967, -0.0, 0.0, 0.0, 0.0, 1.0],
                [1.0, 2e-06, 3e-06, 0.0, -3e-06, 0.097742, 0.995193, 0.375166, 2e-06, -0.995236, 0.097753, 0.0, 0.0, 0.0, 0.0, 1.0],
                [1.0, 2e-06, 3e-06, -0.0, -3e-06, 0.139569, 0.990193, 0.375166, 2e-06, -0.990236, 0.139581, -0.0, 0.0, 0.0, 0.0, 1.0],
                [1.0, 2e-06, 3e-06, 0.0, -3e-06, 0.184669, 0.982781, 0.375167, 2e-06, -0.982825, 0.184681, 0.0, 0.0, 0.0, 0.0, 1.0],
                [1.0, 2e-06, 2e-06, 0.0, -3e-06, 0.263277, 0.9647, 0.375166, 2e-06, -0.964746, 0.26329, -0.0, 0.0, 0.0, 0.0, 1.0],
                [1.0, 2e-06, 2e-06, 0.0, -3e-06, 0.344879, 0.938626, 0.375167, 1e-06, -0.938673, 0.344893, -0.0, 0.0, 0.0, 0.0, 1.0],
                [1.0, 2e-06, 2e-06, -0.0, -3e-06, 0.429128, 0.903222, 0.375167, 1e-06, -0.903269, 0.429143, 0.0, 0.0, 0.0, 0.0, 1.0],
                [1.0, 2e-06, 2e-06, 0.0, -3e-06, 0.516342, 0.85636, 0.375166, 1e-06, -0.856407, 0.516357, 0.0, 0.0, 0.0, 0.0, 1.0],
                [1.0, 2e-06, 2e-06, -0.0, -3e-06, 0.606297, 0.795215, 0.375166, 0.0, -0.795261, 0.606312, 0.0, 0.0, 0.0, 0.0, 1.0],
                [1.0, 2e-06, 2e-06, -0.0, -2e-06, 0.634517, 0.772886, 0.375166, 0.0, -0.772931, 0.634532, 0.0, 0.0, 0.0, 0.0, 1.0],
                [1.0, 2e-06, 1e-06, 0.0, -2e-06, 0.663061, 0.748542, 0.375166, 0.0, -0.748586, 0.663076, 0.0, 0.0, 0.0, 0.0, 1.0],
                [1.0, 2e-06, 2e-06, -0.0, -2e-06, 0.691998, 0.721876, 0.375166, 0.0, -0.72192, 0.692012, 0.0, 0.0, 0.0, 0.0, 1.0],
                [1.0, 2e-06, 1e-06, -0.0, -2e-06, 0.721395, 0.692501, 0.375166, 0.0, -0.692543, 0.721408, -0.0, 0.0, 0.0, 0.0, 1.0],
                [1.0, 1e-06, 1e-06, 0.0, -2e-06, 0.75114, 0.66012, 0.375166, 0.0, -0.66016, 0.751153, 0.0, 0.0, 0.0, 0.0, 1.0],
                [1.0, 1e-06, 1e-06, -0.0, -2e-06, 0.781356, 0.624063, 0.375166, -0.0, -0.624101, 0.781368, 0.0, 0.0, 0.0, 0.0, 1.0],
                [1.0, 1e-06, 1e-06, 0.0, -2e-06, 0.811869, 0.583818, 0.375166, -0.0, -0.583854, 0.81188, 0.0, 0.0, 0.0, 0.0, 1.0],
                [1.0, 1e-06, 1e-06, -0.0, -2e-06, 0.817696, 0.57563, 0.375166, -0.0, -0.575665, 0.817706, -0.0, 0.0, 0.0, 0.0, 1.0],
                [1.0, 1e-06, 1e-06, 0.0, -2e-06, 0.823568, 0.567196, 0.375166, -0.0, -0.567231, 0.823578, 0.0, 0.0, 0.0, 0.0, 1.0],
                [1.0, 1e-06, 1e-06, 0.0, -2e-06, 0.829582, 0.558365, 0.375166, -0.0, -0.558399, 0.829591, -0.0, 0.0, 0.0, 0.0, 1.0],
                [1.0, 1e-06, 1e-06, -0.0, -2e-06, 0.835514, 0.549449, 0.375166, -0.0, -0.549482, 0.835524, -0.0, 0.0, 0.0, 0.0, 1.0],
                [1.0, 1e-06, 1e-06, -0.0, -2e-06, 0.841503, 0.540232, 0.375167, -0.0, -0.540265, 0.841513, 0.0, 0.0, 0.0, 0.0, 1.0],
                [1.0, 1e-06, 1e-06, 0.0, -2e-06, 0.847566, 0.530671, 0.375166, -0.0, -0.530703, 0.847574, 0.0, 0.0, 0.0, 0.0, 1.0],
                [1.0, 1e-06, 1e-06, 0.0, -2e-06, 0.853673, 0.52079, 0.375166, -0.0, -0.520822, 0.853681, 0.0, 0.0, 0.0, 0.0, 1.0],
                [1.0, 1e-06, 1e-06, 0.0, -2e-06, 0.859827, 0.510567, 0.375166, -0.0, -0.510598, 0.859835, -0.0, 0.0, 0.0, 0.0, 1.0]
            ]
        },
        {
            "name": "Knee_L",
            "time": [0.0, 0.0167, 0.0333, 0.05, 0.0667, 0.0833, 0.1, 0.1167, 0.1333, 0.15, 0.1667, 0.1833, 0.2, 0.2167, 0.2333, 0.25, 0.2667, 0.2833, 0.3, 0.3167, 0.3333, 0.35, 0.3667, 0.3833, 0.4, 0.4167, 0.4333, 0.45, 0.4667, 0.4833, 0.5, 0.5167, 0.5333, 0.55, 0.5667, 0.5833, 0.6, 0.6167, 0.6333, 0.65, 0.6667, 0.6833],
            "transform": [
                [1.0, 0.0, -0.0, 0.0, -0.0, 0.471162, -0.882047, 0.375166, -0.0, 0.882046, 0.471162, 0.0, 0.0, 0.0, 0.0, 1.0],
                [1.0, 0.0, -0.0, 0.0, -0.0, 0.471162, -0.882046, 0.375166, -0.0, 0.882046, 0.471162, -0.0, 0.0, 0.0, 0.0, 1.0],
                [1.0, 0.0, -0.0, -0.0, -0.0, 0.471162, -0.882047, 0.375166, -0.0, 0.882047, 0.471162, -0.0, 0.0, 0.0, 0.0, 1.0],
                [1.0, 0.0, -0.0, -0.0, -0.0, 0.471162, -0.882047, 0.375166, -0.0, 0.882046, 0.471162, 0.0, 0.0, 0.0, 0.0, 1.0],
                [1.0, 0.0, -0.0, 0.0, -0.0, 0.471162, -0.882047, 0.375166, -0.0, 0.882047, 0.471162, -0.0, 0.0, 0.0, 0.0, 1.0],
                [1.0, 0.0, -0.0, 0.0, -0.0, 0.471162, -0.882047, 0.375166, -0.0, 0.882047, 0.471162, 0.0, 0.0, 0.0, 0.0, 1.0],
