{
    "animation": [
        {
            "name": "Root",
            "time": [0.0, 0.0167, 0.0333, 0.05, 0.0667, 0.0833, 0.1, 0.1167, 0.1333, 0.15, 0.1667, 0.1833, 0.2, 0.2167, 0.2333, 0.25, 0.2667, 0.2833, 0.3, 0.3167, 0.3333, 0.35, 0.3667, 0.3833, 0.4, 0.4167, 0.4333, 0.45, 0.4667, 0.4833, 0.5, 0.5167, 0.5333, 0.55, 0.5667, 0.5833, 0.6, 0.6167, 0.6333, 0.65, 0.6667, 0.6833, 0.7, 0.7167, 0.7333, 0.75, 0.7667, 0.7833, 0.8, 0.8167, 0.8333, 0.85, 0.8667, 0.8833, 0.9, 0.9167, 0.9333, 0.95, 0.9667, 0.9833, 1.0, 1.0167, 1.0333, 1.05, 1.0667, 1.0833, 1.1, 1.1167, 1.1333, 1.15, 1.1667, 1.1833, 1.2, 1.2167, 1.2333, 1.25, 1.2667, 1.2833, 1.3, 1.3167, 1.3333, 1.35, 1.3667, 1.3833, 1.4, 1.4167, 1.4333, 1.45, 1.4667, 1.4833, 1.5, 1.5167, 1.5333, 1.55],
            "transform": [
                [1.0, 0.0, -0.0, -0.055245, -0.0, 0.0, -1.0, -0.011474, 0.0, 1.0, 0.0, 0.34956, 0.0, 0.0, 0.0, 1.0],
                [1.0, 0.0, -0.0, -0.055747, -0.0, 0.0, -1.0, -0.011991, 0.0, 1.0, 0.0, 0.351487, 0.0, 0.0, 0.0, 1.0],
                [1.0, 0.0, -0.0, -0.057483, -0.0, 0.0, -1.0, -0.014077, 0.0, 1.0, 0.0, 0.357546, 0.0, 0.0, 0.0, 1.0],
                [1.0, 0.0, -0.0, -0.060801, -0.0, 0.0, -1.0, -0.018691, 0.0, 1.0, 0.0, 0.367837, 0.0, 0.0, 0.0, 1.0],
                [1.0, 0.0, -0.0, -0.065946, -0.0, 0.0, -1.0, -0.026823, 0.0, 1.0, 0.0, 0.381793, 0.0, 0.0, 0.0, 1.0],
                [1.0, 0.0, -0.0, -0.072919, -0.0, 0.0, -1.0, -0.039118, 0.0, 1.0, 0.0, 0.398102, 0.0, 0.0, 0.0, 1.0],
                [1.0, 0.0, -0.0, -0.081445, -0.0, 0.0, -1.0, -0.055589, 0.0, 1.0, 0.0, 0.415095, 0.0, 0.0, 0.0, 1.0],
                [1.0, 0.0, -0.0, -0.091095, -0.0, 0.0, -1.0, -0.075689, 0.0, 1.0, 0.0, 0.431338, 0.0, 0.0, 0.0, 1.0],
                [1.0, 0.0, -0.0, -0.101449, -0.0, 0.0, -1.0, -0.098633, 0.0, 1.0, 0.0, 0.445942, 0.0, 0.0, 0.0, 1.0],
                [1.0, 0.0, -0.0, -0.119305, -0.0, 0.0, -1.0, -0.141335, 0.0, 1.0, 0.0, 0.464707, 0.0, 0.0, 0.0, 1.0],
                [1.0, 0.0, -0.0, -0.139642, -0.0, 0.0, -1.0, -0.190898, 0.0, 1.0, 0.0, 0.484177, 0.0, 0.0, 0.0, 1.0],
                [1.0, 0.0, -0.0, -0.147653, -0.0, 0.0, -1.0, -0.210568, 0.0, 1.0, 0.0, 0.491548, 0.0, 0.0, 0.0, 1.0],
                [1.0, 0.0, -0.0, -0.137695, -0.0, 0.0, -1.0, -0.209227, 0.0, 1.0, 0.0, 0.484427, 0.0, 0.0, 0.0, 1.0],
                [1.0, 0.0, -0.0, -0.114434, -0.0, 0.0, -1.0, -0.205516, 0.0, 1.0, 0.0, 0.467196, 0.0, 0.0, 0.0, 1.0],
                [1.0, 0.0, -0.0, -0.085711, -0.0, 0.0, -1.0, -0.199819, 0.0, 1.0, 0.0, 0.44477, 0.0, 0.0, 0.0, 1.0],
                [1.0, 0.0, -0.0, -0.057283, -0.0, 0.0, -1.0, -0.19244, 0.0, 1.0, 0.0, 0.420778, 0.0, 0.0, 0.0, 1.0],
                [1.0, 0.0, -0.0, -0.03344, -0.0, 0.0, -1.0, -0.183618, 0.0, 1.0, 0.0, 0.397941, 0.0, 0.0, 0.0, 1.0],
                [1.0, 0.0, -0.0, -0.017404, -0.0, 0.0, -1.0, -0.173552, 0.0, 1.0, 0.0, 0.37832, 0.0, 0.0, 0.0, 1.0],
                [1.0, 0.0, -0.0, -0.01162, -0.0, 0.0, -1.0, -0.162401, 0.0, 1.0, 0.0, 0.363488, 0.0, 0.0, 0.0, 1.0],
                [1.0, 0.0, -0.0, -0.01162, -0.0, 0.0, -1.0, -0.154404, 0.0, 1.0, 0.0, 0.354, 0.0, 0.0, 0.0, 1.0],
                [1.0, 0.0, -0.0, -0.01162, -0.0, 0.0, -1.0, -0.14964, 0.0, 1.0, 0.0, 0.345281, 0.0, 0.0, 0.0, 1.0],
                [1.0, 0.0, -0.0, -0.01162, -0.0, 0.0, -1.0, -0.145091, 0.0, 1.0, 0.0, 0.337018, 0.0, 0.0, 0.0, 1.0],
                [1.0, 0.0, -0.0, -0.01162, -0.0, 0.0, -1.0, -0.139966, 0.0, 1.0, 0.0, 0.32913, 0.0, 0.0, 0.0, 1.0],
                [1.0, 0.0, -0.0, -0.01162, -0.0, 0.0, -1.0, -0.133875, 0.0, 1.0, 0.0, 0.32159, 0.0, 0.0, 0.0, 1.0],
                [1.0, 0.0, -0.0, -0.01162, -0.0, 0.0, -1.0, -0.126555, 0.0, 1.0, 0.0, 0.314389, 0.0, 0.0, 0.0, 1.0],
                [1.0, 0.0, -0.0, -0.01162, -0.0, 0.0, -1.0, -0.117785, 0.0, 1.0, 0.0, 0.307534, 0.0, 0.0, 0.0, 1.0],
                [1.0, 0.0, -0.0, -0.01162, -0.0, 0.0, -1.0, -0.107354, 0.0, 1.0, 0.0, 0.301036, 0.0, 0.0, 0.0, 1.0],
                [1.0, 0.0, -0.0, -0.01162, -0.0, 0.0, -1.0, -0.095039, 0.0, 1.0, 0.0, 0.294919, 0.0, 0.0, 0.0, 1.0],
                [1.0, 0.0, -0.0, -0.01162, -0.0, 0.0, -1.0, -0.080592, 0.0, 1.0, 0.0, 0.289211, 0.0, 0.0, 0.0, 1.0],
                [1.0, 0.0, -0.0, -0.01162, -0.0, 0.0, -1.0, -0.063723, 0.0, 1.0, 0.0, 0.283953, 0.0, 0.0, 0.0, 1.0],
                [1.0, 0.0, -0.0, -0.01162, -0.0, 0.0, -1.0, -0.044081, 0.0, 1.0, 0.0, 0.279193, 0.0, 0.0, 0.0, 1.0],
                [1.0, 0.0, -0.0, -0.01162, -0.0, 0.0, -1.0, -0.021234, 0.0, 1.0, 0.0, 0.274999, 0.0, 0.0, 0.0, 1.0],
                [1.0, 0.0, -0.0, -0.01162, -0.0, 0.0, -1.0, 0.005374, 0.0, 1.0, 0.0, 0.271457, 0.0, 0.0, 0.0, 1.0],
                [1.0, 0.0, -0.0, -0.01162, -0.0, 0.0, -1.0, 0.036472, 0.0, 1.0, 0.0, 0.268682, 0.0, 0.0, 0.0, 1.0],
                [1.0, 0.0, -0.0, -0.01162, -0.0, 0.0, -1.0, 0.073062, 0.0, 1.0, 0.0, 0.266835, 0.0, 0.0, 0.0, 1.0],
                [1.0, 0.0, -0.0, -0.01162, -0.0, 0.0, -1.0, 0.116586, 0.0, 1.0, 0.0, 0.266149, 0.0, 0.0, 0.0, 1.0],
                [1.0, 0.0, -0.0, -0.01162, -0.0, 0.0, -1.0, 0.306303, 0.0, 1.0, 0.0, 0.280434, 0.0, 0.0, 0.0, 1.0],
                [1.0, 0.0, -0.0, -0.01162, -0.0, 0.0, -1.0, 0.598754, 0.0, 1.0, 0.0, 0.321789, 0.0, 0.0, 0.0, 1.0],
                [1.0, 0.0, -0.0, -0.01162, -0.0, 0.0, -1.0, 0.83026, 0.0, 1.0, 0.0, 0.369328, 0.0, 0.0, 0.0, 1.0],
                [1.0, 0.0, -0.0, -0.01162, -0.0, 0.0, -1.0, 0.968768, 0.0, 1.0, 0.0, 0.4242, 0.0, 0.0, 0.0, 1.0],
                [1.0, 0.0, -0.0, -0.01162, -0.0, 0.0, -1.0, 1.053824, 0.0, 1.0, 0.0, 0.481539, 0.0, 0.0, 0.0, 1.0],
                [1.0, 0.0, -0.0, -0.01162, -0.0, 0.0, -1.0, 1.113466, 0.0, 1.0, 0.0, 0.52715, 0.0, 0.0, 0.0, 1.0],
                [1.0, 0.0, -0.0, -0.01162, -0.0, 0.0, -1.0, 1.151131, 0.0, 1.0, 0.0, 0.562198, 0.0, 0.0, 0.0, 1.0],
                [1.0, 0.0, -0.0, -0.01162, -0.0, 0.0, -1.0, 1.178123, 0.0, 1.0, 0.0, 0.593952, 0.0, 0.0, 0.0, 1.0],
                [1.0, 0.0, -0.0, -0.01162, -0.0, 0.0, -1.0, 1.197002, 0.0, 1.0, 0.0, 0.614253, 0.0, 0.0, 0.0, 1.0],
                [1.0, 0.0, -0.0, -0.01162, -0.0, 0.0, -1.0, 1.214188, 0.0, 1.0, 0.0, 0.620392, 0.0, 0.0, 0.0, 1.0],
                [1.0, 0.0, -0.0, -0.01162, -0.0, 0.0, -1.0, 1.224922, 0.0, 1.0, 0.0, 0.618042, 0.0, 0.0, 0.0, 1.0],
                [1.0, 0.0, -0.0, -0.01162, -0.0, 0.0, -1.0, 1.232924, 0.0, 1.0, 0.0, 0.613387, 0.0, 0.0, 0.0, 1.0],
                [1.0, 0.0, -0.0, -0.01162, -0.0, 0.0, -1.0, 1.240246, 0.0, 1.0, 0.0, 0.607722, 0.0, 0.0, 0.0, 1.0],
                [1.0, 0.0, -0.0, -0.01162, -0.0, 0.0, -1.0, 1.247626, 0.0, 1.0, 0.0, 0.601496, 0.0, 0.0, 0.0, 1.0],
                [1.0, 0.0, -0.0, -0.01162, -0.0, 0.0, -1.0, 1.255462, 0.0, 1.0, 0.0, 0.594936, 0.0, 0.0, 0.0, 1.0],
                [1.0, 0.0, -0.0, -0.01162, -0.0, 0.0, -1.0, 1.264031, 0.0, 1.0, 0.0, 0.588178, 0.0, 0.0, 0.0, 1.0],
                [1.0, 0.0, -0.0, -0.01162, -0.0, 0.0, -1.0, 1.273564, 0.0, 1.0, 0.0, 0.581316, 0.0, 0.0, 0.0, 1.0],
                [1.0, 0.0, -0.0, -0.01162, -0.0, 0.0, -1.0, 1.284276, 0.0, 1.0, 0.0, 0.574424, 0.0, 0.0, 0.0, 1.0],
                [1.0, 0.0, -0.0, -0.01162, -0.0, 0.0, -1.0, 1.296397, 0.0, 1.0, 0.0, 0.567564, 0.0, 0.0, 0.0, 1.0],
                [1.0, 0.0, -0.0, -0.01162, -0.0, 0.0, -1.0, 1.310179, 0.0, 1.0, 0.0, 0.560794, 0.0, 0.0, 0.0, 1.0],
                [1.0, 0.0, -0.0, -0.01162, -0.0, 0.0, -1.0, 1.325926, 0.0, 1.0, 0.0, 0.554173, 0.0, 0.0, 0.0, 1.0],
                [1.0, 0.0, -0.0, -0.01162, -0.0, 0.0, -1.0, 1.344011, 0.0, 1.0, 0.0, 0.547768, 0.0, 0.0, 0.0, 1.0],
                [1.0, 0.0, -0.0, -0.01162, -0.0, 0.0, -1.0, 1.360063, 0.0, 1.0, 0.0, 0.543316, 0.0, 0.0, 0.0, 1.0],
                [1.0, 0.0, -0.0, -0.01162, -0.0, 0.0, -1.0, 1.369903, 0.0, 1.0, 0.0, 0.540808, 0.0, 0.0, 0.0, 1.0],
                [1.0, 0.0, -0.0, -0.01162, -0.0, 0.0, -1.0, 1.380712, 0.0, 1.0, 0.0, 0.538347, 0.0, 0.0, 0.0, 1.0],
                [1.0, 0.0, -0.0, -0.01162, -0.0, 0.0, -1.0, 1.396788, 0.0, 1.0, 0.0, 0.534805, 0.0, 0.0, 0.0, 1.0],
                [1.0, 0.0, -0.0, -0.01162, -0.0, 0.0, -1.0, 1.421182, 0.0, 1.0, 0.0, 0.529387, 0.0, 0.0, 0.0, 1.0],
                [1.0, 0.0, -0.0, -0.01162, -0.0, 0.0, -1.0, 1.456366, 0.0, 1.0, 0.0, 0.521455, 0.0, 0.0, 0.0, 1.0],
                [1.0, 0.0, -0.0, -0.01162, -0.0, 0.0, -1.0, 1.50456, 0.0, 1.0, 0.0, 0.510443, 0.0, 0.0, 0.0, 1.0],
                [1.0, 0.0, -0.0, -0.01162, -0.0, 0.0, -1.0, 1.56793, 0.0, 1.0, 0.0, 0.495803, 0.0, 0.0, 0.0, 1.0],
                [1.0, 0.0, -0.0, -0.034073, -0.0, 0.0, -1.0, 1.920355, 0.0, 1.0, 0.0, 0.430997, 0.0, 0.0, 0.0, 1.0],
                [1.0, 0.0, -0.0, -0.072774, -0.0, 0.0, -1.0, 2.32616, 0.0, 1.0, 0.0, 0.386482, 0.0, 0.0, 0.0, 1.0],
                [1.0, 0.0, -0.0, -0.107367, -0.0, 0.0, -1.0, 2.557509, 0.0, 1.0, 0.0, 0.388728, 0.0, 0.0, 0.0, 1.0],
                [1.0, 0.0, -0.0, -0.137244, -0.0, 0.0, -1.0, 2.682259, 0.0, 1.0, 0.0, 0.396467, 0.0, 0.0, 0.0, 1.0],
                [1.0, 0.0, -0.0, -0.147519, -0.0, 0.0, -1.0, 2.709635, 0.0, 1.0, 0.0, 0.407753, 0.0, 0.0, 0.0, 1.0],
                [1.0, 0.0, -0.0, -0.14287, -0.0, 0.0, -1.0, 2.801527, 0.0, 1.0, 0.0, 0.425212, 0.0, 0.0, 0.0, 1.0],
                [1.0, 0.0, -0.0, -0.133267, -0.0, 0.0, -1.0, 2.998537, 0.0, 1.0, 0.0, 0.44591, 0.0, 0.0, 0.0, 1.0],
                [1.0, 0.0, -0.0, -0.121586, -0.0, 0.0, -1.0, 3.082848, 0.0, 1.0, 0.0, 0.467293, 0.0, 0.0, 0.0, 1.0],
                [1.0, 0.0, -0.0, -0.10905, -0.0, 0.0, -1.0, 3.069331, 0.0, 1.0, 0.0, 0.488242, 0.0, 0.0, 0.0, 1.0],
                [1.0, 0.0, -0.0, -0.096354, -0.0, 0.0, -1.0, 3.05564, 0.0, 1.0, 0.0, 0.508077, 0.0, 0.0, 0.0, 1.0],
                [1.0, 0.0, -0.0, -0.083975, -0.0, 0.0, -1.0, 3.042293, 0.0, 1.0, 0.0, 0.526282, 0.0, 0.0, 0.0, 1.0],
                [1.0, 0.0, -0.0, -0.072298, -0.0, 0.0, -1.0, 3.029701, 0.0, 1.0, 0.0, 0.5424, 0.0, 0.0, 0.0, 1.0],
                [1.0, 0.0, -0.0, -0.061669, -0.0, 0.0, -1.0, 3.018241, 0.0, 1.0, 0.0, 0.555969, 0.0, 0.0, 0.0, 1.0],
                [1.0, 0.0, -0.0, -0.05244, -0.0, 0.0, -1.0, 3.008289, 0.0, 1.0, 0.0, 0.566486, 0.0, 0.0, 0.0, 1.0],
                [1.0, 0.0, -0.0, -0.044995, -0.0, 0.0, -1.0, 3.000261, 0.0, 1.0, 0.0, 0.573357, 0.0, 0.0, 0.0, 1.0],
                [1.0, 0.0, -0.0, -0.040365, -0.0, 0.0, -1.0, 2.99527, 0.0, 1.0, 0.0, 0.57717, 0.0, 0.0, 0.0, 1.0],
                [1.0, 0.0, -0.0, -0.036214, -0.0, 0.0, -1.0, 2.990794, 0.0, 1.0, 0.0, 0.580366, 0.0, 0.0, 0.0, 1.0],
                [1.0, 0.0, -0.0, -0.0324, -0.0, 0.0, -1.0, 2.986681, 0.0, 1.0, 0.0, 0.583204, 0.0, 0.0, 0.0, 1.0],
                [1.0, 0.0, -0.0, -0.028882, -0.0, 0.0, -1.0, 2.982887, 0.0, 1.0, 0.0, 0.585765, 0.0, 0.0, 0.0, 1.0],
                [1.0, 0.0, -0.0, -0.025645, -0.0, 0.0, -1.0, 2.979398, 0.0, 1.0, 0.0, 0.588083, 0.0, 0.0, 0.0, 1.0],
                [1.0, 0.0, -0.0, -0.022691, -0.0, 0.0, -1.0, 2.976212, 0.0, 1.0, 0.0, 0.590174, 0.0, 0.0, 0.0, 1.0],
                [1.0, 0.0, -0.0, -0.020028, -0.0, 0.0, -1.0, 2.973341, 0.0, 1.0, 0.0, 0.59204, 0.0, 0.0, 0.0, 1.0],
                [1.0, 0.0, -0.0, -0.017673, -0.0, 0.0, -1.0, 2.970801, 0.0, 1.0, 0.0, 0.593677, 0.0, 0.0, 0.0, 1.0],
                [1.0, 0.0, -0.0, -0.015647, -0.0, 0.0, -1.0, 2.968617, 0.0, 1.0, 0.0, 0.595075, 0.0, 0.0, 0.0, 1.0],
                [1.0, 0.0, -0.0, -0.013983, -0.0, 0.0, -1.0, 2.966822, 0.0, 1.0, 0.0, 0.596217, 0.0, 0.0, 0.0, 1.0],
                [1.0, 0.0, -0.0, -0.012719, -0.0, 0.0, -1.0, 2.965459, 0.0, 1.0, 0.0, 0.597079, 0.0, 0.0, 0.0, 1.0],
                [1.0, 0.0, -0.0, -0.011909, -0.0, 0.0, -1.0, 2.964586, 0.0, 1.0, 0.0, 0.597629, 0.0, 0.0, 0.0, 1.0],
                [1.0, 0.0, -0.0, -0.01162, -0.0, 0.0, -1.0, 2.964274, 0.0, 1.0, 0.0, 0.597825, 0.0, 0.0, 0.0, 1.0]
            ]
        },
        {
            "name": "Thigh_R",
            "time": [0.0, 0.0167, 0.0333, 0.05, 0.0667, 0.0833, 0.1, 0.1167, 0.1333, 0.15, 0.1667, 0.1833, 0.2, 0.2167, 0.2333, 0.25, 0.2667, 0.2833, 0.3, 0.3167, 0.3333, 0.35, 0.3667, 0.3833, 0.4, 0.4167, 0.4333, 0.45, 0.4667, 0.4833, 0.5, 0.5167, 0.5333, 0.55, 0.5667, 0.5833, 0.6, 0.6167, 0.6333, 0.65, 0.6667, 0.6833, 0.7, 0.7167, 0.7333, 0.75, 0.7667, 0.7833, 0.8, 0.8167, 0.8333, 0.85, 0.8667, 0.8833, 0.9, 0.9167, 0.9333, 0.95, 0.9667, 0.9833, 1.0, 1.0167, 1.0333, 1.05, 1.0667, 1.0833, 1.1, 1.1167, 1.1333, 1.15, 1.1667, 1.1833, 1.2, 1.2167, 1.2333, 1.25, 1.2667, 1.2833, 1.3, 1.3167, 1.3333, 1.35, 1.3667, 1.3833, 1.4, 1.4167, 1.4333, 1.45, 1.4667, 1.4833, 1.5, 1.5167, 1.5333, 1.55],
            "transform": [
                [0.580043, 0.723876, 0.373527, 0.11428, 0.72749, -0.666653, 0.162258, 0.035227, 0.366481, 0.177648, -0.913286, 0.120561, 0.0, 0.0, 0.0, 1.0],
                [0.577711, 0.719955, 0.384555, 0.113518, 0.725658, -0.66874, 0.161877, 0.035251, 0.373725, 0.185564, -0.908766, 0.121171, 0.0, 0.0, 0.0, 1.0],
                [0.568573, 0.708537, 0.417931, 0.111192, 0.7206, -0.674053, 0.162433, 0.035461, 0.396812, 0.208834, -0.893806, 0.123029, 0.0, 0.0, 0.0, 1.0],
                [0.54554, 0.691843, 0.472972, 0.107405, 0.714491, -0.678923, 0.169002, 0.036132, 0.43805, 0.245764, -0.864683, 0.126048, 0.0, 0.0, 0.0, 1.0],
                [0.497912, 0.674455, 0.545116, 0.102554, 0.710207, -0.677865, 0.190006, 0.037591, 0.497684, 0.292565, -0.816508, 0.129902, 0.0, 0.0, 0.0, 1.0],
                [0.420263, 0.660635, 0.622006, 0.097308, 0.706774, -0.668241, 0.232212, 0.040116, 0.569078, 0.342054, -0.747747, 0.134046, 0.0, 0.0, 0.0, 1.0],
                [0.328649, 0.651676, 0.683559, 0.092398, 0.696902, -0.655836, 0.290182, 0.043821, 0.637431, 0.381031, -0.669686, 0.137894, 0.0, 0.0, 0.0, 1.0],
                [0.262722, 0.648395, 0.714494, 0.088367, 0.675048, -0.652643, 0.344043, 0.048641, 0.689411, 0.391954, -0.609155, 0.141011, 0.0, 0.0, 0.0, 1.0],
                [0.259084, 0.652376, 0.712195, 0.085481, 0.643859, -0.666316, 0.376118, 0.054404, 0.719944, 0.361131, -0.592664, 0.143189, 0.0, 0.0, 0.0, 1.0],
                [0.346713, 0.679776, 0.646251, 0.083702, 0.596708, -0.691467, 0.407197, 0.065172, 0.723692, 0.244464, -0.645359, 0.144798, 0.0, 0.0, 0.0, 1.0],
                [0.458741, 0.723128, 0.516333, 0.082145, 0.554781, -0.687022, 0.469268, 0.078614, 0.694099, 0.071199, -0.71633, 0.146355, 0.0, 0.0, 0.0, 1.0],
                [0.538961, 0.751514, 0.380412, 0.080764, 0.540234, -0.654922, 0.52841, 0.092605, 0.646272, -0.079262, -0.758957, 0.147813, 0.0, 0.0, 0.0, 1.0],
                [0.598694, 0.754767, 0.268072, 0.079543, 0.516636, -0.61966, 0.590847, 0.106214, 0.612088, -0.215223, -0.760913, 0.149147, 0.0, 0.0, 0.0, 1.0],
                [0.656981, 0.727852, 0.196425, 0.07848, 0.445237, -0.58486, 0.678005, 0.118872, 0.608391, -0.357964, -0.708295, 0.150339, 0.0, 0.0, 0.0, 1.0],
                [0.714215, 0.678926, 0.170101, 0.077578, 0.24715, -0.472024, 0.846221, 0.130151, 0.654838, -0.562334, -0.504908, 0.15137, 0.0, 0.0, 0.0, 1.0],
                [0.725565, 0.630295, 0.27615, 0.076846, -0.061026, -0.340804, 0.938137, 0.139667, 0.685442, -0.697531, -0.208793, 0.152221, 0.0, 0.0, 0.0, 1.0],
                [0.685347, 0.554471, 0.472048, 0.076296, -0.319847, -0.353182, 0.879165, 0.147035, 0.654216, -0.753526, -0.064687, 0.152868, 0.0, 0.0, 0.0, 1.0],
                [0.660547, 0.434305, 0.612388, 0.075947, -0.440306, -0.436607, 0.784524, 0.15183, 0.608119, -0.787871, -0.097153, 0.153282, 0.0, 0.0, 0.0, 1.0],
                [0.674217, 0.385184, 0.630101, 0.075824, -0.458159, -0.451043, 0.765913, 0.153556, 0.579243, -0.805098, -0.127607, 0.15343, 0.0, 0.0, 0.0, 1.0],
                [0.706333, 0.395442, 0.587099, 0.081029, -0.441293, -0.402538, 0.801994, 0.148916, 0.553493, -0.825576, -0.1098, 0.151142, 0.0, 0.0, 0.0, 1.0],
                [0.739937, 0.395039, 0.544432, 0.094178, -0.432121, -0.341151, 0.834779, 0.136933, 0.515524, -0.852962, -0.081705, 0.145092, 0.0, 0.0, 0.0, 1.0],
                [0.77044, 0.386644, 0.506854, 0.110771, -0.428173, -0.275237, 0.860743, 0.12124, 0.472325, -0.880189, -0.046482, 0.136869, 0.0, 0.0, 0.0, 1.0],
                [0.797177, 0.372725, 0.474932, 0.126226, -0.424869, -0.212581, 0.879921, 0.105631, 0.428947, -0.903252, -0.011084, 0.128187, 0.0, 0.0, 0.0, 1.0],
                [0.821152, 0.357049, 0.445201, 0.136958, -0.416787, -0.157742, 0.895192, 0.093156, 0.38987, -0.920657, 0.019306, 0.120474, 0.0, 0.0, 0.0, 1.0],
                [0.843834, 0.342746, 0.412856, 0.140799, -0.399158, -0.113298, 0.909834, 0.085737, 0.358632, -0.932558, 0.041227, 0.11467, 0.0, 0.0, 0.0, 1.0],
                [0.866424, 0.334132, 0.371011, 0.135638, -0.367599, -0.076017, 0.926851, 0.082772, 0.337907, -0.939442, 0.056986, 0.110934, 0.0, 0.0, 0.0, 1.0],
                [0.888119, 0.332393, 0.317404, 0.122138, -0.32195, -0.042961, 0.945759, 0.082336, 0.328012, -0.942147, 0.068882, 0.108356, 0.0, 0.0, 0.0, 1.0],
                [0.904597, 0.33295, 0.266152, 0.108638, -0.277129, -0.015076, 0.960692, 0.081895, 0.323888, -0.942808, 0.078654, 0.105902, 0.0, 0.0, 0.0, 1.0],
                [0.913137, 0.333421, 0.234525, 0.103477, -0.251393, 0.007671, 0.967832, 0.078914, 0.320909, -0.94273, 0.090846, 0.10248, 0.0, 0.0, 0.0, 1.0],
                [0.915733, 0.336053, 0.220207, 0.104845, -0.243242, 0.027447, 0.969555, 0.073016, 0.319791, -0.941426, 0.106898, 0.099121, 0.0, 0.0, 0.0, 1.0],
                [0.917091, 0.337908, 0.211551, 0.108368, -0.239445, 0.042558, 0.969955, 0.066042, 0.318765, -0.940198, 0.119961, 0.096693, 0.0, 0.0, 0.0, 1.0],
                [0.918289, 0.338492, 0.205328, 0.112963, -0.235547, 0.050236, 0.970543, 0.05825, 0.318218, -0.939608, 0.125882, 0.093816, 0.0, 0.0, 0.0, 1.0],
                [0.920194, 0.337321, 0.198618, 0.117503, -0.22659, 0.045215, 0.97292, 0.04997, 0.319219, -0.940283, 0.11806, 0.089242, 0.0, 0.0, 0.0, 1.0],
                [0.923422, 0.333842, 0.189298, 0.121084, -0.20732, 0.018818, 0.978074, 0.041513, 0.322972, -0.94242, 0.086608, 0.082128, 0.0, 0.0, 0.0, 1.0],
                [0.927975, 0.327956, 0.176915, 0.12314, -0.172019, -0.044158, 0.984087, 0.033115, 0.330563, -0.943638, 0.015455, 0.072084, 0.0, 0.0, 0.0, 1.0],
                [0.93262, 0.321709, 0.163453, 0.124095, -0.109884, -0.178279, 0.977811, 0.022557, 0.343724, -0.929879, -0.130901, 0.053092, 0.0, 0.0, 0.0, 1.0],
                [0.903879, 0.3776, 0.201025, 0.124572, 0.159349, -0.733301, 0.660952, 0.010052, 0.397002, -0.565371, -0.722978, 0.027818, 0.0, 0.0, 0.0, 1.0],
                [0.741501, 0.49543, 0.452434, 0.124762, 0.514779, -0.85258, 0.089966, 0.000436, 0.430324, 0.166219, -0.887221, 0.007207, 0.0, 0.0, 0.0, 1.0],
                [0.621324, 0.383179, 0.683438, 0.124994, 0.653797, -0.734284, -0.182654, -0.002831, 0.431864, 0.560347, -0.706743, -1.2e-05, 0.0, 0.0, 0.0, 1.0],
                [0.650221, 0.227558, 0.724836, 0.125239, 0.625653, -0.701644, -0.340933, -0.002831, 0.431011, 0.675211, -0.598586, -1.2e-05, 0.0, 0.0, 0.0, 1.0],
                [0.72885, 0.176816, 0.661422, 0.1255, 0.539848, -0.742612, -0.396321, -0.002831, 0.421119, 0.645957, -0.636693, -1.2e-05, 0.0, 0.0, 0.0, 1.0],
                [0.801552, 0.197581, 0.564314, 0.125762, 0.444053, -0.828758, -0.340522, -0.002831, 0.400414, 0.523561, -0.752014, -1.2e-05, 0.0, 0.0, 0.0, 1.0],
                [0.864439, 0.213784, 0.454998, 0.126022, 0.339324, -0.915928, -0.214276, -0.002831, 0.370951, 0.339649, -0.86429, -1.2e-05, 0.0, 0.0, 0.0, 1.0],
                [0.91301, 0.195344, 0.358108, 0.126278, 0.233793, -0.969971, -0.06692, -0.002831, 0.334295, 0.144849, -0.931246, -1.2e-05, 0.0, 0.0, 0.0, 1.0],
                [0.945929, 0.161075, 0.281543, 0.126531, 0.140095, -0.985726, 0.093287, -0.002831, 0.292561, -0.048776, -0.954974, -1.2e-05, 0.0, 0.0, 0.0, 1.0],
                [0.966825, 0.1203, 0.225328, 0.126778, 0.064234, -0.968297, 0.241372, -0.002831, 0.247231, -0.218869, -0.943882, -1.2e-05, 0.0, 0.0, 0.0, 1.0],
                [0.980913, 0.073753, 0.179912, 0.12702, 0.015388, -0.951804, 0.306301, -0.002831, 0.193839, -0.297665, -0.934751, -1.2e-05, 0.0, 0.0, 0.0, 1.0],
                [0.989931, 0.02873, 0.138596, 0.127257, -0.020186, -0.940509, 0.33915, -0.002831, 0.1401, -0.338512, -0.930439, -1.2e-05, 0.0, 0.0, 0.0, 1.0],
                [0.994751, -0.012674, 0.10154, 0.127488, -0.04938, -0.928564, 0.367858, -0.002831, 0.089627, -0.370921, -0.924294, -1.2e-05, 0.0, 0.0, 0.0, 1.0],
                [0.996349, -0.050239, 0.069025, 0.127712, -0.073679, -0.914436, 0.397953, -0.002831, 0.043127, -0.401566, -0.914778, -1.2e-05, 0.0, 0.0, 0.0, 1.0],
                [0.995605, -0.084127, 0.041141, 0.12793, -0.093647, -0.897247, 0.431471, -0.002831, 0.000615, -0.433409, -0.90116, -1.2e-05, 0.0, 0.0, 0.0, 1.0],
                [0.993248, -0.114639, 0.017786, 0.128141, -0.109554, -0.876436, 0.468879, -0.002831, -0.038165, -0.467644, -0.883055, -1.2e-05, 0.0, 0.0, 0.0, 1.0],
                [0.989856, -0.142068, -0.001246, 0.128345, -0.12154, -0.851292, 0.510411, -0.002831, -0.073577, -0.505065, -0.859901, -1.2e-05, 0.0, 0.0, 0.0, 1.0],
                [0.985874, -0.166694, -0.016285, 0.128541, -0.129663, -0.821149, 0.55578, -0.002831, -0.106022, -0.545801, -0.83114, -1.2e-05, 0.0, 0.0, 0.0, 1.0],
                [0.981629, -0.188762, -0.02778, 0.128728, -0.133923, -0.785382, 0.604342, -0.002831, -0.1359, -0.589505, -0.79621, -1.2e-05, 0.0, 0.0, 0.0, 1.0],
                [0.977348, -0.208495, -0.036321, 0.128906, -0.134265, -0.743504, 0.655106, -0.002831, -0.163597, -0.635376, -0.754632, -1.2e-05, 0.0, 0.0, 0.0, 1.0],
                [0.973164, -0.226117, -0.042671, 0.129074, -0.13058, -0.695356, 0.706693, -0.002831, -0.189474, -0.682145, -0.706198, -1.2e-05, 0.0, 0.0, 0.0, 1.0],
                [0.969124, -0.241889, -0.047812, 0.129231, -0.12271, -0.641343, 0.757368, -0.002831, -0.213871, -0.728107, -0.651198, -1.2e-05, 0.0, 0.0, 0.0, 1.0],
                [0.965605, -0.254486, -0.053295, 0.129376, -0.107864, -0.57859, 0.808444, -0.002831, -0.236583, -0.774882, -0.586114, -1.2e-05, 0.0, 0.0, 0.0, 1.0],
                [0.962733, -0.263283, -0.061848, 0.129509, -0.083257, -0.506112, 0.858427, -0.002831, -0.257322, -0.821283, -0.509144, -1.2e-05, 0.0, 0.0, 0.0, 1.0],
                [0.959501, -0.270962, -0.077029, 0.129627, -0.05176, -0.438389, 0.897279, -0.002831, -0.276908, -0.856954, -0.434632, -1.2e-05, 0.0, 0.0, 0.0, 1.0],
                [0.955101, -0.278595, -0.100809, 0.12973, -0.01479, -0.384689, 0.92291, -0.002831, -0.29591, -0.879986, -0.37151, -1.2e-05, 0.0, 0.0, 0.0, 1.0],
                [0.94878, -0.285817, -0.134609, 0.129815, 0.027225, -0.350547, 0.936129, -0.002831, -0.314761, -0.891855, -0.324784, -1.2e-05, 0.0, 0.0, 0.0, 1.0],
                [0.939681, -0.290979, -0.179791, 0.12988, 0.074692, -0.338417, 0.938005, -0.002831, -0.333797, -0.894869, -0.296244, -1.2e-05, 0.0, 0.0, 0.0, 1.0],
                [0.926617, -0.290601, -0.238588, 0.129922, 0.128871, -0.350682, 0.927561, -0.002831, -0.353233, -0.890259, -0.287473, -1.2e-05, 0.0, 0.0, 0.0, 1.0],
                [0.907732, -0.276673, -0.31538, 0.129937, 0.19201, -0.394442, 0.89861, -0.002831, -0.373035, -0.876277, -0.304901, -1.2e-05, 0.0, 0.0, 0.0, 1.0],
                [0.868146, -0.432348, -0.24369, 0.117332, 0.209153, -0.1266, 0.96963, -0.002831, -0.450086, -0.892763, -0.019458, -0.017628, 0.0, 0.0, 0.0, 1.0],
                [0.762103, -0.575804, -0.296017, 0.081828, 0.258596, -0.148471, 0.95449, -0.002831, -0.593572, -0.803973, 0.035769, -0.067248, 0.0, 0.0, 0.0, 1.0],
                [0.554002, -0.650257, -0.519812, 0.03624, 0.439127, -0.302236, 0.846049, -0.002831, -0.707283, -0.696983, 0.118121, -0.13096, 0.0, 0.0, 0.0, 1.0],
                [0.317955, -0.641355, -0.69822, 0.000736, 0.560191, -0.467077, 0.684115, -0.002831, -0.764913, -0.608663, 0.210784, -0.180579, 0.0, 0.0, 0.0, 1.0],
                [0.241828, -0.604863, -0.758682, -0.011869, 0.592114, -0.527462, 0.609242, -0.002831, -0.768714, -0.596569, 0.230605, -0.198196, 0.0, 0.0, 0.0, 1.0],
                [0.249013, -0.593922, -0.764976, -0.011869, 0.579829, -0.541258, 0.608957, -0.002831, -0.775752, -0.595205, 0.209605, -0.198196, 0.0, 0.0, 0.0, 1.0],
                [0.256526, -0.583054, -0.770831, -0.011869, 0.569742, -0.553031, 0.607899, -0.002831, -0.780762, -0.595129, 0.190336, -0.198195, 0.0, 0.0, 0.0, 1.0],
                [0.264735, -0.569912, -0.777852, -0.011869, 0.561315, -0.564846, 0.604867, -0.002831, -0.784118, -0.596762, 0.170378, -0.198196, 0.0, 0.0, 0.0, 1.0],
                [0.273576, -0.553611, -0.786516, -0.011869, 0.554166, -0.577656, 0.599336, -0.002831, -0.786166, -0.599838, 0.148772, -0.198196, 0.0, 0.0, 0.0, 1.0],
                [0.282927, -0.534043, -0.796673, -0.011869, 0.548037, -0.591683, 0.591235, -0.002831, -0.787152, -0.603896, 0.125284, -0.198196, 0.0, 0.0, 0.0, 1.0],
                [0.292675, -0.511878, -0.807625, -0.011869, 0.542765, -0.606453, 0.581043, -0.002831, -0.787241, -0.608423, 0.100347, -0.198195, 0.0, 0.0, 0.0, 1.0],
                [0.302731, -0.48783, -0.818725, -0.011869, 0.538269, -0.621431, 0.56928, -0.002831, -0.786525, -0.613049, 0.074469, -0.198196, 0.0, 0.0, 0.0, 1.0],
                [0.313031, -0.463426, -0.828965, -0.011869, 0.534531, -0.635528, 0.55711, -0.002831, -0.785041, -0.617517, 0.048787, -0.198196, 0.0, 0.0, 0.0, 1.0],
                [0.323533, -0.440826, -0.837218, -0.011869, 0.531598, -0.647315, 0.546239, -0.002831, -0.782771, -0.621807, 0.024926, -0.198196, 0.0, 0.0, 0.0, 1.0],
                [0.334221, -0.422995, -0.842204, -0.011869, 0.529585, -0.654929, 0.539072, -0.002831, -0.779639, -0.626206, 0.005132, -0.198196, 0.0, 0.0, 0.0, 1.0],
                [0.342748, -0.411536, -0.844452, -0.011869, 0.52805, -0.659086, 0.535499, -0.002831, -0.776974, -0.629472, -0.008577, -0.198196, 0.0, 0.0, 0.0, 1.0],
                [0.351268, -0.400893, -0.846069, -0.011869, 0.526467, -0.662719, 0.532566, -0.002831, -0.774238, -0.632519, -0.021724, -0.198196, 0.0, 0.0, 0.0, 1.0],
                [0.359447, -0.390558, -0.847466, -0.011869, 0.524851, -0.66632, 0.52966, -0.002831, -0.771577, -0.635197, -0.03451, -0.198196, 0.0, 0.0, 0.0, 1.0],
                [0.367175, -0.380653, -0.84866, -0.011869, 0.523226, -0.669855, 0.5268, -0.002831, -0.769037, -0.637488, -0.046774, -0.198196, 0.0, 0.0, 0.0, 1.0],
                [0.37439, -0.371019, -0.849773, -0.011869, 0.521619, -0.673439, 0.523815, -0.002831, -0.766646, -0.639388, -0.058586, -0.198195, 0.0, 0.0, 0.0, 1.0],
                [0.381042, -0.361771, -0.850803, -0.011869, 0.52006, -0.677008, 0.520757, -0.002831, -0.764425, -0.640918, -0.069814, -0.198196, 0.0, 0.0, 0.0, 1.0],
                [0.38708, -0.352963, -0.851777, -0.011869, 0.518577, -0.680531, 0.517634, -0.002831, -0.762396, -0.642097, -0.08037, -0.198196, 0.0, 0.0, 0.0, 1.0],
                [0.392451, -0.344867, -0.852635, -0.011869, 0.517205, -0.683848, 0.514627, -0.002831, -0.76058, -0.642972, -0.089998, -0.198196, 0.0, 0.0, 0.0, 1.0],
                [0.397088, -0.337578, -0.853405, -0.011869, 0.515979, -0.686908, 0.511773, -0.002831, -0.759004, -0.643578, -0.098568, -0.198196, 0.0, 0.0, 0.0, 1.0],
                [0.400914, -0.331355, -0.854055, -0.011869, 0.51494, -0.689569, 0.509235, -0.002831, -0.757697, -0.643967, -0.105818, -0.198196, 0.0, 0.0, 0.0, 1.0],
                [0.403828, -0.326401, -0.854589, -0.011869, 0.514132, -0.691729, 0.507118, -0.002831, -0.756698, -0.64418, -0.111515, -0.198196, 0.0, 0.0, 0.0, 1.0],
                [0.405705, -0.323223, -0.854909, -0.011869, 0.513603, -0.693115, 0.505759, -0.002831, -0.756053, -0.644293, -0.11518, -0.198196, 0.0, 0.0, 0.0, 1.0],
                [0.406376, -0.322076, -0.855023, -0.011869, 0.513413, -0.693617, 0.505263, -0.002831, -0.755821, -0.644327, -0.116499, -0.198195, 0.0, 0.0, 0.0, 1.0]
            ]
        },
        {
            "name": "Leg_R",
            "time": [0.0, 0.0167, 0.0333, 0.05, 0.0667, 0.0833, 0.1, 0.1167, 0.1333, 0.15, 0.1667, 0.1833, 0.2, 0.2167, 0.2333, 0.25, 0.2667, 0.2833, 0.3, 0.3167, 0.3333, 0.35, 0.3667, 0.3833, 0.4, 0.4167, 0.4333, 0.45, 0.4667, 0.4833, 0.5, 0.5167, 0.5333, 0.55, 0.5667, 0.5833, 0.6, 0.6167, 0.6333, 0.65, 0.6667, 0.6833, 0.7, 0.7167, 0.7333, 0.75, 0.7667, 0.7833, 0.8, 0.8167, 0.8333, 0.85, 0.8667, 0.8833, 0.9, 0.9167, 0.9333, 0.95, 0.9667, 0.9833, 1.0, 1.0167, 1.0333, 1.05, 1.0667, 1.0833, 1.1, 1.1167, 1.1333, 1.15, 1.1667, 1.1833, 1.2, 1.2167, 1.2333, 1.25, 1.2667, 1.2833, 1.3, 1.3167, 1.3333, 1.35, 1.3667, 1.3833, 1.4, 1.4167, 1.4333, 1.45, 1.4667, 1.4833, 1.5, 1.5167, 1.5333, 1.55],
            "transform": [
                [0.999999, -0.001079, -0.00094, 0.0, 0.00119, 0.262232, 0.964987, 0.375166, -0.000795, -0.965025, 0.262244, -0.0, 0.0, 0.0, 0.0, 1.0],
                [0.999999, -0.001078, -0.000935, 0.0, 0.001189, 0.266934, 0.963698, 0.375166, -0.000789, -0.963735, 0.266946, 0.0, 0.0, 0.0, 0.0, 1.0],
                [0.999999, -0.001073, -0.000918, 0.0, 0.001183, 0.281969, 0.959406, 0.375166, -0.000771, -0.959444, 0.281982, 0.0, 0.0, 0.0, 0.0, 1.0],
                [0.999999, -0.001064, -0.000888, -0.0, 0.001173, 0.308549, 0.951191, 0.375166, -0.000738, -0.951229, 0.308561, 0.0, 0.0, 0.0, 0.0, 1.0],
                [0.999999, -0.00105, -0.000847, 0.0, 0.001157, 0.345241, 0.938496, 0.375166, -0.000693, -0.938535, 0.345254, 0.0, 0.0, 0.0, 0.0, 1.0],
                [0.999999, -0.001032, -0.000802, -0.0, 0.001138, 0.386061, 0.922455, 0.375166, -0.000642, -0.922494, 0.386074, 0.0, 0.0, 0.0, 0.0, 1.0],
                [0.999999, -0.001014, -0.000762, 0.0, 0.001118, 0.421788, 0.906676, 0.375166, -0.000598, -0.906715, 0.421801, -0.0, 0.0, 0.0, 0.0, 1.0],
                [0.999999, -0.001001, -0.000734, -0.0, 0.001104, 0.44607, 0.89498, 0.375166, -0.000568, -0.895019, 0.446083, -0.0, 0.0, 0.0, 0.0, 1.0],
                [0.999999, -0.000994, -0.000721, 0.0, 0.001096, 0.458284, 0.888787, 0.375166, -0.000553, -0.888826, 0.458298, 0.0, 0.0, 0.0, 0.0, 1.0],
                [0.999999, -0.001019, -0.000773, -0.0, 0.001124, 0.411766, 0.911271, 0.375166, -0.00061, -0.911311, 0.411779, -0.0, 0.0, 0.0, 0.0, 1.0],
                [0.999999, -0.001074, -0.000921, -0.0, 0.001184, 0.279231, 0.960207, 0.375166, -0.000774, -0.960245, 0.279243, 0.0, 0.0, 0.0, 0.0, 1.0],
                [0.999999, -0.001112, -0.001113, 0.0, 0.001226, 0.107881, 0.994148, 0.375166, -0.000985, -0.994183, 0.107891, -0.0, 0.0, 0.0, 0.0, 1.0],
                [0.999999, -0.001115, -0.001317, 0.0, 0.00123, -0.074531, 0.997203, 0.375166, -0.00121, -0.997235, -0.074521, 0.0, 0.0, 0.0, 0.0, 1.0],
                [0.999998, -0.001089, -0.001486, -0.0, 0.001201, -0.225882, 0.97414, 0.375166, -0.001397, -0.974167, -0.225872, -0.0, 0.0, 0.0, 0.0, 1.0],
                [0.999998, -0.001058, -0.001596, 0.0, 0.001167, -0.324067, 0.946021, 0.375166, -0.001518, -0.946044, -0.324057, 0.0, 0.0, 0.0, 0.0, 1.0],
                [0.999998, -0.001092, -0.001475, 0.0, 0.001204, -0.216536, 0.97626, 0.375166, -0.001385, -0.976287, -0.216527, 0.0, 0.0, 0.0, 0.0, 1.0],
                [0.999999, -0.001108, -0.001081, 0.0, 0.001222, 0.135797, 0.99072, 0.375166, -0.000951, -0.990756, 0.135808, -0.0, 0.0, 0.0, 0.0, 1.0],
                [0.999999, -0.000969, -0.000676, 0.0, 0.001069, 0.498713, 0.866748, 0.375166, -0.000503, -0.866787, 0.498727, -0.0, 0.0, 0.0, 0.0, 1.0],
                [1.0, -0.000902, -0.000572, -0.0, 0.000995, 0.591486, 0.806296, 0.375166, -0.000389, -0.806334, 0.591498, 0.0, 0.0, 0.0, 0.0, 1.0],
                [0.999999, -0.000963, -0.000664, -0.0, 0.001062, 0.508733, 0.860906, 0.375166, -0.000491, -0.860944, 0.508746, 0.0, 0.0, 0.0, 0.0, 1.0],
                [0.999999, -0.001023, -0.000782, -0.0, 0.001129, 0.403384, 0.915013, 0.375166, -0.000621, -0.915051, 0.403397, -0.0, 0.0, 0.0, 0.0, 1.0],
                [0.999999, -0.001071, -0.000912, 0.0, 0.001181, 0.287009, 0.957911, 0.375166, -0.000764, -0.957948, 0.287021, -0.0, 0.0, 0.0, 0.0, 1.0],
                [0.999999, -0.001101, -0.001036, 0.0, 0.001214, 0.176311, 0.984318, 0.375166, -0.000901, -0.984354, 0.176322, 0.0, 0.0, 0.0, 0.0, 1.0],
                [0.999999, -0.001115, -0.001142, -0.0, 0.001229, 0.081415, 0.996664, 0.375166, -0.001018, -0.996699, 0.081425, 0.0, 0.0, 0.0, 0.0, 1.0],
                [0.999999, -0.001118, -0.001226, -0.0, 0.001233, 0.006627, 0.999962, 0.375166, -0.00111, -0.999995, 0.006637, 0.0, 0.0, 0.0, 0.0, 1.0],
                [0.999999, -0.001117, -0.001292, 0.0, 0.001232, -0.052929, 0.998583, 0.375166, -0.001184, -0.998614, -0.052919, 0.0, 0.0, 0.0, 0.0, 1.0],
                [0.999998, -0.001112, -0.00135, -0.0, 0.001227, -0.104709, 0.994487, 0.375166, -0.001247, -0.994518, -0.104699, 0.0, 0.0, 0.0, 0.0, 1.0],
                [0.999999, -0.001104, -0.001409, 0.0, 0.001218, -0.156763, 0.987621, 0.375166, -0.001312, -0.987651, -0.156754, -0.0, 0.0, 0.0, 0.0, 1.0],
                [0.999998, -0.001091, -0.001478, 0.0, 0.001203, -0.218784, 0.975758, 0.375166, -0.001388, -0.975787, -0.218774, -0.0, 0.0, 0.0, 0.0, 1.0],
                [0.999998, -0.00107, -0.001557, -0.0, 0.001181, -0.289504, 0.957163, 0.375166, -0.001475, -0.957188, -0.289494, 0.0, 0.0, 0.0, 0.0, 1.0],
                [0.999998, -0.001043, -0.001637, 0.0, 0.00115, -0.361235, 0.932461, 0.375166, -0.001564, -0.932485, -0.361225, 0.0, 0.0, 0.0, 0.0, 1.0],
                [0.999998, -0.001007, -0.00172, -0.0, 0.00111, -0.435297, 0.900275, 0.375166, -0.001655, -0.900296, -0.435286, 0.0, 0.0, 0.0, 0.0, 1.0],
                [0.999998, -0.000961, -0.001805, 0.0, 0.00106, -0.511388, 0.859339, 0.375166, -0.001749, -0.859356, -0.511377, -0.0, 0.0, 0.0, 0.0, 1.0],
                [0.999998, -0.000905, -0.00189, 0.0, 0.000998, -0.58723, 0.809411, 0.375166, -0.001843, -0.809425, -0.587218, -0.0, 0.0, 0.0, 0.0, 1.0],
                [0.999998, -0.000843, -0.001968, -0.0, 0.000929, -0.657444, 0.753496, 0.375166, -0.001929, -0.753507, -0.657432, 0.0, 0.0, 0.0, 0.0, 1.0],
                [0.999998, -0.000774, -0.00204, -0.0, 0.000854, -0.721469, 0.692442, 0.375166, -0.002008, -0.692448, -0.721457, 0.0, 0.0, 0.0, 0.0, 1.0],
                [0.999998, -0.000829, -0.001983, 0.0, 0.000915, -0.670772, 0.741657, 0.375166, -0.001946, -0.741666, -0.670759, -0.0, 0.0, 0.0, 0.0, 1.0],
                [0.999998, -0.001106, -0.001398, -0.0, 0.00122, -0.147472, 0.98905, 0.375166, -0.0013, -0.989081, -0.147463, 0.0, 0.0, 0.0, 0.0, 1.0],
                [0.999999, -0.000976, -0.000687, 0.0, 0.001076, 0.488456, 0.872569, 0.375166, -0.000516, -0.872609, 0.488469, -0.0, 0.0, 0.0, 0.0, 1.0],
                [1.0, -0.000677, -0.000343, -0.0, 0.000747, 0.795757, 0.605597, 0.375166, -0.000137, -0.60563, 0.795766, 0.0, 0.0, 0.0, 0.0, 1.0],
                [1.0, -0.000615, -0.0003, -0.0, 0.000679, 0.835049, 0.550158, 0.375166, -8.8e-05, -0.550187, 0.835057, 0.0, 0.0, 0.0, 0.0, 1.0],
                [1.0, -0.000775, -0.000427, -0.0, 0.000855, 0.72077, 0.693155, 0.375166, -0.000229, -0.693191, 0.720781, -0.0, 0.0, 0.0, 0.0, 1.0],
                [0.999999, -0.000956, -0.000653, -0.0, 0.001054, 0.519004, 0.854752, 0.375166, -0.000478, -0.854792, 0.519018, 0.0, 0.0, 0.0, 0.0, 1.0],
                [0.999999, -0.001055, -0.000861, -0.0, 0.001163, 0.332719, 0.943008, 0.375166, -0.000708, -0.943047, 0.332732, 0.0, 0.0, 0.0, 0.0, 1.0],
                [0.999999, -0.001103, -0.001048, -0.0, 0.001216, 0.165971, 0.986114, 0.375166, -0.000914, -0.986151, 0.165982, -0.0, 0.0, 0.0, 0.0, 1.0],
                [0.999999, -0.001118, -0.001195, -0.0, 0.001233, 0.033943, 0.999408, 0.375166, -0.001076, -0.999442, 0.033954, -0.0, 0.0, 0.0, 0.0, 1.0],
                [0.999999, -0.001118, -0.001244, 0.0, 0.001233, -0.009227, 0.999942, 0.375166, -0.00113, -0.999974, -0.009217, -0.0, 0.0, 0.0, 0.0, 1.0],
                [0.999999, -0.001118, -0.001258, -0.0, 0.001233, -0.022424, 0.999733, 0.375166, -0.001146, -0.999765, -0.022414, -0.0, 0.0, 0.0, 0.0, 1.0],
                [0.999999, -0.001118, -0.001268, -0.0, 0.001233, -0.031152, 0.999499, 0.375166, -0.001157, -0.999531, -0.031142, -0.0, 0.0, 0.0, 0.0, 1.0],
                [0.999999, -0.001117, -0.001278, -0.0, 0.001232, -0.039965, 0.999186, 0.375166, -0.001168, -0.999217, -0.039955, -0.0, 0.0, 0.0, 0.0, 1.0],
                [0.999999, -0.001117, -0.00129, 0.0, 0.001232, -0.050412, 0.998713, 0.375166, -0.00118, -0.998745, -0.050402, -0.0, 0.0, 0.0, 0.0, 1.0],
                [0.999999, -0.001116, -0.001303, 0.0, 0.001231, -0.06233, 0.99804, 0.375166, -0.001195, -0.998071, -0.06232, -0.0, 0.0, 0.0, 0.0, 1.0],
                [0.999998, -0.001115, -0.001318, 0.0, 0.00123, -0.075552, 0.997127, 0.375166, -0.001211, -0.997157, -0.075542, -0.0, 0.0, 0.0, 0.0, 1.0],
                [0.999999, -0.001114, -0.001333, 0.0, 0.001228, -0.089271, 0.995992, 0.375166, -0.001228, -0.996022, -0.089262, -0.0, 0.0, 0.0, 0.0, 1.0],
                [0.999998, -0.001112, -0.001348, -0.0, 0.001227, -0.102284, 0.99474, 0.375166, -0.001244, -0.99477, -0.102274, -0.0, 0.0, 0.0, 0.0, 1.0],
                [0.999999, -0.001111, -0.00136, -0.0, 0.001225, -0.113017, 0.993578, 0.375166, -0.001258, -0.993608, -0.113007, -0.0, 0.0, 0.0, 0.0, 1.0],
                [0.999998, -0.00111, -0.001367, 0.0, 0.001224, -0.119473, 0.992823, 0.375166, -0.001266, -0.992852, -0.119464, 0.0, 0.0, 0.0, 0.0, 1.0],
                [0.999998, -0.00111, -0.001367, -0.0, 0.001225, -0.11923, 0.992852, 0.375166, -0.001265, -0.992881, -0.11922, 0.0, 0.0, 0.0, 0.0, 1.0],
                [0.999998, -0.001112, -0.001348, -0.0, 0.001227, -0.102231, 0.994746, 0.375166, -0.001244, -0.994775, -0.102222, 0.0, 0.0, 0.0, 0.0, 1.0],
                [0.999999, -0.001116, -0.001297, 0.0, 0.001231, -0.057249, 0.998345, 0.375166, -0.001189, -0.998376, -0.05724, -0.0, 0.0, 0.0, 0.0, 1.0],
                [0.999999, -0.001118, -0.001213, -0.0, 0.001233, 0.017691, 0.999828, 0.375166, -0.001096, -0.99986, 0.017701, 0.0, 0.0, 0.0, 0.0, 1.0],
                [0.999999, -0.00111, -0.001097, -0.0, 0.001224, 0.12156, 0.992568, 0.375166, -0.000968, -0.992602, 0.12157, 0.0, 0.0, 0.0, 0.0, 1.0],
                [0.999999, -0.001082, -0.000951, 0.0, 0.001193, 0.252187, 0.967662, 0.375166, -0.000807, -0.967698, 0.252199, -0.0, 0.0, 0.0, 0.0, 1.0],
                [0.999999, -0.001022, -0.00078, 0.0, 0.001127, 0.405546, 0.914057, 0.375167, -0.000618, -0.914095, 0.405558, 0.0, 0.0, 0.0, 0.0, 1.0],
                [0.999999, -0.000913, -0.000587, -0.0, 0.001007, 0.577538, 0.816345, 0.375166, -0.000406, -0.816382, 0.577551, -0.0, 0.0, 0.0, 0.0, 1.0],
                [1.0, -0.000721, -0.000378, -0.0, 0.000795, 0.764689, 0.644381, 0.375166, -0.000175, -0.644413, 0.764699, -0.0, 0.0, 0.0, 0.0, 1.0],
                [0.999999, -0.001113, -0.001121, -0.0, 0.001227, 0.100231, 0.994948, 0.375166, -0.000995, -0.994983, 0.100242, 0.0, 0.0, 0.0, 0.0, 1.0],
                [0.999998, -0.001044, -0.001633, -0.0, 0.001152, -0.357771, 0.933796, 0.375166, -0.00156, -0.933819, -0.35776, 0.0, 0.0, 0.0, 0.0, 1.0],
                [0.999998, -0.00105, -0.001617, -0.0, 0.001158, -0.343143, 0.93927, 0.375166, -0.001541, -0.939293, -0.343133, 0.0, 0.0, 0.0, 0.0, 1.0],
                [0.999998, -0.001083, -0.00151, -0.0, 0.001195, -0.247806, 0.968795, 0.375166, -0.001424, -0.968822, -0.247796, 0.0, 0.0, 0.0, 0.0, 1.0],
                [0.999998, -0.001104, -0.001413, -0.0, 0.001217, -0.160532, 0.987016, 0.375166, -0.001316, -0.987045, -0.160522, 0.0, 0.0, 0.0, 0.0, 1.0],
                [0.999999, -0.001112, -0.00135, -0.0, 0.001227, -0.104026, 0.994559, 0.375166, -0.001247, -0.99459, -0.104017, -0.0, 0.0, 0.0, 0.0, 1.0],
                [0.999998, -0.001118, -0.001263, -0.0, 0.001233, -0.02688, 0.999623, 0.375166, -0.001151, -0.999655, -0.02687, 0.0, 0.0, 0.0, 0.0, 1.0],
                [0.999999, -0.001116, -0.001166, 0.0, 0.001231, 0.060485, 0.998153, 0.375166, -0.001044, -0.998187, 0.060495, -0.0, 0.0, 0.0, 0.0, 1.0],
