{
    "animation": [
        {
            "name": "Root",
            "time": [0.0, 0.0167, 0.0333, 0.05, 0.0667, 0.0833, 0.1, 0.1167, 0.1333, 0.15, 0.1667, 0.1833, 0.2, 0.2167, 0.2333, 0.25, 0.2667, 0.2833, 0.3, 0.3167, 0.3333, 0.35, 0.3667, 0.3833, 0.4, 0.4167, 0.4333, 0.45, 0.4667, 0.4833, 0.5, 0.5167, 0.5333, 0.55, 0.5667, 0.5833, 0.6, 0.6167, 0.6333, 0.65, 0.6667, 0.6833, 0.7, 0.7167, 0.7333, 0.75, 0.7667, 0.7833, 0.8, 0.8167, 0.8333, 0.85, 0.8667, 0.8833, 0.9, 0.9167, 0.9333, 0.95, 0.9667, 0.9833, 1.0, 1.0167, 1.0333, 1.05, 1.0667, 1.0833, 1.1, 1.1167, 1.1333, 1.15, 1.1667, 1.1833, 1.2, 1.2167, 1.2333, 1.25, 1.2667, 1.2833, 1.3, 1.3167, 1.3333],
            "transform": [
                [1.0, 0.0, -0.0, 0.066254, -0.0, 0.0, -1.0, -0.010443, 0.0, 1.0, 0.0, 0.505662, 0.0, 0.0, 0.0, 1.0],
                [1.0, 0.0, -0.0, 0.066396, -0.0, 0.0, -1.0, -0.010678, 0.0, 1.0, 0.0, 0.50565, 0.0, 0.0, 0.0, 1.0],
                [1.0, 0.0, -0.0, 0.066898, -0.0, 0.0, -1.0, -0.0116, 0.0, 1.0, 0.0, 0.505552, 0.0, 0.0, 0.0, 1.0],
                [1.0, 0.0, -0.0, 0.067883, -0.0, 0.0, -1.0, -0.0136, 0.0, 1.0, 0.0, 0.505249, 0.0, 0.0, 0.0, 1.0],
                [1.0, 0.0, -0.0, 0.06947, -0.0, 0.0, -1.0, -0.017107, 0.0, 1.0, 0.0, 0.504592, 0.0, 0.0, 0.0, 1.0],
                [1.0, 0.0, -0.0, 0.07173, -0.0, 0.0, -1.0, -0.022471, 0.0, 1.0, 0.0, 0.503438, 0.0, 0.0, 0.0, 1.0],
                [1.0, 0.0, -0.0, 0.074656, -0.0, 0.0, -1.0, -0.02984, 0.0, 1.0, 0.0, 0.501694, 0.0, 0.0, 0.0, 1.0],
                [1.0, 0.0, -0.0, 0.078163, -0.0, 0.0, -1.0, -0.039116, 0.0, 1.0, 0.0, 0.499341, 0.0, 0.0, 0.0, 1.0],
                [1.0, 0.0, -0.0, 0.082126, -0.0, 0.0, -1.0, -0.050024, 0.0, 1.0, 0.0, 0.49643, 0.0, 0.0, 0.0, 1.0],
                [1.0, 0.0, -0.0, 0.086418, -0.0, 0.0, -1.0, -0.062231, 0.0, 1.0, 0.0, 0.493046, 0.0, 0.0, 0.0, 1.0],
                [1.0, 0.0, -0.0, 0.093475, -0.0, 0.0, -1.0, -0.083132, 0.0, 1.0, 0.0, 0.483038, 0.0, 0.0, 0.0, 1.0],
                [1.0, 0.0, -0.0, 0.102414, -0.0, 0.0, -1.0, -0.109819, 0.0, 1.0, 0.0, 0.470644, 0.0, 0.0, 0.0, 1.0],
                [1.0, 0.0, -0.0, 0.111654, -0.0, 0.0, -1.0, -0.137496, 0.0, 1.0, 0.0, 0.456812, 0.0, 0.0, 0.0, 1.0],
                [1.0, 0.0, -0.0, 0.12004, -0.0, 0.0, -1.0, -0.162663, 0.0, 1.0, 0.0, 0.442247, 0.0, 0.0, 0.0, 1.0],
                [1.0, 0.0, -0.0, 0.126722, -0.0, 0.0, -1.0, -0.182738, 0.0, 1.0, 0.0, 0.427484, 0.0, 0.0, 0.0, 1.0],
                [1.0, 0.0, -0.0, 0.131065, -0.0, 0.0, -1.0, -0.1958, 0.0, 1.0, 0.0, 0.412929, 0.0, 0.0, 0.0, 1.0],
                [1.0, 0.0, -0.0, 0.132597, -0.0, 0.0, -1.0, -0.20041, 0.0, 1.0, 0.0, 0.398896, 0.0, 0.0, 0.0, 1.0],
                [1.0, 0.0, -0.0, 0.132103, -0.0, 0.0, -1.0, -0.198182, 0.0, 1.0, 0.0, 0.384107, 0.0, 0.0, 0.0, 1.0],
                [1.0, 0.0, -0.0, 0.130186, -0.0, 0.0, -1.0, -0.191184, 0.0, 1.0, 0.0, 0.368352, 0.0, 0.0, 0.0, 1.0],
                [1.0, 0.0, -0.0, 0.126296, -0.0, 0.0, -1.0, -0.179336, 0.0, 1.0, 0.0, 0.352739, 0.0, 0.0, 0.0, 1.0],
                [1.0, 0.0, -0.0, 0.120128, -0.0, 0.0, -1.0, -0.163075, 0.0, 1.0, 0.0, 0.33829, 0.0, 0.0, 0.0, 1.0],
                [1.0, 0.0, -0.0, 0.111649, -0.0, 0.0, -1.0, -0.143173, 0.0, 1.0, 0.0, 0.325718, 0.0, 0.0, 0.0, 1.0],
                [1.0, 0.0, -0.0, 0.101031, -0.0, 0.0, -1.0, -0.120488, 0.0, 1.0, 0.0, 0.315375, 0.0, 0.0, 0.0, 1.0],
                [1.0, 0.0, -0.0, 0.08193, -0.0, 0.0, -1.0, -0.100423, 0.0, 1.0, 0.0, 0.308158, 0.0, 0.0, 0.0, 1.0],
                [1.0, 0.0, -0.0, 0.056792, -0.0, 0.0, -1.0, -0.086657, 0.0, 1.0, 0.0, 0.30214, 0.0, 0.0, 0.0, 1.0],
                [1.0, 0.0, -0.0, 0.0364, -0.0, 0.0, -1.0, -0.053169, 0.0, 1.0, 0.0, 0.298581, 0.0, 0.0, 0.0, 1.0],
                [1.0, 0.0, -0.0, 0.029276, -0.0, 0.0, -1.0, 0.016688, 0.0, 1.0, 0.0, 0.297569, 0.0, 0.0, 0.0, 1.0],
                [1.0, 0.0, -0.0, 0.07131, -0.0, 0.0, -1.0, 0.180989, 0.0, 1.0, 0.0, 0.311951, 0.0, 0.0, 0.0, 1.0],
                [1.0, 0.0, -0.0, 0.161257, -0.0, 0.0, -1.0, 0.401142, 0.0, 1.0, 0.0, 0.350034, 0.0, 0.0, 0.0, 1.0],
                [1.0, 0.0, -0.0, 0.203291, -0.0, 0.0, -1.0, 0.659431, 0.0, 1.0, 0.0, 0.386943, 0.0, 0.0, 0.0, 1.0],
                [1.0, 0.0, -0.0, 0.201689, -0.0, 0.0, -1.0, 0.968444, 0.0, 1.0, 0.0, 0.419938, 0.0, 0.0, 0.0, 1.0],
                [1.0, 0.0, -0.0, 0.193107, -0.0, 0.0, -1.0, 1.301334, 0.0, 1.0, 0.0, 0.450075, 0.0, 0.0, 0.0, 1.0],
                [1.0, 0.0, -0.0, 0.175616, -0.0, 0.0, -1.0, 1.606656, 0.0, 1.0, 0.0, 0.474375, 0.0, 0.0, 0.0, 1.0],
                [1.0, 0.0, -0.0, 0.141847, -0.0, 0.0, -1.0, 1.904573, 0.0, 1.0, 0.0, 0.494573, 0.0, 0.0, 0.0, 1.0],
                [1.0, 0.0, -0.0, 0.096754, -0.0, 0.0, -1.0, 2.213315, 0.0, 1.0, 0.0, 0.513964, 0.0, 0.0, 0.0, 1.0],
                [1.0, 0.0, -0.0, 0.059707, -0.0, 0.0, -1.0, 2.459979, 0.0, 1.0, 0.0, 0.526964, 0.0, 0.0, 0.0, 1.0],
                [1.0, 0.0, -0.0, 0.04625, -0.0, 0.0, -1.0, 2.60118, 0.0, 1.0, 0.0, 0.531028, 0.0, 0.0, 0.0, 1.0],
                [1.0, 0.0, -0.0, 0.045194, -0.0, 0.0, -1.0, 2.670983, 0.0, 1.0, 0.0, 0.526732, 0.0, 0.0, 0.0, 1.0],
                [1.0, 0.0, -0.0, 0.044646, -0.0, 0.0, -1.0, 2.72117, 0.0, 1.0, 0.0, 0.518368, 0.0, 0.0, 0.0, 1.0],
                [1.0, 0.0, -0.0, 0.044327, -0.0, 0.0, -1.0, 2.761911, 0.0, 1.0, 0.0, 0.508621, 0.0, 0.0, 0.0, 1.0],
                [1.0, 0.0, -0.0, 0.044133, -0.0, 0.0, -1.0, 2.797026, 0.0, 1.0, 0.0, 0.498528, 0.0, 0.0, 0.0, 1.0],
                [1.0, 0.0, -0.0, 0.044009, -0.0, 0.0, -1.0, 2.828474, 0.0, 1.0, 0.0, 0.488664, 0.0, 0.0, 0.0, 1.0],
                [1.0, 0.0, -0.0, 0.04392, -0.0, 0.0, -1.0, 2.857447, 0.0, 1.0, 0.0, 0.479424, 0.0, 0.0, 0.0, 1.0],
                [1.0, 0.0, -0.0, 0.04384, -0.0, 0.0, -1.0, 2.884759, 0.0, 1.0, 0.0, 0.471128, 0.0, 0.0, 0.0, 1.0],
                [1.0, 0.0, -0.0, 0.04375, -0.0, 0.0, -1.0, 2.911025, 0.0, 1.0, 0.0, 0.464076, 0.0, 0.0, 0.0, 1.0],
                [1.0, 0.0, -0.0, 0.043632, -0.0, 0.0, -1.0, 2.936754, 0.0, 1.0, 0.0, 0.458574, 0.0, 0.0, 0.0, 1.0],
                [1.0, 0.0, -0.0, 0.043466, -0.0, 0.0, -1.0, 2.962401, 0.0, 1.0, 0.0, 0.454966, 0.0, 0.0, 0.0, 1.0],
                [1.0, 0.0, -0.0, 0.043234, -0.0, 0.0, -1.0, 2.988417, 0.0, 1.0, 0.0, 0.453657, 0.0, 0.0, 0.0, 1.0],
                [1.0, 0.0, -0.0, 0.042967, -0.0, 0.0, -1.0, 3.012479, 0.0, 1.0, 0.0, 0.455682, 0.0, 0.0, 0.0, 1.0],
                [1.0, 0.0, -0.0, 0.042688, -0.0, 0.0, -1.0, 3.03766, 0.0, 1.0, 0.0, 0.459302, 0.0, 0.0, 0.0, 1.0],
                [1.0, 0.0, -0.0, 0.042407, -0.0, 0.0, -1.0, 3.062567, 0.0, 1.0, 0.0, 0.463504, 0.0, 0.0, 0.0, 1.0],
                [1.0, 0.0, -0.0, 0.042124, -0.0, 0.0, -1.0, 3.086806, 0.0, 1.0, 0.0, 0.468003, 0.0, 0.0, 0.0, 1.0],
                [1.0, 0.0, -0.0, 0.041842, -0.0, 0.0, -1.0, 3.110177, 0.0, 1.0, 0.0, 0.472667, 0.0, 0.0, 0.0, 1.0],
                [1.0, 0.0, -0.0, 0.041561, -0.0, 0.0, -1.0, 3.13254, 0.0, 1.0, 0.0, 0.477422, 0.0, 0.0, 0.0, 1.0],
                [1.0, 0.0, -0.0, 0.041281, -0.0, 0.0, -1.0, 3.153771, 0.0, 1.0, 0.0, 0.482218, 0.0, 0.0, 0.0, 1.0],
                [1.0, 0.0, -0.0, 0.041003, -0.0, 0.0, -1.0, 3.173753, 0.0, 1.0, 0.0, 0.487018, 0.0, 0.0, 0.0, 1.0],
                [1.0, 0.0, -0.0, 0.040728, -0.0, 0.0, -1.0, 3.192359, 0.0, 1.0, 0.0, 0.491792, 0.0, 0.0, 0.0, 1.0],
                [1.0, 0.0, -0.0, 0.040454, -0.0, 0.0, -1.0, 3.20945, 0.0, 1.0, 0.0, 0.496515, 0.0, 0.0, 0.0, 1.0],
                [1.0, 0.0, -0.0, 0.040184, -0.0, 0.0, -1.0, 3.224864, 0.0, 1.0, 0.0, 0.501163, 0.0, 0.0, 0.0, 1.0],
                [1.0, 0.0, -0.0, 0.039917, -0.0, 0.0, -1.0, 3.238413, 0.0, 1.0, 0.0, 0.50571, 0.0, 0.0, 0.0, 1.0],
                [1.0, 0.0, -0.0, 0.039653, -0.0, 0.0, -1.0, 3.249872, 0.0, 1.0, 0.0, 0.510131, 0.0, 0.0, 0.0, 1.0],
                [1.0, 0.0, -0.0, 0.039394, -0.0, 0.0, -1.0, 3.258965, 0.0, 1.0, 0.0, 0.514396, 0.0, 0.0, 0.0, 1.0],
                [1.0, 0.0, -0.0, 0.039141, -0.0, 0.0, -1.0, 3.265348, 0.0, 1.0, 0.0, 0.518472, 0.0, 0.0, 0.0, 1.0],
                [1.0, 0.0, -0.0, 0.038893, -0.0, 0.0, -1.0, 3.268585, 0.0, 1.0, 0.0, 0.522318, 0.0, 0.0, 0.0, 1.0],
                [1.0, 0.0, -0.0, 0.038609, -0.0, 0.0, -1.0, 3.270055, 0.0, 1.0, 0.0, 0.526482, 0.0, 0.0, 0.0, 1.0],
                [1.0, 0.0, -0.0, 0.038295, -0.0, 0.0, -1.0, 3.271163, 0.0, 1.0, 0.0, 0.531028, 0.0, 0.0, 0.0, 1.0],
                [1.0, 0.0, -0.0, 0.037979, -0.0, 0.0, -1.0, 3.272113, 0.0, 1.0, 0.0, 0.535585, 0.0, 0.0, 0.0, 1.0],
                [1.0, 0.0, -0.0, 0.037669, -0.0, 0.0, -1.0, 3.27296, 0.0, 1.0, 0.0, 0.540055, 0.0, 0.0, 0.0, 1.0],
                [1.0, 0.0, -0.0, 0.037368, -0.0, 0.0, -1.0, 3.273727, 0.0, 1.0, 0.0, 0.544391, 0.0, 0.0, 0.0, 1.0],
                [1.0, 0.0, -0.0, 0.037078, -0.0, 0.0, -1.0, 3.27443, 0.0, 1.0, 0.0, 0.54856, 0.0, 0.0, 0.0, 1.0],
                [1.0, 0.0, -0.0, 0.036801, -0.0, 0.0, -1.0, 3.275073, 0.0, 1.0, 0.0, 0.552538, 0.0, 0.0, 0.0, 1.0],
                [1.0, 0.0, -0.0, 0.036539, -0.0, 0.0, -1.0, 3.275662, 0.0, 1.0, 0.0, 0.556301, 0.0, 0.0, 0.0, 1.0],
                [1.0, 0.0, -0.0, 0.036293, -0.0, 0.0, -1.0, 3.276198, 0.0, 1.0, 0.0, 0.559828, 0.0, 0.0, 0.0, 1.0],
                [1.0, 0.0, -0.0, 0.036065, -0.0, 0.0, -1.0, 3.276683, 0.0, 1.0, 0.0, 0.563093, 0.0, 0.0, 0.0, 1.0],
                [1.0, 0.0, -0.0, 0.035858, -0.0, 0.0, -1.0, 3.277116, 0.0, 1.0, 0.0, 0.566069, 0.0, 0.0, 0.0, 1.0],
                [1.0, 0.0, -0.0, 0.035672, -0.0, 0.0, -1.0, 3.277495, 0.0, 1.0, 0.0, 0.568725, 0.0, 0.0, 0.0, 1.0],
                [1.0, 0.0, -0.0, 0.035512, -0.0, 0.0, -1.0, 3.277817, 0.0, 1.0, 0.0, 0.571026, 0.0, 0.0, 0.0, 1.0],
                [1.0, 0.0, -0.0, 0.035379, -0.0, 0.0, -1.0, 3.27808, 0.0, 1.0, 0.0, 0.572927, 0.0, 0.0, 0.0, 1.0],
                [1.0, 0.0, -0.0, 0.035278, -0.0, 0.0, -1.0, 3.278277, 0.0, 1.0, 0.0, 0.574376, 0.0, 0.0, 0.0, 1.0],
                [1.0, 0.0, -0.0, 0.035213, -0.0, 0.0, -1.0, 3.278403, 0.0, 1.0, 0.0, 0.575309, 0.0, 0.0, 0.0, 1.0],
                [1.0, 0.0, -0.0, 0.035189, -0.0, 0.0, -1.0, 3.278447, 0.0, 1.0, 0.0, 0.575642, 0.0, 0.0, 0.0, 1.0]
            ]
        },
        {
            "name": "Thigh_R",
            "time": [0.0, 0.0167, 0.0333, 0.05, 0.0667, 0.0833, 0.1, 0.1167, 0.1333, 0.15, 0.1667, 0.1833, 0.2, 0.2167, 0.2333, 0.25, 0.2667, 0.2833, 0.3, 0.3167, 0.3333, 0.35, 0.3667, 0.3833, 0.4, 0.4167, 0.4333, 0.45, 0.4667, 0.4833, 0.5, 0.5167, 0.5333, 0.55, 0.5667, 0.5833, 0.6, 0.6167, 0.6333, 0.65, 0.6667, 0.6833, 0.7, 0.7167, 0.7333, 0.75, 0.7667, 0.7833, 0.8, 0.8167, 0.8333, 0.85, 0.8667, 0.8833, 0.9, 0.9167, 0.9333, 0.95, 0.9667, 0.9833, 1.0, 1.0167, 1.0333, 1.05, 1.0667, 1.0833, 1.1, 1.1167, 1.1333, 1.15, 1.1667, 1.1833, 1.2, 1.2167, 1.2333, 1.25, 1.2667, 1.2833, 1.3, 1.3167, 1.3333],
            "transform": [
                [0.864545, 0.0972, -0.493052, 0.102848, 0.477072, -0.467189, 0.744388, 0.010988, -0.158001, -0.878791, -0.450247, -0.071973, 0.0, 0.0, 0.0, 1.0],
                [0.864588, 0.09701, -0.493014, 0.102848, 0.476974, -0.467088, 0.744514, 0.010988, -0.158062, -0.878866, -0.450079, -0.071973, 0.0, 0.0, 0.0, 1.0],
                [0.864716, 0.096325, -0.492923, 0.102848, 0.47668, -0.46661, 0.745002, 0.010988, -0.158247, -0.879195, -0.449372, -0.071973, 0.0, 0.0, 0.0, 1.0],
                [0.864925, 0.094953, -0.492823, 0.102848, 0.476202, -0.465437, 0.74604, 0.010988, -0.158546, -0.879965, -0.447755, -0.071973, 0.0, 0.0, 0.0, 1.0],
                [0.865193, 0.092723, -0.492777, 0.102848, 0.475586, -0.46322, 0.747811, 0.010988, -0.158932, -0.881372, -0.444842, -0.071973, 0.0, 0.0, 0.0, 1.0],
                [0.865488, 0.089556, -0.492845, 0.102848, 0.474908, -0.459681, 0.750421, 0.010988, -0.159354, -0.88355, -0.440349, -0.071973, 0.0, 0.0, 0.0, 1.0],
                [0.865769, 0.085536, -0.493066, 0.102848, 0.47426, -0.454765, 0.753818, 0.010988, -0.159757, -0.886488, -0.434257, -0.071973, 0.0, 0.0, 0.0, 1.0],
                [0.866001, 0.080905, -0.493438, 0.102848, 0.473722, -0.448674, 0.757795, 0.010988, -0.16009, -0.890019, -0.426849, -0.071973, 0.0, 0.0, 0.0, 1.0],
                [0.866165, 0.075989, -0.493932, 0.102848, 0.473344, -0.44181, 0.762052, 0.010988, -0.160323, -0.893878, -0.41862, -0.071973, 0.0, 0.0, 0.0, 1.0],
                [0.866251, 0.071119, -0.494505, 0.102848, 0.473145, -0.434645, 0.766283, 0.010988, -0.160444, -0.897783, -0.410132, -0.071973, 0.0, 0.0, 0.0, 1.0],
                [0.865228, 0.060647, -0.497681, 0.102848, 0.475517, -0.413945, 0.776211, 0.010988, -0.158945, -0.908273, -0.386967, -0.071973, 0.0, 0.0, 0.0, 1.0],
                [0.863975, 0.049983, -0.501031, 0.102848, 0.47839, -0.391988, 0.785785, 0.010988, -0.157128, -0.918606, -0.362551, -0.071973, 0.0, 0.0, 0.0, 1.0],
                [0.8624, 0.040882, -0.504558, 0.102848, 0.481956, -0.371237, 0.793642, 0.010988, -0.154872, -0.927633, -0.339831, -0.071973, 0.0, 0.0, 0.0, 1.0],
                [0.86042, 0.033518, -0.508464, 0.102848, 0.486365, -0.35179, 0.799786, 0.010988, -0.152073, -0.935474, -0.318963, -0.071973, 0.0, 0.0, 0.0, 1.0],
                [0.857958, 0.026495, -0.513019, 0.102848, 0.491749, -0.331298, 0.805226, 0.010988, -0.148634, -0.94315, -0.297243, -0.071973, 0.0, 0.0, 0.0, 1.0],
                [0.854921, 0.017727, -0.518436, 0.102848, 0.498239, -0.306355, 0.811089, 0.010988, -0.144454, -0.951748, -0.270718, -0.071973, 0.0, 0.0, 0.0, 1.0],
                [0.851203, 0.005589, -0.524788, 0.102848, 0.50598, -0.274361, 0.817723, 0.010988, -0.139417, -0.961606, -0.236341, -0.071973, 0.0, 0.0, 0.0, 1.0],
                [0.846553, -0.010609, -0.53218, 0.102848, 0.515358, -0.233929, 0.824405, 0.010988, -0.133245, -0.972191, -0.192542, -0.071973, 0.0, 0.0, 0.0, 1.0],
                [0.840865, -0.029013, -0.540449, 0.102848, 0.526403, -0.188405, 0.829074, 0.010988, -0.125883, -0.981657, -0.143127, -0.071973, 0.0, 0.0, 0.0, 1.0],
                [0.834012, -0.046962, -0.549725, 0.102848, 0.53914, -0.142405, 0.830066, 0.010988, -0.117271, -0.988687, -0.093425, -0.071973, 0.0, 0.0, 0.0, 1.0],
                [0.825951, -0.061944, -0.560309, 0.102848, 0.553404, -0.100383, 0.826819, 0.010988, -0.107467, -0.993011, -0.048608, -0.071973, 0.0, 0.0, 0.0, 1.0],
                [0.816718, -0.072165, -0.572487, 0.102848, 0.568889, -0.065437, 0.819784, 0.010988, -0.096627, -0.995235, -0.012366, -0.071973, 0.0, 0.0, 0.0, 1.0],
                [0.806407, -0.076251, -0.586406, 0.102848, 0.585227, -0.03956, 0.809881, 0.010988, -0.084956, -0.996294, 0.012746, -0.071973, 0.0, 0.0, 0.0, 1.0],
                [0.790527, -0.060955, -0.609367, 0.102848, 0.608663, -0.031946, 0.792764, 0.010988, -0.067794, -0.997619, 0.011871, -0.071973, 0.0, 0.0, 0.0, 1.0],
                [0.769321, -0.029907, -0.638143, 0.102848, 0.637195, -0.036195, 0.769832, 0.010988, -0.046124, -0.998886, -0.008765, -0.071973, 0.0, 0.0, 0.0, 1.0],
                [0.752812, -0.004724, -0.658201, 0.102848, 0.657549, -0.040279, 0.752315, 0.010988, -0.030068, -0.999166, -0.027191, -0.071973, 0.0, 0.0, 0.0, 1.0],
                [0.748487, 0.01083, -0.663044, 0.102848, 0.662641, -0.051356, 0.747157, 0.010988, -0.025962, -0.998608, -0.045591, -0.071973, 0.0, 0.0, 0.0, 1.0],
                [0.811246, 0.044985, -0.58296, 0.102848, 0.580764, -0.177548, 0.794461, 0.010988, -0.067768, -0.983065, -0.170138, -0.071973, 0.0, 0.0, 0.0, 1.0],
                [0.940474, 0.058927, -0.334713, 0.102848, 0.291478, -0.646324, 0.705188, 0.010988, -0.174786, -0.760758, -0.62501, -0.071973, 0.0, 0.0, 0.0, 1.0],
                [0.971609, -0.029555, -0.234733, 0.102848, -0.000123, -0.992216, 0.124444, 0.010988, -0.236593, -0.120857, -0.964036, -0.071973, 0.0, 0.0, 0.0, 1.0],
                [0.975129, 0.033533, -0.219081, 0.100459, -0.077889, -0.873589, -0.480353, 0.010988, -0.207502, 0.485501, -0.849232, -0.071973, 0.0, 0.0, 0.0, 1.0],
                [0.99219, 0.123783, -0.01537, 0.094659, 0.062074, -0.596885, -0.799892, 0.010988, -0.108192, 0.792722, -0.599882, -0.071973, 0.0, 0.0, 0.0, 1.0],
                [0.982563, 0.16278, 0.089845, 0.090145, 0.181087, -0.728227, -0.660949, 0.010988, -0.042164, 0.665724, -0.744982, -0.071973, 0.0, 0.0, 0.0, 1.0],
                [0.964453, 0.263637, 0.01801, 0.087535, 0.263852, -0.956981, -0.120628, 0.010988, -0.014568, 0.121119, -0.992502, -0.071973, 0.0, 0.0, 0.0, 1.0],
                [0.941848, 0.307716, -0.135025, 0.085785, 0.335303, -0.834005, 0.438178, 0.010988, 0.022223, -0.457955, -0.888658, -0.071973, 0.0, 0.0, 0.0, 1.0],
                [0.931398, 0.278203, -0.234733, 0.085004, 0.359508, -0.602032, 0.712949, 0.010988, 0.05703, -0.748424, -0.660718, -0.071972, 0.0, 0.0, 0.0, 1.0],
                [0.93309, 0.262777, -0.245539, 0.084843, 0.352505, -0.532903, 0.769243, 0.010988, 0.071293, -0.804328, -0.589845, -0.071973, 0.0, 0.0, 0.0, 1.0],
                [0.93928, 0.246823, -0.23839, 0.084843, 0.333968, -0.497883, 0.800347, 0.010988, 0.078856, -0.831368, -0.550051, -0.071972, 0.0, 0.0, 0.0, 1.0],
                [0.945398, 0.231353, -0.229558, 0.084843, 0.314115, -0.458959, 0.831061, 0.010988, 0.086914, -0.857796, -0.50654, -0.071972, 0.0, 0.0, 0.0, 1.0],
                [0.951347, 0.216361, -0.219377, 0.084843, 0.293398, -0.418632, 0.859439, 0.010988, 0.094114, -0.881995, -0.461714, -0.071972, 0.0, 0.0, 0.0, 1.0],
                [0.957047, 0.202341, -0.207648, 0.084843, 0.272061, -0.379182, 0.884405, 0.010988, 0.100218, -0.902917, -0.417915, -0.071973, 0.0, 0.0, 0.0, 1.0],
                [0.962419, 0.189622, -0.194402, 0.084843, 0.25035, -0.342106, 0.905679, 0.010988, 0.105234, -0.920319, -0.376692, -0.071972, 0.0, 0.0, 0.0, 1.0],
                [0.967386, 0.178399, -0.179828, 0.084843, 0.228532, -0.308451, 0.92336, 0.010988, 0.109262, -0.934351, -0.339132, -0.071973, 0.0, 0.0, 0.0, 1.0],
                [0.97188, 0.168764, -0.16422, 0.084843, 0.2069, -0.279004, 0.937715, 0.010988, 0.112439, -0.945333, -0.306048, -0.071973, 0.0, 0.0, 0.0, 1.0],
                [0.975847, 0.160737, -0.147936, 0.084843, 0.185785, -0.25441, 0.949062, 0.010988, 0.114917, -0.953635, -0.278099, -0.071972, 0.0, 0.0, 0.0, 1.0],
                [0.979253, 0.154285, -0.131374, 0.084843, 0.165555, -0.235275, 0.957703, 0.010988, 0.116854, -0.959594, -0.255909, -0.071973, 0.0, 0.0, 0.0, 1.0],
                [0.98208, 0.149346, -0.11495, 0.084843, 0.146625, -0.222292, 0.963869, 0.010988, 0.118402, -0.963463, -0.240179, -0.071972, 0.0, 0.0, 0.0, 1.0],
                [0.984333, 0.145856, -0.099071, 0.084843, 0.129458, -0.21638, 0.967666, 0.010988, 0.119707, -0.965342, -0.231844, -0.071973, 0.0, 0.0, 0.0, 1.0],
                [0.986809, 0.140157, -0.081012, 0.086591, 0.110772, -0.219677, 0.969241, 0.011176, 0.118054, -0.965442, -0.232277, -0.067066, 0.0, 0.0, 0.0, 1.0],
                [0.989053, 0.133438, -0.062987, 0.089624, 0.092504, -0.22815, 0.969199, 0.011501, 0.114962, -0.964428, -0.237968, -0.058548, 0.0, 0.0, 0.0, 1.0],
                [0.990793, 0.126945, -0.047047, 0.093038, 0.076577, -0.238935, 0.967989, 0.011867, 0.111644, -0.962692, -0.246428, -0.048962, 0.0, 0.0, 0.0, 1.0],
                [0.992063, 0.12103, -0.034086, 0.096576, 0.063818, -0.251096, 0.965834, 0.012247, 0.108339, -0.960356, -0.256799, -0.039027, 0.0, 0.0, 0.0, 1.0],
                [0.99295, 0.115914, -0.024767, 0.100119, 0.054868, -0.264284, 0.962861, 0.012627, 0.105067, -0.957444, -0.268753, -0.029078, 0.0, 0.0, 0.0, 1.0],
                [0.993533, 0.11182, -0.019693, 0.103594, 0.050367, -0.278625, 0.959057, 0.013, 0.101759, -0.953858, -0.282427, -0.019318, 0.0, 0.0, 0.0, 1.0],
                [0.993963, 0.108425, -0.016785, 0.106951, 0.048195, -0.294054, 0.954552, 0.01336, 0.098565, -0.949608, -0.297476, -0.009892, 0.0, 0.0, 0.0, 1.0],
                [0.994353, 0.105244, -0.013666, 0.110147, 0.045855, -0.309943, 0.949628, 0.013703, 0.09571, -0.944902, -0.31299, -0.000917, 0.0, 0.0, 0.0, 1.0],
                [0.994699, 0.102294, -0.010469, 0.113145, 0.043465, -0.326013, 0.944345, 0.014025, 0.093191, -0.939804, -0.328702, 0.007502, 0.0, 0.0, 0.0, 1.0],
                [0.995001, 0.099598, -0.007311, 0.115908, 0.041131, -0.342011, 0.938776, 0.014321, 0.091003, -0.934392, -0.344369, 0.01526, 0.0, 0.0, 0.0, 1.0],
                [0.995257, 0.097186, -0.004292, 0.118398, 0.038951, -0.357697, 0.933006, 0.014588, 0.089143, -0.928756, -0.359757, 0.022251, 0.0, 0.0, 0.0, 1.0],
                [0.995467, 0.095098, -0.001507, 0.120572, 0.037019, -0.372839, 0.927138, 0.014821, 0.08761, -0.922999, -0.374641, 0.028355, 0.0, 0.0, 0.0, 1.0],
                [0.99563, 0.093384, 0.000962, 0.122382, 0.035426, -0.38721, 0.921292, 0.015016, 0.08641, -0.917239, -0.388796, 0.033437, 0.0, 0.0, 0.0, 1.0],
                [0.995744, 0.092112, 0.003032, 0.123771, 0.034266, -0.400574, 0.915605, 0.015165, 0.085556, -0.911611, -0.401996, 0.037339, 0.0, 0.0, 0.0, 1.0],
                [0.995807, 0.091365, 0.00462, 0.124671, 0.03364, -0.412692, 0.910231, 0.015261, 0.085074, -0.906266, -0.414005, 0.039865, 0.0, 0.0, 0.0, 1.0],
                [0.995812, 0.091251, 0.005641, 0.124994, 0.033659, -0.423302, 0.905345, 0.015296, 0.085004, -0.90137, -0.424571, 0.040773, 0.0, 0.0, 0.0, 1.0],
                [0.995783, 0.091511, 0.006437, 0.124994, 0.034076, -0.434136, 0.900185, 0.015296, 0.085174, -0.896177, -0.435393, 0.040773, 0.0, 0.0, 0.0, 1.0],
                [0.995756, 0.091735, 0.007339, 0.124994, 0.034465, -0.445682, 0.89451, 0.015296, 0.085332, -0.890468, -0.446922, 0.040773, 0.0, 0.0, 0.0, 1.0],
                [0.995731, 0.091932, 0.008263, 0.124994, 0.034831, -0.457154, 0.888688, 0.015296, 0.08548, -0.884613, -0.458375, 0.040773, 0.0, 0.0, 0.0, 1.0],
                [0.995707, 0.092104, 0.009187, 0.124994, 0.035175, -0.468345, 0.882828, 0.015296, 0.085618, -0.878722, -0.469543, 0.040773, 0.0, 0.0, 0.0, 1.0],
                [0.995684, 0.092253, 0.010099, 0.124994, 0.035498, -0.479154, 0.876996, 0.015296, 0.085748, -0.872859, -0.48033, 0.040773, 0.0, 0.0, 0.0, 1.0],
                [0.995663, 0.092381, 0.01099, 0.124994, 0.0358, -0.489517, 0.871242, 0.015296, 0.085869, -0.867076, -0.490671, 0.040773, 0.0, 0.0, 0.0, 1.0],
                [0.995643, 0.092489, 0.011854, 0.124994, 0.036082, -0.499382, 0.865614, 0.015296, 0.085982, -0.861421, -0.500512, 0.040773, 0.0, 0.0, 0.0, 1.0],
                [0.995625, 0.092577, 0.012691, 0.124994, 0.036343, -0.508786, 0.860109, 0.015296, 0.086087, -0.855891, -0.509894, 0.040773, 0.0, 0.0, 0.0, 1.0],
                [0.995607, 0.092651, 0.013477, 0.124994, 0.036584, -0.51749, 0.85489, 0.015296, 0.086183, -0.850649, -0.518575, 0.040773, 0.0, 0.0, 0.0, 1.0],
                [0.995592, 0.092709, 0.014214, 0.124994, 0.036803, -0.525554, 0.849947, 0.015296, 0.086271, -0.845684, -0.526618, 0.040773, 0.0, 0.0, 0.0, 1.0],
                [0.995578, 0.092753, 0.014894, 0.124994, 0.036999, -0.532899, 0.845353, 0.015296, 0.086349, -0.841071, -0.533942, 0.040773, 0.0, 0.0, 0.0, 1.0],
                [0.995565, 0.092786, 0.015507, 0.124994, 0.037173, -0.539449, 0.841181, 0.015296, 0.086419, -0.836881, -0.540474, 0.040773, 0.0, 0.0, 0.0, 1.0],
                [0.995554, 0.09281, 0.016043, 0.124994, 0.037321, -0.545119, 0.837511, 0.015296, 0.086478, -0.833196, -0.546128, 0.040773, 0.0, 0.0, 0.0, 1.0],
                [0.995546, 0.092826, 0.016489, 0.124994, 0.037442, -0.549802, 0.834439, 0.015296, 0.086526, -0.830112, -0.550797, 0.040773, 0.0, 0.0, 0.0, 1.0],
                [0.995539, 0.092835, 0.016831, 0.124994, 0.037534, -0.553372, 0.832072, 0.015296, 0.086563, -0.827735, -0.554356, 0.040773, 0.0, 0.0, 0.0, 1.0],
                [0.995535, 0.092841, 0.017052, 0.124994, 0.037592, -0.555667, 0.830538, 0.015296, 0.086586, -0.826196, -0.556644, 0.040773, 0.0, 0.0, 0.0, 1.0],
                [0.995533, 0.092842, 0.017131, 0.124994, 0.037613, -0.556487, 0.829988, 0.015296, 0.086594, -0.825643, -0.557462, 0.040773, 0.0, 0.0, 0.0, 1.0]
            ]
        },
        {
            "name": "Leg_R",
            "time": [0.0, 0.0167, 0.0333, 0.05, 0.0667, 0.0833, 0.1, 0.1167, 0.1333, 0.15, 0.1667, 0.1833, 0.2, 0.2167, 0.2333, 0.25, 0.2667, 0.2833, 0.3, 0.3167, 0.3333, 0.35, 0.3667, 0.3833, 0.4, 0.4167, 0.4333, 0.45, 0.4667, 0.4833, 0.5, 0.5167, 0.5333, 0.55, 0.5667, 0.5833, 0.6, 0.6167, 0.6333, 0.65, 0.6667, 0.6833, 0.7, 0.7167, 0.7333, 0.75, 0.7667, 0.7833, 0.8, 0.8167, 0.8333, 0.85, 0.8667, 0.8833, 0.9, 0.9167, 0.9333, 0.95, 0.9667, 0.9833, 1.0, 1.0167, 1.0333, 1.05, 1.0667, 1.0833, 1.1, 1.1167, 1.1333, 1.15, 1.1667, 1.1833, 1.2, 1.2167, 1.2333, 1.25, 1.2667, 1.2833, 1.3, 1.3167, 1.3333],
            "transform": [
                [0.999999, -0.000965, -0.000668, 0.0, 0.001064, 0.505645, 0.862723, 0.375166, -0.000495, -0.862761, 0.505658, -0.0, 0.0, 0.0, 0.0, 1.0],
                [0.999999, -0.000964, -0.000668, -0.0, 0.001064, 0.505968, 0.862534, 0.375166, -0.000494, -0.862572, 0.505981, -0.0, 0.0, 0.0, 0.0, 1.0],
                [0.999999, -0.000964, -0.000666, 0.0, 0.001063, 0.507147, 0.861841, 0.375166, -0.000493, -0.861879, 0.50716, 0.0, 0.0, 0.0, 0.0, 1.0],
                [0.999999, -0.000962, -0.000664, 0.0, 0.001061, 0.509568, 0.860412, 0.375166, -0.00049, -0.86045, 0.509581, -0.0, 0.0, 0.0, 0.0, 1.0],
                [0.999999, -0.000959, -0.000659, -0.0, 0.001058, 0.513677, 0.857965, 0.375166, -0.000485, -0.858003, 0.51369, -0.0, 0.0, 0.0, 0.0, 1.0],
                [0.999999, -0.000955, -0.000652, 0.0, 0.001054, 0.519886, 0.854217, 0.375166, -0.000477, -0.854255, 0.5199, 0.0, 0.0, 0.0, 0.0, 1.0],
                [0.999999, -0.000949, -0.000642, 0.0, 0.001047, 0.528518, 0.848903, 0.375166, -0.000466, -0.848941, 0.528532, 0.0, 0.0, 0.0, 0.0, 1.0],
                [0.999999, -0.000941, -0.00063, -0.0, 0.001038, 0.539746, 0.841809, 0.375166, -0.000453, -0.841847, 0.539759, -0.0, 0.0, 0.0, 0.0, 1.0],
                [0.999999, -0.000931, -0.000614, -0.0, 0.001027, 0.553612, 0.832755, 0.375166, -0.000435, -0.832793, 0.553625, 0.0, 0.0, 0.0, 0.0, 1.0],
                [0.999999, -0.000919, -0.000596, 0.0, 0.001013, 0.570082, 0.821568, 0.375166, -0.000415, -0.821606, 0.570095, 0.0, 0.0, 0.0, 0.0, 1.0],
                [0.999999, -0.000905, -0.000577, 0.0, 0.000998, 0.587131, 0.809473, 0.375166, -0.000394, -0.80951, 0.587144, 0.0, 0.0, 0.0, 0.0, 1.0],
                [0.999999, -0.00088, -0.000544, 0.0, 0.000971, 0.616461, 0.787366, 0.375166, -0.000358, -0.787403, 0.616474, 0.0, 0.0, 0.0, 0.0, 1.0],
                [1.0, -0.000849, -0.000506, -0.0, 0.000937, 0.650629, 0.759376, 0.375166, -0.000316, -0.759413, 0.650642, -0.0, 0.0, 0.0, 0.0, 1.0],
                [1.0, -0.000818, -0.000471, 0.0, 0.000902, 0.681952, 0.731377, 0.375166, -0.000277, -0.731413, 0.681964, 0.0, 0.0, 0.0, 0.0, 1.0],
                [0.999999, -0.000796, -0.000448, 0.0, 0.000878, 0.702036, 0.712122, 0.375166, -0.000252, -0.712157, 0.702048, -0.0, 0.0, 0.0, 0.0, 1.0],
                [1.0, -0.000795, -0.000447, -0.0, 0.000877, 0.703077, 0.711094, 0.375166, -0.000251, -0.71113, 0.703088, 0.0, 0.0, 0.0, 0.0, 1.0],
                [1.0, -0.000821, -0.000474, -0.0, 0.000906, 0.678708, 0.734388, 0.375166, -0.000281, -0.734424, 0.67872, -0.0, 0.0, 0.0, 0.0, 1.0],
                [1.0, -0.000869, -0.000529, 0.0, 0.000958, 0.629676, 0.776838, 0.375166, -0.000342, -0.776875, 0.629689, -0.0, 0.0, 0.0, 0.0, 1.0],
                [1.0, -0.000924, -0.000604, -0.0, 0.001019, 0.563095, 0.826373, 0.375166, -0.000424, -0.826411, 0.563108, 0.0, 0.0, 0.0, 0.0, 1.0],
                [0.999999, -0.000979, -0.000693, -0.0, 0.00108, 0.483151, 0.875518, 0.375166, -0.000522, -0.875557, 0.483164, 0.0, 0.0, 0.0, 0.0, 1.0],
                [0.999999, -0.001027, -0.000791, -0.0, 0.001133, 0.395695, 0.918364, 0.375166, -0.00063, -0.918402, 0.395708, 0.0, 0.0, 0.0, 0.0, 1.0],
                [0.999999, -0.001065, -0.000891, -0.0, 0.001174, 0.30626, 0.95193, 0.375166, -0.000741, -0.951968, 0.306272, 0.0, 0.0, 0.0, 0.0, 1.0],
                [0.999999, -0.001091, -0.000987, -0.0, 0.001203, 0.219955, 0.975493, 0.375166, -0.000847, -0.97553, 0.219967, 0.0, 0.0, 0.0, 0.0, 1.0],
                [0.999999, -0.001103, -0.001048, 0.0, 0.001216, 0.165486, 0.986195, 0.375166, -0.000914, -0.986232, 0.165497, -0.0, 0.0, 0.0, 0.0, 1.0],
                [0.999999, -0.001106, -0.001068, 0.0, 0.00122, 0.147613, 0.989029, 0.375166, -0.000936, -0.989065, 0.147624, 0.0, 0.0, 0.0, 0.0, 1.0],
                [0.999999, -0.001115, -0.001148, 0.0, 0.00123, 0.076492, 0.997054, 0.375166, -0.001024, -0.997089, 0.076502, 0.0, 0.0, 0.0, 0.0, 1.0],
                [0.999999, -0.001113, -0.001335, 0.0, 0.001228, -0.090954, 0.99584, 0.375166, -0.00123, -0.995871, -0.090945, -0.0, 0.0, 0.0, 0.0, 1.0],
                [0.999998, -0.00102, -0.001692, -0.0, 0.001125, -0.410065, 0.912044, 0.375166, -0.001624, -0.912065, -0.410054, 0.0, 0.0, 0.0, 0.0, 1.0],
                [0.999998, -0.000967, -0.001795, -0.0, 0.001067, -0.502252, 0.864711, 0.375166, -0.001738, -0.864728, -0.50224, 0.0, 0.0, 0.0, 0.0, 1.0],
                [0.999999, -0.001114, -0.00133, -0.0, 0.001229, -0.086639, 0.996224, 0.375166, -0.001225, -0.996256, -0.086629, 0.0, 0.0, 0.0, 0.0, 1.0],
                [1.0, -0.000818, -0.000471, 0.0, 0.000902, 0.682011, 0.731321, 0.375166, -0.000277, -0.731359, 0.682024, 0.0, 0.0, 0.0, 0.0, 1.0],
                [1.0, -6e-06, -0.000115, 0.0, 7e-06, 0.999986, 0.005376, 0.375166, 0.000115, -0.005364, 0.999986, 0.0, 0.0, 0.0, 0.0, 1.0],
                [1.0, -0.000286, -0.000152, -0.0, 0.000316, 0.966631, 0.256167, 0.375167, 7.4e-05, -0.256174, 0.966633, 0.0, 0.0, 0.0, 0.0, 1.0],
                [0.999999, -0.000977, -0.00069, 0.0, 0.001078, 0.485971, 0.873956, 0.375166, -0.000519, -0.873996, 0.485985, 0.0, 0.0, 0.0, 0.0, 1.0],
                [0.999999, -0.00111, -0.001101, 0.0, 0.001225, 0.118707, 0.992913, 0.375166, -0.000972, -0.992948, 0.118717, -0.0, 0.0, 0.0, 0.0, 1.0],
                [0.999999, -0.001104, -0.001053, -0.0, 0.001217, 0.160977, 0.986942, 0.375166, -0.00092, -0.986977, 0.160988, -0.0, 0.0, 0.0, 0.0, 1.0],
                [0.999999, -0.001081, -0.000946, 0.0, 0.001192, 0.257218, 0.966337, 0.375167, -0.000801, -0.966373, 0.25723, -0.0, 0.0, 0.0, 0.0, 1.0],
                [0.999999, -0.001078, -0.000936, 0.0, 0.001189, 0.266181, 0.963906, 0.375167, -0.00079, -0.963943, 0.266193, 0.0, 0.0, 0.0, 0.0, 1.0],
                [0.999999, -0.001081, -0.000948, 0.0, 0.001193, 0.255093, 0.9669, 0.375166, -0.000804, -0.966936, 0.255105, -0.0, 0.0, 0.0, 0.0, 1.0],
                [0.999999, -0.001085, -0.000964, -0.0, 0.001197, 0.241046, 0.970497, 0.375166, -0.000821, -0.970533, 0.241058, -0.0, 0.0, 0.0, 0.0, 1.0],
                [0.999999, -0.001089, -0.000978, -0.0, 0.001201, 0.228062, 0.97363, 0.375166, -0.000837, -0.973666, 0.228073, -0.0, 0.0, 0.0, 0.0, 1.0],
                [0.999999, -0.001091, -0.00099, 0.0, 0.001204, 0.217314, 0.976085, 0.375166, -0.00085, -0.976121, 0.217325, -0.0, 0.0, 0.0, 0.0, 1.0],
                [0.999999, -0.001094, -0.001, 0.0, 0.001206, 0.208901, 0.977921, 0.375166, -0.000861, -0.977956, 0.208912, 0.0, 0.0, 0.0, 0.0, 1.0],
                [0.999999, -0.001095, -0.001007, 0.0, 0.001208, 0.202422, 0.979282, 0.375166, -0.000869, -0.979318, 0.202433, 0.0, 0.0, 0.0, 0.0, 1.0],
                [0.999999, -0.001096, -0.001013, -0.0, 0.001209, 0.19724, 0.980339, 0.375166, -0.000875, -0.980375, 0.197251, 0.0, 0.0, 0.0, 0.0, 1.0],
                [0.999999, -0.001097, -0.001018, -0.0, 0.00121, 0.192647, 0.981252, 0.375167, -0.000881, -0.981287, 0.192658, -0.0, 0.0, 0.0, 0.0, 1.0],
                [0.999999, -0.001098, -0.001023, -0.0, 0.001211, 0.187994, 0.982154, 0.375166, -0.000886, -0.982189, 0.188006, 0.0, 0.0, 0.0, 0.0, 1.0],
                [0.999999, -0.001099, -0.001029, 0.0, 0.001212, 0.182846, 0.983125, 0.375167, -0.000893, -0.983161, 0.182857, -0.0, 0.0, 0.0, 0.0, 1.0],
                [0.999999, -0.001096, -0.001013, -0.0, 0.001209, 0.197137, 0.980359, 0.375167, -0.000875, -0.980395, 0.197149, 0.0, 0.0, 0.0, 0.0, 1.0],
                [0.999999, -0.001092, -0.000993, 0.0, 0.001205, 0.214675, 0.976669, 0.375167, -0.000854, -0.976705, 0.214686, 0.0, 0.0, 0.0, 0.0, 1.0],
                [0.999999, -0.001089, -0.000977, 0.0, 0.001201, 0.228971, 0.973417, 0.375166, -0.000836, -0.973453, 0.228982, 0.0, 0.0, 0.0, 0.0, 1.0],
                [0.999999, -0.001086, -0.000968, 0.0, 0.001198, 0.237431, 0.971387, 0.375166, -0.000825, -0.971424, 0.237442, 0.0, 0.0, 0.0, 0.0, 1.0],
                [0.999999, -0.001086, -0.000967, -0.0, 0.001198, 0.238299, 0.971175, 0.375167, -0.000824, -0.971211, 0.238311, 0.0, 0.0, 0.0, 0.0, 1.0],
                [0.999999, -0.001088, -0.000976, 0.0, 0.0012, 0.230192, 0.973129, 0.375166, -0.000834, -0.973165, 0.230203, -0.0, 0.0, 0.0, 0.0, 1.0],
                [0.999999, -0.001091, -0.000989, -0.0, 0.001203, 0.218826, 0.975747, 0.375166, -0.000848, -0.975783, 0.218837, 0.0, 0.0, 0.0, 0.0, 1.0],
                [0.999999, -0.001093, -0.000998, -0.0, 0.001206, 0.210496, 0.977578, 0.375166, -0.000859, -0.977614, 0.210507, -0.0, 0.0, 0.0, 0.0, 1.0],
                [0.999999, -0.001095, -0.001004, 0.0, 0.001207, 0.204943, 0.978758, 0.375166, -0.000866, -0.978793, 0.204954, -0.0, 0.0, 0.0, 0.0, 1.0],
                [0.999999, -0.001095, -0.001007, 0.0, 0.001208, 0.201957, 0.979378, 0.375166, -0.000869, -0.979414, 0.201968, -0.0, 0.0, 0.0, 0.0, 1.0],
                [0.999999, -0.001095, -0.001008, 0.0, 0.001208, 0.201364, 0.9795, 0.375166, -0.00087, -0.979536, 0.201376, -0.0, 0.0, 0.0, 0.0, 1.0],
                [0.999999, -0.001095, -0.001006, 0.0, 0.001208, 0.203024, 0.979157, 0.375166, -0.000868, -0.979193, 0.203036, -0.0, 0.0, 0.0, 0.0, 1.0],
                [0.999999, -0.001094, -0.001002, -0.0, 0.001207, 0.206832, 0.97836, 0.375166, -0.000863, -0.978396, 0.206843, 0.0, 0.0, 0.0, 0.0, 1.0],
                [0.999999, -0.001093, -0.000995, -0.0, 0.001205, 0.21272, 0.977097, 0.375166, -0.000856, -0.977132, 0.212732, 0.0, 0.0, 0.0, 0.0, 1.0],
                [0.999999, -0.001091, -0.000986, 0.0, 0.001203, 0.220673, 0.975331, 0.375166, -0.000846, -0.975367, 0.220684, 0.0, 0.0, 0.0, 0.0, 1.0],
                [0.999999, -0.001088, -0.000975, -0.0, 0.0012, 0.230747, 0.972997, 0.375166, -0.000834, -0.973033, 0.230759, 0.0, 0.0, 0.0, 0.0, 1.0],
                [0.999999, -0.001085, -0.000961, 0.0, 0.001196, 0.243715, 0.969831, 0.375166, -0.000818, -0.969867, 0.243727, -0.0, 0.0, 0.0, 0.0, 1.0],
                [0.999999, -0.00108, -0.000944, -0.0, 0.001191, 0.25894, 0.965877, 0.375167, -0.000799, -0.965913, 0.258951, 0.0, 0.0, 0.0, 0.0, 1.0],
                [0.999999, -0.001075, -0.000926, -0.0, 0.001186, 0.274655, 0.961526, 0.375167, -0.00078, -0.961562, 0.274667, 0.0, 0.0, 0.0, 0.0, 1.0],
                [0.999999, -0.00107, -0.000909, -0.0, 0.00118, 0.290374, 0.956897, 0.375166, -0.00076, -0.956933, 0.290386, 0.0, 0.0, 0.0, 0.0, 1.0],
                [0.999999, -0.001065, -0.000891, 0.0, 0.001174, 0.305855, 0.952061, 0.375166, -0.000741, -0.952098, 0.305867, 0.0, 0.0, 0.0, 0.0, 1.0],
                [0.999999, -0.001059, -0.000874, -0.0, 0.001168, 0.320937, 0.947084, 0.375167, -0.000722, -0.947121, 0.320949, 0.0, 0.0, 0.0, 0.0, 1.0],
                [0.999999, -0.001053, -0.000858, -0.0, 0.001162, 0.335492, 0.942026, 0.375167, -0.000705, -0.942063, 0.335505, -0.0, 0.0, 0.0, 0.0, 1.0],
                [0.999999, -0.001048, -0.000842, 0.0, 0.001156, 0.349578, 0.93689, 0.375166, -0.000687, -0.936927, 0.349591, 0.0, 0.0, 0.0, 0.0, 1.0],
                [0.999999, -0.001042, -0.000828, 0.0, 0.001149, 0.362712, 0.931884, 0.375166, -0.000671, -0.931921, 0.362725, 0.0, 0.0, 0.0, 0.0, 1.0],
                [0.999999, -0.001037, -0.000814, -0.0, 0.001143, 0.375005, 0.927005, 0.375167, -0.000656, -0.927043, 0.375018, 0.0, 0.0, 0.0, 0.0, 1.0],
                [0.999999, -0.001031, -0.000801, -0.0, 0.001138, 0.386295, 0.922358, 0.375166, -0.000642, -0.922395, 0.386308, -0.0, 0.0, 0.0, 0.0, 1.0],
                [0.999999, -0.001027, -0.00079, 0.0, 0.001132, 0.396438, 0.918044, 0.375166, -0.000629, -0.918081, 0.396451, -0.0, 0.0, 0.0, 0.0, 1.0],
                [0.999999, -0.001022, -0.00078, -0.0, 0.001127, 0.405273, 0.914178, 0.375166, -0.000618, -0.914216, 0.405286, 0.0, 0.0, 0.0, 0.0, 1.0],
                [0.999999, -0.001019, -0.000772, -0.0, 0.001123, 0.412611, 0.91089, 0.375166, -0.000609, -0.910927, 0.412624, -0.0, 0.0, 0.0, 0.0, 1.0],
                [0.999999, -0.001016, -0.000766, -0.0, 0.00112, 0.418226, 0.908325, 0.375166, -0.000602, -0.908363, 0.418239, -0.0, 0.0, 0.0, 0.0, 1.0],
                [0.999999, -0.001014, -0.000762, -0.0, 0.001118, 0.42185, 0.906648, 0.375166, -0.000598, -0.906685, 0.421863, 0.0, 0.0, 0.0, 0.0, 1.0],
                [0.999999, -0.001013, -0.00076, -0.0, 0.001117, 0.423146, 0.906044, 0.375166, -0.000596, -0.906081, 0.423159, -0.0, 0.0, 0.0, 0.0, 1.0]
            ]
        },
        {
            "name": "Knee_R",
            "time": [0.0, 0.0167, 0.0333, 0.05, 0.0667, 0.0833, 0.1, 0.1167, 0.1333, 0.15, 0.1667, 0.1833, 0.2, 0.2167, 0.2333, 0.25, 0.2667, 0.2833, 0.3, 0.3167, 0.3333, 0.35, 0.3667, 0.3833, 0.4, 0.4167, 0.4333, 0.45, 0.4667, 0.4833, 0.5, 0.5167, 0.5333, 0.55, 0.5667, 0.5833, 0.6, 0.6167, 0.6333, 0.65, 0.6667, 0.6833, 0.7, 0.7167, 0.7333, 0.75, 0.7667, 0.7833, 0.8, 0.8167, 0.8333, 0.85, 0.8667, 0.8833, 0.9, 0.9167, 0.9333, 0.95, 0.9667, 0.9833, 1.0, 1.0167, 1.0333, 1.05, 1.0667, 1.0833, 1.1, 1.1167, 1.1333, 1.15, 1.1667, 1.1833, 1.2, 1.2167, 1.2333, 1.25, 1.2667, 1.2833, 1.3, 1.3167, 1.3333],
            "transform": [
                [1.0, -5.9e-05, 5.2e-05, 0.0, 5.7e-05, 0.087098, -0.9962, 0.375166, 5.4e-05, 0.9962, 0.087098, -0.0, 0.0, 0.0, 0.0, 1.0],
                [1.0, -5.9e-05, 5.2e-05, -0.0, 5.7e-05, 0.087098, -0.9962, 0.375166, 5.4e-05, 0.9962, 0.087098, -0.0, 0.0, 0.0, 0.0, 1.0],
                [1.0, -5.9e-05, 5.2e-05, 0.0, 5.7e-05, 0.087098, -0.9962, 0.375166, 5.4e-05, 0.9962, 0.087098, 0.0, 0.0, 0.0, 0.0, 1.0],
                [1.0, -5.9e-05, 5.2e-05, 0.0, 5.7e-05, 0.087098, -0.9962, 0.375166, 5.4e-05, 0.9962, 0.087098, -0.0, 0.0, 0.0, 0.0, 1.0],
                [1.0, -5.9e-05, 5.2e-05, -0.0, 5.7e-05, 0.087098, -0.9962, 0.375166, 5.4e-05, 0.9962, 0.087098, -0.0, 0.0, 0.0, 0.0, 1.0],
                [1.0, -5.9e-05, 5.2e-05, 0.0, 5.7e-05, 0.087098, -0.9962, 0.375166, 5.4e-05, 0.9962, 0.087098, 0.0, 0.0, 0.0, 0.0, 1.0],
                [1.0, -5.9e-05, 5.2e-05, 0.0, 5.7e-05, 0.087098, -0.9962, 0.375166, 5.4e-05, 0.9962, 0.087098, 0.0, 0.0, 0.0, 0.0, 1.0],
                [1.0, -5.9e-05, 5.2e-05, -0.0, 5.7e-05, 0.087098, -0.9962, 0.375166, 5.4e-05, 0.9962, 0.087098, -0.0, 0.0, 0.0, 0.0, 1.0],
                [1.0, -5.9e-05, 5.2e-05, -0.0, 5.7e-05, 0.087098, -0.9962, 0.375166, 5.4e-05, 0.9962, 0.087098, 0.0, 0.0, 0.0, 0.0, 1.0],
                [1.0, -5.9e-05, 5.2e-05, 0.0, 5.7e-05, 0.087098, -0.9962, 0.375166, 5.4e-05, 0.9962, 0.087098, 0.0, 0.0, 0.0, 0.0, 1.0],
                [1.0, -5.9e-05, 5.2e-05, 0.0, 5.7e-05, 0.087098, -0.9962, 0.375166, 5.4e-05, 0.9962, 0.087098, 0.0, 0.0, 0.0, 0.0, 1.0],
                [1.0, -5.9e-05, 5.2e-05, 0.0, 5.7e-05, 0.087098, -0.9962, 0.375166, 5.4e-05, 0.9962, 0.087098, 0.0, 0.0, 0.0, 0.0, 1.0],
                [1.0, -5.9e-05, 5.2e-05, -0.0, 5.7e-05, 0.087098, -0.9962, 0.375166, 5.4e-05, 0.9962, 0.087098, -0.0, 0.0, 0.0, 0.0, 1.0],
                [1.0, -5.9e-05, 5.2e-05, 0.0, 5.7e-05, 0.087098, -0.9962, 0.375166, 5.4e-05, 0.9962, 0.087098, 0.0, 0.0, 0.0, 0.0, 1.0],
                [1.0, -5.9e-05, 5.2e-05, 0.0, 5.7e-05, 0.087098, -0.9962, 0.375166, 5.4e-05, 0.9962, 0.087098, -0.0, 0.0, 0.0, 0.0, 1.0],
                [1.0, -5.9e-05, 5.2e-05, -0.0, 5.7e-05, 0.087098, -0.9962, 0.375166, 5.4e-05, 0.9962, 0.087098, 0.0, 0.0, 0.0, 0.0, 1.0],
                [1.0, -5.9e-05, 5.2e-05, -0.0, 5.7e-05, 0.087098, -0.9962, 0.375166, 5.4e-05, 0.9962, 0.087098, -0.0, 0.0, 0.0, 0.0, 1.0],
