{
    "animation": [
        {
            "name": "Root",
            "time": [0.0, 0.0167, 0.0333, 0.05, 0.0667, 0.0833, 0.1, 0.1167, 0.1333, 0.15, 0.1667, 0.1833, 0.2, 0.2167, 0.2333, 0.25, 0.2667, 0.2833, 0.3, 0.3167, 0.3333, 0.35, 0.3667, 0.3833, 0.4, 0.4167, 0.4333, 0.45, 0.4667, 0.4833, 0.5, 0.5167, 0.5333, 0.55, 0.5667, 0.5833, 0.6, 0.6167, 0.6333, 0.65, 0.6667, 0.6833, 0.7, 0.7167, 0.7333, 0.75, 0.7667, 0.7833, 0.8, 0.8167, 0.8333, 0.85, 0.8667, 0.8833, 0.9, 0.9167, 0.9333, 0.95, 0.9667, 0.9833, 1.0, 1.0167, 1.0333, 1.05, 1.0667, 1.0833, 1.1, 1.1167, 1.1333, 1.15, 1.1667, 1.1833, 1.2, 1.2167, 1.2333, 1.25],
            "transform": [
                [1.0, 0.0, -0.0, -5e-06, -0.0, 0.0, -1.0, -0.015166, 0.0, 1.0, 0.0, 0.496924, 0.0, 0.0, 0.0, 1.0],
                [1.0, 0.0, -0.0, 0.002366, -0.0, 0.0, -1.0, -0.018035, 0.0, 1.0, 0.0, 0.49659, 0.0, 0.0, 0.0, 1.0],
                [1.0, 0.0, -0.0, 0.009948, -0.0, 0.0, -1.0, -0.028008, 0.0, 1.0, 0.0, 0.493647, 0.0, 0.0, 0.0, 1.0],
                [1.0, 0.0, -0.0, 0.021254, -0.0, 0.0, -1.0, -0.04464, 0.0, 1.0, 0.0, 0.485126, 0.0, 0.0, 0.0, 1.0],
                [1.0, 0.0, -0.0, 0.033027, -0.0, 0.0, -1.0, -0.06432, 0.0, 1.0, 0.0, 0.470709, 0.0, 0.0, 0.0, 1.0],
                [1.0, 0.0, -0.0, 0.045541, -0.0, 0.0, -1.0, -0.096796, 0.0, 1.0, 0.0, 0.423871, 0.0, 0.0, 0.0, 1.0],
                [1.0, 0.0, -0.0, 0.058874, -0.0, 0.0, -1.0, -0.133352, 0.0, 1.0, 0.0, 0.361005, 0.0, 0.0, 0.0, 1.0],
                [1.0, 0.0, -0.0, 0.075495, -0.0, 0.0, -1.0, -0.147684, 0.0, 1.0, 0.0, 0.309747, 0.0, 0.0, 0.0, 1.0],
                [1.0, 0.0, -0.0, 0.097405, -0.0, 0.0, -1.0, -0.119124, 0.0, 1.0, 0.0, 0.270548, 0.0, 0.0, 0.0, 1.0],
                [1.0, 0.0, -0.0, 0.122652, -0.0, 0.0, -1.0, -0.036595, 0.0, 1.0, 0.0, 0.235168, 0.0, 0.0, 0.0, 1.0],
                [1.0, 0.0, -0.0, 0.146693, -0.0, 0.0, -1.0, 0.067048, 0.0, 1.0, 0.0, 0.212623, 0.0, 0.0, 0.0, 1.0],
                [1.0, 0.0, -0.0, 0.165562, -0.0, 0.0, -1.0, 0.148906, 0.0, 1.0, 0.0, 0.205822, 0.0, 0.0, 0.0, 1.0],
                [1.0, 0.0, -0.0, 0.179873, -0.0, 0.0, -1.0, 0.213868, 0.0, 1.0, 0.0, 0.22654, 0.0, 0.0, 0.0, 1.0],
                [1.0, 0.0, -0.0, 0.193667, -0.0, 0.0, -1.0, 0.27364, 0.0, 1.0, 0.0, 0.280944, 0.0, 0.0, 0.0, 1.0],
                [1.0, 0.0, -0.0, 0.205586, -0.0, 0.0, -1.0, 0.328144, 0.0, 1.0, 0.0, 0.354129, 0.0, 0.0, 0.0, 1.0],
                [1.0, 0.0, -0.0, 0.214556, -0.0, 0.0, -1.0, 0.377863, 0.0, 1.0, 0.0, 0.430149, 0.0, 0.0, 0.0, 1.0],
                [1.0, 0.0, -0.0, 0.219994, -0.0, 0.0, -1.0, 0.423639, 0.0, 1.0, 0.0, 0.495882, 0.0, 0.0, 0.0, 1.0],
                [1.0, 0.0, -0.0, 0.221776, -0.0, 0.0, -1.0, 0.466408, 0.0, 1.0, 0.0, 0.542801, 0.0, 0.0, 0.0, 1.0],
                [1.0, 0.0, -0.0, 0.221776, -0.0, 0.0, -1.0, 0.501785, 0.0, 1.0, 0.0, 0.571641, 0.0, 0.0, 0.0, 1.0],
                [1.0, 0.0, -0.0, 0.221774, -0.0, 0.0, -1.0, 0.535321, 0.0, 1.0, 0.0, 0.596303, 0.0, 0.0, 0.0, 1.0],
                [1.0, 0.0, -0.0, 0.221771, -0.0, 0.0, -1.0, 0.567338, 0.0, 1.0, 0.0, 0.617174, 0.0, 0.0, 0.0, 1.0],
                [1.0, 0.0, -0.0, 0.221764, -0.0, 0.0, -1.0, 0.597998, 0.0, 1.0, 0.0, 0.634403, 0.0, 0.0, 0.0, 1.0],
                [1.0, 0.0, -0.0, 0.221755, -0.0, 0.0, -1.0, 0.62738, 0.0, 1.0, 0.0, 0.648012, 0.0, 0.0, 0.0, 1.0],
                [1.0, 0.0, -0.0, 0.221742, -0.0, 0.0, -1.0, 0.655515, 0.0, 1.0, 0.0, 0.657936, 0.0, 0.0, 0.0, 1.0],
                [1.0, 0.0, -0.0, 0.221725, -0.0, 0.0, -1.0, 0.682398, 0.0, 1.0, 0.0, 0.664041, 0.0, 0.0, 0.0, 1.0],
                [1.0, 0.0, -0.0, 0.221704, -0.0, 0.0, -1.0, 0.708002, 0.0, 1.0, 0.0, 0.666131, 0.0, 0.0, 0.0, 1.0],
                [1.0, 0.0, -0.0, 0.221513, -0.0, 0.0, -1.0, 0.723922, 0.0, 1.0, 0.0, 0.666015, 0.0, 0.0, 0.0, 1.0],
                [1.0, 0.0, -0.0, 0.220521, -0.0, 0.0, -1.0, 0.732236, 0.0, 1.0, 0.0, 0.665279, 0.0, 0.0, 0.0, 1.0],
                [1.0, 0.0, -0.0, 0.218123, -0.0, 0.0, -1.0, 0.73984, 0.0, 1.0, 0.0, 0.663477, 0.0, 0.0, 0.0, 1.0],
                [1.0, 0.0, -0.0, 0.213894, -0.0, 0.0, -1.0, 0.751758, 0.0, 1.0, 0.0, 0.660297, 0.0, 0.0, 0.0, 1.0],
                [1.0, 0.0, -0.0, 0.207535, -0.0, 0.0, -1.0, 0.771687, 0.0, 1.0, 0.0, 0.65552, 0.0, 0.0, 0.0, 1.0],
                [1.0, 0.0, -0.0, 0.198838, -0.0, 0.0, -1.0, 0.802376, 0.0, 1.0, 0.0, 0.648991, 0.0, 0.0, 0.0, 1.0],
                [1.0, 0.0, -0.0, 0.187657, -0.0, 0.0, -1.0, 0.845874, 0.0, 1.0, 0.0, 0.640606, 0.0, 0.0, 0.0, 1.0],
                [1.0, 0.0, -0.0, 0.15746, -0.0, 0.0, -1.0, 1.074191, 0.0, 1.0, 0.0, 0.598575, 0.0, 0.0, 0.0, 1.0],
                [1.0, 0.0, -0.0, 0.113735, -0.0, 0.0, -1.0, 1.507019, 0.0, 1.0, 0.0, 0.520718, 0.0, 0.0, 0.0, 1.0],
                [1.0, 0.0, -0.0, 0.067959, -0.0, 0.0, -1.0, 2.010019, 0.0, 1.0, 0.0, 0.43092, 0.0, 0.0, 0.0, 1.0],
                [1.0, 0.0, -0.0, 0.035538, -0.0, 0.0, -1.0, 2.385328, 0.0, 1.0, 0.0, 0.364151, 0.0, 0.0, 0.0, 1.0],
                [1.0, 0.0, -0.0, 0.024577, -0.0, 0.0, -1.0, 2.515781, 0.0, 1.0, 0.0, 0.340985, 0.0, 0.0, 0.0, 1.0],
                [1.0, 0.0, -0.0, 0.042093, -0.0, 0.0, -1.0, 2.564018, 0.0, 1.0, 0.0, 0.347521, 0.0, 0.0, 0.0, 1.0],
                [1.0, 0.0, -0.0, 0.09143, -0.0, 0.0, -1.0, 2.697562, 0.0, 1.0, 0.0, 0.366816, 0.0, 0.0, 0.0, 1.0],
                [1.0, 0.0, -0.0, 0.154778, -0.0, 0.0, -1.0, 2.862798, 0.0, 1.0, 0.0, 0.393961, 0.0, 0.0, 0.0, 1.0],
                [1.0, 0.0, -0.0, 0.204116, -0.0, 0.0, -1.0, 2.979352, 0.0, 1.0, 0.0, 0.419717, 0.0, 0.0, 0.0, 1.0],
                [1.0, 0.0, -0.0, 0.221632, -0.0, 0.0, -1.0, 2.998679, 0.0, 1.0, 0.0, 0.437247, 0.0, 0.0, 0.0, 1.0],
                [1.0, 0.0, -0.0, 0.218662, -0.0, 0.0, -1.0, 2.969427, 0.0, 1.0, 0.0, 0.448041, 0.0, 0.0, 0.0, 1.0],
                [1.0, 0.0, -0.0, 0.21187, -0.0, 0.0, -1.0, 2.944388, 0.0, 1.0, 0.0, 0.457282, 0.0, 0.0, 0.0, 1.0],
                [1.0, 0.0, -0.0, 0.203185, -0.0, 0.0, -1.0, 2.922176, 0.0, 1.0, 0.0, 0.465109, 0.0, 0.0, 0.0, 1.0],
                [1.0, 0.0, -0.0, 0.193716, -0.0, 0.0, -1.0, 2.902024, 0.0, 1.0, 0.0, 0.471574, 0.0, 0.0, 0.0, 1.0],
                [1.0, 0.0, -0.0, 0.184201, -0.0, 0.0, -1.0, 2.883456, 0.0, 1.0, 0.0, 0.476684, 0.0, 0.0, 0.0, 1.0],
                [1.0, 0.0, -0.0, 0.175195, -0.0, 0.0, -1.0, 2.866151, 0.0, 1.0, 0.0, 0.480412, 0.0, 0.0, 0.0, 1.0],
                [1.0, 0.0, -0.0, 0.167151, -0.0, 0.0, -1.0, 2.849879, 0.0, 1.0, 0.0, 0.482706, 0.0, 0.0, 0.0, 1.0],
                [1.0, 0.0, -0.0, 0.160477, -0.0, 0.0, -1.0, 2.834467, 0.0, 1.0, 0.0, 0.483491, 0.0, 0.0, 0.0, 1.0],
                [1.0, 0.0, -0.0, 0.154697, -0.0, 0.0, -1.0, 2.822037, 0.0, 1.0, 0.0, 0.481938, 0.0, 0.0, 0.0, 1.0],
                [1.0, 0.0, -0.0, 0.14871, -0.0, 0.0, -1.0, 2.809943, 0.0, 1.0, 0.0, 0.478714, 0.0, 0.0, 0.0, 1.0],
                [1.0, 0.0, -0.0, 0.142923, -0.0, 0.0, -1.0, 2.798362, 0.0, 1.0, 0.0, 0.474768, 0.0, 0.0, 0.0, 1.0],
                [1.0, 0.0, -0.0, 0.137522, -0.0, 0.0, -1.0, 2.787387, 0.0, 1.0, 0.0, 0.470502, 0.0, 0.0, 0.0, 1.0],
                [1.0, 0.0, -0.0, 0.132631, -0.0, 0.0, -1.0, 2.777096, 0.0, 1.0, 0.0, 0.466144, 0.0, 0.0, 0.0, 1.0],
                [1.0, 0.0, -0.0, 0.128357, -0.0, 0.0, -1.0, 2.767568, 0.0, 1.0, 0.0, 0.461849, 0.0, 0.0, 0.0, 1.0],
                [1.0, 0.0, -0.0, 0.124804, -0.0, 0.0, -1.0, 2.758891, 0.0, 1.0, 0.0, 0.457739, 0.0, 0.0, 0.0, 1.0],
                [1.0, 0.0, -0.0, 0.122086, -0.0, 0.0, -1.0, 2.751171, 0.0, 1.0, 0.0, 0.453924, 0.0, 0.0, 0.0, 1.0],
                [1.0, 0.0, -0.0, 0.120333, -0.0, 0.0, -1.0, 2.744536, 0.0, 1.0, 0.0, 0.450514, 0.0, 0.0, 0.0, 1.0],
                [1.0, 0.0, -0.0, 0.119707, -0.0, 0.0, -1.0, 2.739148, 0.0, 1.0, 0.0, 0.447628, 0.0, 0.0, 0.0, 1.0],
                [1.0, 0.0, -0.0, 0.119707, -0.0, 0.0, -1.0, 2.735831, 0.0, 1.0, 0.0, 0.445281, 0.0, 0.0, 0.0, 1.0],
                [1.0, 0.0, -0.0, 0.119707, -0.0, 0.0, -1.0, 2.732846, 0.0, 1.0, 0.0, 0.442909, 0.0, 0.0, 0.0, 1.0],
                [1.0, 0.0, -0.0, 0.119707, -0.0, 0.0, -1.0, 2.730077, 0.0, 1.0, 0.0, 0.4406, 0.0, 0.0, 0.0, 1.0],
                [1.0, 0.0, -0.0, 0.119707, -0.0, 0.0, -1.0, 2.727489, 0.0, 1.0, 0.0, 0.43838, 0.0, 0.0, 0.0, 1.0],
                [1.0, 0.0, -0.0, 0.119707, -0.0, 0.0, -1.0, 2.725071, 0.0, 1.0, 0.0, 0.436266, 0.0, 0.0, 0.0, 1.0],
                [1.0, 0.0, -0.0, 0.119707, -0.0, 0.0, -1.0, 2.722819, 0.0, 1.0, 0.0, 0.434269, 0.0, 0.0, 0.0, 1.0],
                [1.0, 0.0, -0.0, 0.119707, -0.0, 0.0, -1.0, 2.720734, 0.0, 1.0, 0.0, 0.4324, 0.0, 0.0, 0.0, 1.0],
                [1.0, 0.0, -0.0, 0.119707, -0.0, 0.0, -1.0, 2.718824, 0.0, 1.0, 0.0, 0.430672, 0.0, 0.0, 0.0, 1.0],
                [1.0, 0.0, -0.0, 0.119707, -0.0, 0.0, -1.0, 2.717097, 0.0, 1.0, 0.0, 0.429098, 0.0, 0.0, 0.0, 1.0],
                [1.0, 0.0, -0.0, 0.119707, -0.0, 0.0, -1.0, 2.715566, 0.0, 1.0, 0.0, 0.427694, 0.0, 0.0, 0.0, 1.0],
                [1.0, 0.0, -0.0, 0.119707, -0.0, 0.0, -1.0, 2.714247, 0.0, 1.0, 0.0, 0.426477, 0.0, 0.0, 0.0, 1.0],
                [1.0, 0.0, -0.0, 0.119707, -0.0, 0.0, -1.0, 2.713163, 0.0, 1.0, 0.0, 0.425472, 0.0, 0.0, 0.0, 1.0],
                [1.0, 0.0, -0.0, 0.119707, -0.0, 0.0, -1.0, 2.712339, 0.0, 1.0, 0.0, 0.424705, 0.0, 0.0, 0.0, 1.0],
                [1.0, 0.0, -0.0, 0.119707, -0.0, 0.0, -1.0, 2.711811, 0.0, 1.0, 0.0, 0.424211, 0.0, 0.0, 0.0, 1.0],
                [1.0, 0.0, -0.0, 0.119707, -0.0, 0.0, -1.0, 2.711622, 0.0, 1.0, 0.0, 0.424035, 0.0, 0.0, 0.0, 1.0]
            ]
        },
        {
            "name": "Thigh_R",
            "time": [0.0, 0.0167, 0.0333, 0.05, 0.0667, 0.0833, 0.1, 0.1167, 0.1333, 0.15, 0.1667, 0.1833, 0.2, 0.2167, 0.2333, 0.25, 0.2667, 0.2833, 0.3, 0.3167, 0.3333, 0.35, 0.3667, 0.3833, 0.4, 0.4167, 0.4333, 0.45, 0.4667, 0.4833, 0.5, 0.5167, 0.5333, 0.55, 0.5667, 0.5833, 0.6, 0.6167, 0.6333, 0.65, 0.6667, 0.6833, 0.7, 0.7167, 0.7333, 0.75, 0.7667, 0.7833, 0.8, 0.8167, 0.8333, 0.85, 0.8667, 0.8833, 0.9, 0.9167, 0.9333, 0.95, 0.9667, 0.9833, 1.0, 1.0167, 1.0333, 1.05, 1.0667, 1.0833, 1.1, 1.1167, 1.1333, 1.15, 1.1667, 1.1833, 1.2, 1.2167, 1.2333, 1.25],
            "transform": [
                [-0.652855, 0.254571, 0.713394, -0.119042, 0.439532, -0.639748, 0.630491, 0.089143, 0.616921, 0.725195, 0.305747, 0.147, 0.0, 0.0, 0.0, 1.0],
                [-0.654514, 0.255216, 0.711642, -0.118966, 0.439338, -0.637672, 0.632726, 0.088286, 0.615299, 0.726794, 0.305215, 0.147, 0.0, 0.0, 0.0, 1.0],
                [-0.659525, 0.259767, 0.705342, -0.118736, 0.439265, -0.628292, 0.642091, 0.085696, 0.609978, 0.733322, 0.300243, 0.147, 0.0, 0.0, 0.0, 1.0],
                [-0.667785, 0.270845, 0.693301, -0.118353, 0.440495, -0.607044, 0.661398, 0.081373, 0.600023, 0.747081, 0.286044, 0.147, 0.0, 0.0, 0.0, 1.0],
                [-0.67902, 0.285287, 0.676391, -0.117821, 0.443916, -0.57429, 0.687833, 0.075375, 0.584696, 0.767325, 0.263286, 0.147, 0.0, 0.0, 0.0, 1.0],
                [-0.690946, 0.327801, 0.644286, -0.117153, 0.460559, -0.487373, 0.741847, 0.067829, 0.557207, 0.809316, 0.185752, 0.147, 0.0, 0.0, 0.0, 1.0],
                [-0.701103, 0.355651, 0.618008, -0.116365, 0.494008, -0.382755, 0.780665, 0.058946, 0.514209, 0.852633, 0.092632, 0.147, 0.0, 0.0, 0.0, 1.0],
                [-0.703245, 0.342369, 0.623056, -0.115486, 0.553423, -0.286515, 0.782057, 0.049025, 0.446284, 0.894796, 0.011992, 0.147, 0.0, 0.0, 0.0, 1.0],
                [-0.684969, 0.307121, 0.660653, -0.114548, 0.644748, -0.166765, 0.74597, 0.038443, 0.33929, 0.936927, -0.08381, 0.147, 0.0, 0.0, 0.0, 1.0],
                [-0.642645, 0.272642, 0.715987, -0.11359, 0.738487, -0.028484, 0.673651, 0.027635, 0.204067, 0.961677, -0.183062, 0.147, 0.0, 0.0, 0.0, 1.0],
                [-0.612914, 0.207803, 0.762309, -0.112652, 0.783969, 0.039499, 0.619525, 0.017053, 0.098632, 0.97736, -0.187144, 0.147, 0.0, 0.0, 0.0, 1.0],
                [-0.614496, 0.112564, 0.780822, -0.111773, 0.788152, 0.043914, 0.613894, 0.007132, 0.034814, 0.992664, -0.115725, 0.147, 0.0, 0.0, 0.0, 1.0],
                [-0.662344, 0.004062, 0.749164, -0.110985, 0.749119, 0.018292, 0.662161, -0.001751, -0.011015, 0.999818, -0.015181, 0.147, 0.0, 0.0, 0.0, 1.0],
                [-0.741843, -0.100267, 0.663014, -0.110317, 0.668268, -0.028631, 0.743345, -0.009297, -0.055553, 0.994544, 0.088221, 0.147, 0.0, 0.0, 0.0, 1.0],
                [-0.828007, -0.196012, 0.525326, -0.109785, 0.547178, -0.077816, 0.833364, -0.015295, -0.122475, 0.977505, 0.171661, 0.147, 0.0, 0.0, 0.0, 1.0],
                [-0.89245, -0.295854, 0.340585, -0.109402, 0.38849, -0.120156, 0.913556, -0.019617, -0.229365, 0.947642, 0.222144, 0.147, 0.0, 0.0, 0.0, 1.0],
                [-0.905365, -0.404828, 0.128169, -0.109172, 0.205469, -0.153511, 0.966519, -0.022208, -0.371613, 0.90141, 0.222138, 0.147, 0.0, 0.0, 0.0, 1.0],
                [-0.853638, -0.515483, -0.074658, -0.109096, 0.019191, -0.174388, 0.98446, -0.023065, -0.520513, 0.838961, 0.158734, 0.147, 0.0, 0.0, 0.0, 1.0],
                [-0.758581, -0.618519, -0.20488, -0.116661, -0.129228, -0.165402, 0.977695, -0.017814, -0.638635, 0.768156, 0.045521, 0.140625, 0.0, 0.0, 0.0, 1.0],
                [-0.654933, -0.698961, -0.287217, -0.1333, -0.231915, -0.175856, 0.956682, -0.006229, -0.71922, 0.693191, -0.046942, 0.125894, 0.0, 0.0, 0.0, 1.0],
                [-0.560448, -0.756834, -0.336259, -0.153465, -0.291521, -0.199782, 0.935446, 0.007871, -0.775186, 0.622312, -0.10868, 0.106804, 0.0, 0.0, 0.0, 1.0],
                [-0.481402, -0.796258, -0.36632, -0.173927, -0.318921, -0.23019, 0.919382, 0.022266, -0.81642, 0.559434, -0.143142, 0.085646, 0.0, 0.0, 0.0, 1.0],
                [-0.417564, -0.822628, -0.385856, -0.192489, -0.324855, -0.261458, 0.908886, 0.035448, -0.848593, 0.504878, -0.158071, 0.063935, 0.0, 0.0, 0.0, 1.0],
                [-0.366479, -0.840687, -0.398619, -0.207464, -0.317704, -0.289635, 0.902853, 0.046259, -0.874504, 0.457531, -0.160954, 0.042795, 0.0, 0.0, 0.0, 1.0],
                [-0.325511, -0.85444, -0.404883, -0.217415, -0.303627, -0.311098, 0.900554, 0.053717, -0.895463, 0.416084, -0.158175, 0.02314, 0.0, 0.0, 0.0, 1.0],
                [-0.292605, -0.866971, -0.403358, -0.221021, -0.287139, -0.322718, 0.901872, 0.05692, -0.912104, 0.379722, -0.154521, 0.005776, 0.0, 0.0, 0.0, 1.0],
                [-0.273008, -0.871125, -0.40812, -0.220756, -0.294425, -0.328246, 0.897518, 0.057436, -0.91585, 0.3652, -0.166875, -0.011896, 0.0, 0.0, 0.0, 1.0],
                [-0.263541, -0.868441, -0.419892, -0.21908, -0.317455, -0.332984, 0.887871, 0.057582, -0.910916, 0.367297, -0.187944, -0.031486, 0.0, 0.0, 0.0, 1.0],
                [-0.254208, -0.864622, -0.433313, -0.214979, -0.34308, -0.338305, 0.876252, 0.05751, -0.904253, 0.371422, -0.210642, -0.050504, 0.0, 0.0, 0.0, 1.0],
                [-0.237786, -0.864179, -0.443402, -0.207741, -0.362523, -0.344577, 0.865919, 0.057332, -0.90113, 0.366658, -0.231357, -0.067145, 0.0, 0.0, 0.0, 1.0],
                [-0.208528, -0.870603, -0.445554, -0.196868, -0.370123, -0.351465, 0.859915, 0.057134, -0.905276, 0.344238, -0.248946, -0.080091, 0.0, 0.0, 0.0, 1.0],
                [-0.16063, -0.885391, -0.436156, -0.18201, -0.361641, -0.358396, 0.860663, 0.05698, -0.918375, 0.295992, -0.262629, -0.088365, 0.0, 0.0, 0.0, 1.0],
                [-0.087275, -0.9064, -0.413248, -0.162927, -0.332874, -0.36448, 0.869668, 0.05692, -0.938924, 0.21347, -0.26991, -0.09125, 0.0, 0.0, 0.0, 1.0],
                [0.170071, -0.897987, -0.405765, -0.11819, -0.262827, -0.438209, 0.859577, 0.056532, -0.949736, -0.039535, -0.310539, -0.082643, 0.0, 0.0, 0.0, 1.0],
                [0.4612, -0.668893, -0.582947, -0.05802, -0.050795, -0.675841, 0.735285, 0.055605, -0.885841, -0.309495, -0.345665, -0.058396, 0.0, 0.0, 0.0, 1.0],
                [0.61969, -0.093466, -0.77924, 0.007471, 0.376956, -0.835409, 0.399981, 0.054871, -0.688396, -0.541595, -0.482444, -0.027241, 0.0, 0.0, 0.0, 1.0],
                [0.594438, 0.368921, -0.714508, 0.063379, 0.659128, -0.732526, 0.170143, 0.055189, -0.460645, -0.572085, -0.678581, -0.002934, 0.0, 0.0, 0.0, 1.0],
                [0.580807, 0.478618, -0.658463, 0.100865, 0.719495, -0.680189, 0.140234, 0.05692, -0.380776, -0.555203, -0.739392, 0.005776, 0.0, 0.0, 0.0, 1.0],
                [0.617357, 0.397989, -0.678571, 0.122788, 0.68665, -0.69355, 0.217934, 0.063951, -0.383903, -0.600478, -0.701419, 0.000638, 0.0, 0.0, 0.0, 1.0],
                [0.671684, 0.249485, -0.697551, 0.139056, 0.619396, -0.705682, 0.34403, 0.074683, -0.406436, -0.663134, -0.628498, -0.014281, 0.0, 0.0, 0.0, 1.0],
                [0.726871, 0.094014, -0.680292, 0.148732, 0.539586, -0.690978, 0.481031, 0.086187, -0.42486, -0.71672, -0.552953, -0.033548, 0.0, 0.0, 0.0, 1.0],
                [0.769517, 0.006945, -0.638571, 0.153136, 0.482686, -0.661061, 0.57446, 0.094436, -0.418161, -0.750286, -0.512022, -0.048589, 0.0, 0.0, 0.0, 1.0],
                [0.797631, 0.002401, -0.603123, 0.154873, 0.466063, -0.637189, 0.613812, 0.097245, -0.382845, -0.770691, -0.509332, -0.053935, 0.0, 0.0, 0.0, 1.0],
                [0.816824, 0.035676, -0.575765, 0.155801, 0.471839, -0.615562, 0.631221, 0.093876, -0.331913, -0.787269, -0.51961, -0.053935, 0.0, 0.0, 0.0, 1.0],
                [0.833434, 0.074208, -0.547598, 0.156585, 0.477292, -0.596114, 0.645622, 0.088207, -0.278532, -0.799453, -0.53221, -0.053935, 0.0, 0.0, 0.0, 1.0],
                [0.847785, 0.114323, -0.517858, 0.157299, 0.480509, -0.578824, 0.658831, 0.081884, -0.224438, -0.80739, -0.54562, -0.053935, 0.0, 0.0, 0.0, 1.0],
                [0.859953, 0.153808, -0.486632, 0.157962, 0.480969, -0.563197, 0.671909, 0.075338, -0.170732, -0.811874, -0.558268, -0.053935, 0.0, 0.0, 0.0, 1.0],
                [0.870031, 0.190977, -0.454491, 0.158584, 0.478572, -0.548548, 0.685598, 0.068763, -0.118382, -0.814009, -0.568619, -0.053935, 0.0, 0.0, 0.0, 1.0],
                [0.878169, 0.22476, -0.422247, 0.159167, 0.473446, -0.534461, 0.700128, 0.062272, -0.068317, -0.814754, -0.575727, -0.053935, 0.0, 0.0, 0.0, 1.0],
                [0.884586, 0.254275, -0.390954, 0.159714, 0.465884, -0.520347, 0.715659, 0.055945, -0.021459, -0.815213, -0.578722, -0.053935, 0.0, 0.0, 0.0, 1.0],
                [0.88956, 0.278738, -0.361915, 0.160226, 0.456324, -0.505348, 0.73237, 0.049841, 0.021246, -0.816651, -0.5767, -0.053934, 0.0, 0.0, 0.0, 1.0],
                [0.892115, 0.297236, -0.340259, 0.160703, 0.448182, -0.48696, 0.74965, 0.044015, 0.057132, -0.821286, -0.567609, -0.053935, 0.0, 0.0, 0.0, 1.0],
                [0.893989, 0.31606, -0.317624, 0.161143, 0.437889, -0.465843, 0.768905, 0.038514, 0.09506, -0.826491, -0.554826, -0.053934, 0.0, 0.0, 0.0, 1.0],
                [0.895281, 0.334593, -0.294135, 0.161546, 0.425158, -0.444462, 0.788455, 0.03339, 0.133084, -0.830959, -0.540142, -0.053935, 0.0, 0.0, 0.0, 1.0],
                [0.89601, 0.352398, -0.270146, 0.16191, 0.4102, -0.423984, 0.807427, 0.028695, 0.170003, -0.834293, -0.524417, -0.053935, 0.0, 0.0, 0.0, 1.0],
                [0.896197, 0.36901, -0.246293, 0.162231, 0.393604, -0.405159, 0.825158, 0.024485, 0.204711, -0.836463, -0.508316, -0.053935, 0.0, 0.0, 0.0, 1.0],
                [0.895915, 0.383916, -0.223482, 0.162507, 0.37632, -0.388595, 0.841034, 0.020825, 0.236051, -0.837613, -0.492594, -0.053935, 0.0, 0.0, 0.0, 1.0],
                [0.895317, 0.396483, -0.202996, 0.162733, 0.35965, -0.374594, 0.85457, 0.017791, 0.262791, -0.838137, -0.477947, -0.053934, 0.0, 0.0, 0.0, 1.0],
                [0.894646, 0.406082, -0.186291, 0.162904, 0.345206, -0.3636, 0.865208, 0.015472, 0.28362, -0.838382, -0.465447, -0.053935, 0.0, 0.0, 0.0, 1.0],
                [0.894202, 0.411998, -0.175096, 0.163014, 0.334827, -0.355911, 0.872453, 0.013977, 0.297141, -0.838795, -0.456177, -0.053935, 0.0, 0.0, 0.0, 1.0],
                [0.89426, 0.413474, -0.171286, 0.163052, 0.33044, -0.351871, 0.875757, 0.013442, 0.301843, -0.839773, -0.451265, -0.053935, 0.0, 0.0, 0.0, 1.0],
                [0.894406, 0.412635, -0.172538, 0.163052, 0.330134, -0.348827, 0.87709, 0.013442, 0.301743, -0.841455, -0.44819, -0.053935, 0.0, 0.0, 0.0, 1.0],
                [0.894483, 0.411825, -0.174069, 0.163052, 0.329973, -0.345358, 0.878521, 0.013442, 0.301692, -0.84328, -0.44478, -0.053935, 0.0, 0.0, 0.0, 1.0],
                [0.894531, 0.411053, -0.175639, 0.163052, 0.329872, -0.34187, 0.879922, 0.013442, 0.30166, -0.845076, -0.441381, -0.053935, 0.0, 0.0, 0.0, 1.0],
                [0.894563, 0.410321, -0.17718, 0.163052, 0.329805, -0.338477, 0.881258, 0.013442, 0.301639, -0.846796, -0.438088, -0.053935, 0.0, 0.0, 0.0, 1.0],
                [0.894584, 0.409632, -0.178661, 0.163052, 0.32976, -0.335232, 0.882514, 0.013442, 0.301625, -0.848419, -0.434946, -0.053935, 0.0, 0.0, 0.0, 1.0],
                [0.894598, 0.408987, -0.180063, 0.163052, 0.32973, -0.332166, 0.883684, 0.013442, 0.301616, -0.849935, -0.431983, -0.053935, 0.0, 0.0, 0.0, 1.0],
                [0.894607, 0.408389, -0.181374, 0.163052, 0.329712, -0.329303, 0.884761, 0.013442, 0.301611, -0.851335, -0.42922, -0.053935, 0.0, 0.0, 0.0, 1.0],
                [0.894611, 0.407839, -0.182585, 0.163052, 0.329702, -0.326664, 0.885743, 0.013442, 0.301608, -0.852614, -0.426675, -0.053934, 0.0, 0.0, 0.0, 1.0],
                [0.894613, 0.407342, -0.183684, 0.163052, 0.329698, -0.324269, 0.886624, 0.013442, 0.301608, -0.853766, -0.424368, -0.053935, 0.0, 0.0, 0.0, 1.0],
                [0.894612, 0.406901, -0.184661, 0.163052, 0.329699, -0.32214, 0.887399, 0.013442, 0.301608, -0.854781, -0.422319, -0.053935, 0.0, 0.0, 0.0, 1.0],
                [0.89461, 0.406522, -0.185505, 0.163052, 0.329703, -0.320302, 0.888062, 0.013442, 0.30161, -0.855652, -0.42055, -0.053935, 0.0, 0.0, 0.0, 1.0],
                [0.894607, 0.406209, -0.186201, 0.163052, 0.329708, -0.318787, 0.888605, 0.013442, 0.301612, -0.856366, -0.419093, -0.053935, 0.0, 0.0, 0.0, 1.0],
                [0.894605, 0.405971, -0.186732, 0.163052, 0.329714, -0.317633, 0.889016, 0.013442, 0.301614, -0.856907, -0.417984, -0.053935, 0.0, 0.0, 0.0, 1.0],
                [0.894602, 0.405819, -0.187074, 0.163052, 0.329718, -0.31689, 0.88928, 0.013442, 0.301616, -0.857255, -0.417269, -0.053935, 0.0, 0.0, 0.0, 1.0],
                [0.894602, 0.405764, -0.187196, 0.163052, 0.32972, -0.316624, 0.889374, 0.013442, 0.301617, -0.857379, -0.417014, -0.053935, 0.0, 0.0, 0.0, 1.0]
            ]
        },
        {
            "name": "Leg_R",
            "time": [0.0, 0.0167, 0.0333, 0.05, 0.0667, 0.0833, 0.1, 0.1167, 0.1333, 0.15, 0.1667, 0.1833, 0.2, 0.2167, 0.2333, 0.25, 0.2667, 0.2833, 0.3, 0.3167, 0.3333, 0.35, 0.3667, 0.3833, 0.4, 0.4167, 0.4333, 0.45, 0.4667, 0.4833, 0.5, 0.5167, 0.5333, 0.55, 0.5667, 0.5833, 0.6, 0.6167, 0.6333, 0.65, 0.6667, 0.6833, 0.7, 0.7167, 0.7333, 0.75, 0.7667, 0.7833, 0.8, 0.8167, 0.8333, 0.85, 0.8667, 0.8833, 0.9, 0.9167, 0.9333, 0.95, 0.9667, 0.9833, 1.0, 1.0167, 1.0333, 1.05, 1.0667, 1.0833, 1.1, 1.1167, 1.1333, 1.15, 1.1667, 1.1833, 1.2, 1.2167, 1.2333, 1.25],
            "transform": [
                [1.0, -0.000879, -0.000543, 0.0, 0.00097, 0.617652, 0.786431, 0.375166, -0.000357, -0.78647, 0.617665, 0.0, 0.0, 0.0, 0.0, 1.0],
                [0.999999, -0.000889, -0.000555, -0.0, 0.000981, 0.606569, 0.795011, 0.375166, -0.00037, -0.79505, 0.606582, -0.0, 0.0, 0.0, 0.0, 1.0],
                [1.0, -0.000924, -0.000603, 0.0, 0.001019, 0.563444, 0.826134, 0.375166, -0.000423, -0.826174, 0.563457, 0.0, 0.0, 0.0, 0.0, 1.0],
                [0.999999, -0.000981, -0.000697, 0.0, 0.001082, 0.479388, 0.877584, 0.375166, -0.000527, -0.877624, 0.479401, -0.0, 0.0, 0.0, 0.0, 1.0],
                [0.999999, -0.001041, -0.000826, 0.0, 0.001148, 0.364485, 0.931191, 0.375166, -0.000669, -0.93123, 0.364498, -0.0, 0.0, 0.0, 0.0, 1.0],
                [0.999999, -0.001111, -0.001108, 0.0, 0.001226, 0.111974, 0.993694, 0.375166, -0.00098, -0.993731, 0.111985, 0.0, 0.0, 0.0, 0.0, 1.0],
                [0.999999, -0.001102, -0.001421, 0.0, 0.001216, -0.168122, 0.98575, 0.375166, -0.001326, -0.985781, -0.168112, 0.0, 0.0, 0.0, 0.0, 1.0],
                [0.999998, -0.001052, -0.001613, -0.0, 0.00116, -0.339525, 0.940582, 0.375166, -0.001537, -0.940608, -0.339515, 0.0, 0.0, 0.0, 0.0, 1.0],
                [0.999998, -0.001033, -0.001661, 0.0, 0.001139, -0.382803, 0.923816, 0.375166, -0.00159, -0.92384, -0.382792, -0.0, 0.0, 0.0, 0.0, 1.0],
                [0.999998, -0.001076, -0.001538, 0.0, 0.001187, -0.272843, 0.962043, 0.375166, -0.001455, -0.962071, -0.272833, 0.0, 0.0, 0.0, 0.0, 1.0],
                [0.999999, -0.001118, -0.001248, 0.0, 0.001233, -0.013342, 0.999895, 0.375166, -0.001135, -0.999928, -0.013332, 0.0, 0.0, 0.0, 0.0, 1.0],
                [0.999999, -0.001078, -0.000934, 0.0, 0.001188, 0.267154, 0.963637, 0.375166, -0.000789, -0.963674, 0.267167, 0.0, 0.0, 0.0, 0.0, 1.0],
                [0.999999, -0.000979, -0.000693, 0.0, 0.00108, 0.48275, 0.875739, 0.375166, -0.000523, -0.875778, 0.482764, -0.0, 0.0, 0.0, 0.0, 1.0],
                [0.999999, -0.00089, -0.000556, -0.0, 0.000982, 0.605411, 0.795894, 0.375166, -0.000372, -0.795932, 0.605424, 0.0, 0.0, 0.0, 0.0, 1.0],
                [1.0, -0.000847, -0.000503, 0.0, 0.000934, 0.652657, 0.757634, 0.375166, -0.000313, -0.757671, 0.65267, 0.0, 0.0, 0.0, 0.0, 1.0],
                [1.0, -0.000843, -0.000499, -0.0, 0.00093, 0.657043, 0.753834, 0.375166, -0.000308, -0.753871, 0.657056, -0.0, 0.0, 0.0, 0.0, 1.0],
                [1.0, -0.00086, -0.000518, -0.0, 0.000948, 0.639325, 0.768917, 0.375166, -0.00033, -0.768955, 0.639338, -0.0, 0.0, 0.0, 0.0, 1.0],
                [0.999999, -0.000891, -0.000558, 0.0, 0.000983, 0.603771, 0.797138, 0.375166, -0.000374, -0.797176, 0.603785, 0.0, 0.0, 0.0, 0.0, 1.0],
                [0.999999, -0.000971, -0.000679, 0.0, 0.001071, 0.495593, 0.868536, 0.375166, -0.000507, -0.868575, 0.495606, 0.0, 0.0, 0.0, 0.0, 1.0],
                [0.999999, -0.001032, -0.000803, 0.0, 0.001138, 0.384779, 0.922991, 0.375166, -0.000644, -0.92303, 0.384792, 0.0, 0.0, 0.0, 0.0, 1.0],
                [0.999999, -0.001072, -0.000916, 0.0, 0.001183, 0.28363, 0.958917, 0.375166, -0.000768, -0.958955, 0.283642, -0.0, 0.0, 0.0, 0.0, 1.0],
                [0.999999, -0.001096, -0.001012, 0.0, 0.001209, 0.197585, 0.980269, 0.375166, -0.000875, -0.980306, 0.197596, 0.0, 0.0, 0.0, 0.0, 1.0],
                [0.999999, -0.001109, -0.00109, 0.0, 0.001223, 0.127676, 0.991799, 0.375166, -0.000961, -0.991835, 0.127687, -0.0, 0.0, 0.0, 0.0, 1.0],
                [0.999999, -0.001115, -0.001151, -0.0, 0.00123, 0.073579, 0.997273, 0.375166, -0.001028, -0.997308, 0.073589, 0.0, 0.0, 0.0, 0.0, 1.0],
                [0.999999, -0.001118, -0.001196, 0.0, 0.001233, 0.033513, 0.999422, 0.375166, -0.001077, -0.999457, 0.033523, -0.0, 0.0, 0.0, 0.0, 1.0],
                [0.999999, -0.001118, -0.001227, 0.0, 0.001233, 0.005895, 0.999966, 0.375166, -0.001111, -1.0, 0.005906, -0.0, 0.0, 0.0, 0.0, 1.0],
                [0.999999, -0.001118, -0.001226, -0.0, 0.001233, 0.006767, 0.999961, 0.375166, -0.00111, -0.999995, 0.006777, -0.0, 0.0, 0.0, 0.0, 1.0],
                [0.999999, -0.001118, -0.001205, 0.0, 0.001233, 0.025373, 0.999662, 0.375166, -0.001087, -0.999696, 0.025383, 0.0, 0.0, 0.0, 0.0, 1.0],
                [0.999999, -0.001117, -0.001177, -0.0, 0.001232, 0.050178, 0.998724, 0.375166, -0.001056, -0.998759, 0.050189, 0.0, 0.0, 0.0, 0.0, 1.0],
                [0.999999, -0.001115, -0.001154, -0.0, 0.00123, 0.07098, 0.997461, 0.375166, -0.001031, -0.997496, 0.07099, 0.0, 0.0, 0.0, 0.0, 1.0],
                [0.999999, -0.001115, -0.001145, -0.0, 0.001229, 0.079014, 0.996857, 0.375166, -0.001021, -0.996892, 0.079024, 0.0, 0.0, 0.0, 0.0, 1.0],
                [0.999999, -0.001116, -0.001156, -0.0, 0.00123, 0.069253, 0.997583, 0.375166, -0.001033, -0.997618, 0.069263, 0.0, 0.0, 0.0, 0.0, 1.0],
                [0.999999, -0.001117, -0.001185, -0.0, 0.001232, 0.04308, 0.999056, 0.375166, -0.001065, -0.99909, 0.04309, 0.0, 0.0, 0.0, 0.0, 1.0],
                [0.999998, -0.00111, -0.001366, -0.0, 0.001225, -0.118791, 0.992904, 0.375166, -0.001265, -0.992935, -0.118781, 0.0, 0.0, 0.0, 0.0, 1.0],
                [0.999998, -0.00107, -0.001557, 0.0, 0.001181, -0.289105, 0.957283, 0.375166, -0.001475, -0.957309, -0.289095, -0.0, 0.0, 0.0, 0.0, 1.0],
                [0.999998, -0.001106, -0.001399, 0.0, 0.00122, -0.14842, 0.98891, 0.375166, -0.001301, -0.988939, -0.14841, -0.0, 0.0, 0.0, 0.0, 1.0],
                [0.999999, -0.001095, -0.001008, 0.0, 0.001208, 0.201319, 0.979509, 0.375166, -0.00087, -0.979545, 0.20133, 0.0, 0.0, 0.0, 0.0, 1.0],
                [0.999999, -0.00106, -0.000878, 0.0, 0.001169, 0.31757, 0.948218, 0.375166, -0.000727, -0.948255, 0.317582, 0.0, 0.0, 0.0, 0.0, 1.0],
                [0.999999, -0.001088, -0.000976, 0.0, 0.0012, 0.230334, 0.973095, 0.375167, -0.000834, -0.973132, 0.230346, 0.0, 0.0, 0.0, 0.0, 1.0],
                [0.999999, -0.001107, -0.001076, 0.0, 0.001221, 0.140394, 0.99008, 0.375166, -0.000945, -0.990115, 0.140405, 0.0, 0.0, 0.0, 0.0, 1.0],
                [0.999999, -0.001111, -0.001104, 0.0, 0.001225, 0.115213, 0.993325, 0.375166, -0.000976, -0.993359, 0.115223, 0.0, 0.0, 0.0, 0.0, 1.0],
                [0.999999, -0.001102, -0.001044, -0.0, 0.001215, 0.169227, 0.985561, 0.375166, -0.00091, -0.985596, 0.169238, 0.0, 0.0, 0.0, 0.0, 1.0],
                [0.999999, -0.001081, -0.000948, 0.0, 0.001192, 0.25512, 0.966893, 0.375166, -0.000804, -0.966929, 0.255131, -0.0, 0.0, 0.0, 0.0, 1.0],
                [0.999999, -0.001057, -0.000869, -0.0, 0.001166, 0.325992, 0.945356, 0.375166, -0.000716, -0.945393, 0.326004, 0.0, 0.0, 0.0, 0.0, 1.0],
                [0.999999, -0.001031, -0.000799, 0.0, 0.001137, 0.388207, 0.921555, 0.375166, -0.000639, -0.921592, 0.38822, 0.0, 0.0, 0.0, 0.0, 1.0],
                [0.999999, -0.001001, -0.000735, 0.0, 0.001104, 0.445353, 0.895337, 0.375166, -0.000569, -0.895375, 0.445366, -0.0, 0.0, 0.0, 0.0, 1.0],
                [0.999999, -0.00097, -0.000676, -0.0, 0.001069, 0.498005, 0.867156, 0.375166, -0.000504, -0.867194, 0.498018, -0.0, 0.0, 0.0, 0.0, 1.0],
                [0.999999, -0.000937, -0.000623, 0.0, 0.001034, 0.545481, 0.838104, 0.375166, -0.000446, -0.838142, 0.545495, 0.0, 0.0, 0.0, 0.0, 1.0],
                [1.0, -0.000905, -0.000576, 0.0, 0.000998, 0.587476, 0.809223, 0.375166, -0.000394, -0.80926, 0.587489, 0.0, 0.0, 0.0, 0.0, 1.0],
                [0.999999, -0.000874, -0.000536, -0.0, 0.000964, 0.623321, 0.781947, 0.375166, -0.00035, -0.781983, 0.623334, -0.0, 0.0, 0.0, 0.0, 1.0],
                [1.0, -0.000848, -0.000504, 0.0, 0.000935, 0.651982, 0.758215, 0.375166, -0.000314, -0.758252, 0.651994, -0.0, 0.0, 0.0, 0.0, 1.0],
                [1.0, -0.000834, -0.000489, -0.0, 0.00092, 0.666032, 0.745903, 0.375166, -0.000297, -0.745939, 0.666045, -0.0, 0.0, 0.0, 0.0, 1.0],
                [1.0, -0.000823, -0.000477, 0.0, 0.000908, 0.676549, 0.736378, 0.375167, -0.000284, -0.736414, 0.676561, 0.0, 0.0, 0.0, 0.0, 1.0],
                [1.0, -0.000814, -0.000466, -0.0, 0.000897, 0.685932, 0.727646, 0.375167, -0.000272, -0.727681, 0.685944, -0.0, 0.0, 0.0, 0.0, 1.0],
                [1.0, -0.000804, -0.000456, -0.0, 0.000887, 0.695026, 0.718965, 0.375166, -0.000261, -0.719, 0.695038, -0.0, 0.0, 0.0, 0.0, 1.0],
                [0.999999, -0.000794, -0.000446, -0.0, 0.000876, 0.704117, 0.710064, 0.375166, -0.00025, -0.710099, 0.704129, 0.0, 0.0, 0.0, 0.0, 1.0],
                [0.999999, -0.000784, -0.000436, 0.0, 0.000864, 0.713316, 0.700823, 0.375166, -0.000239, -0.700858, 0.713327, 0.0, 0.0, 0.0, 0.0, 1.0],
                [1.0, -0.000773, -0.000426, -0.0, 0.000853, 0.722271, 0.691591, 0.375166, -0.000227, -0.691625, 0.722282, 0.0, 0.0, 0.0, 0.0, 1.0],
                [1.0, -0.000763, -0.000416, -0.0, 0.000842, 0.730899, 0.682467, 0.375167, -0.000217, -0.682501, 0.73091, 0.0, 0.0, 0.0, 0.0, 1.0],
                [1.0, -0.000754, -0.000407, -0.0, 0.000831, 0.738866, 0.673833, 0.375166, -0.000207, -0.673867, 0.738877, -0.0, 0.0, 0.0, 0.0, 1.0],
                [1.0, -0.000745, -0.000399, 0.0, 0.000822, 0.745837, 0.666109, 0.375166, -0.000198, -0.666143, 0.745848, -0.0, 0.0, 0.0, 0.0, 1.0],
                [1.0, -0.000741, -0.000396, -0.0, 0.000818, 0.748701, 0.662889, 0.375166, -0.000195, -0.662922, 0.748712, 0.0, 0.0, 0.0, 0.0, 1.0],
                [1.0, -0.000739, -0.000394, 0.0, 0.000815, 0.750556, 0.660788, 0.375166, -0.000193, -0.660821, 0.750566, 0.0, 0.0, 0.0, 0.0, 1.0],
                [1.0, -0.000737, -0.000392, 0.0, 0.000813, 0.75203, 0.659109, 0.375166, -0.000191, -0.659142, 0.752041, -0.0, 0.0, 0.0, 0.0, 1.0],
                [1.0, -0.000735, -0.000391, 0.0, 0.000811, 0.7533, 0.657658, 0.375166, -0.000189, -0.657691, 0.75331, 0.0, 0.0, 0.0, 0.0, 1.0],
                [1.0, -0.000734, -0.00039, 0.0, 0.00081, 0.754435, 0.656355, 0.375166, -0.000188, -0.656388, 0.754446, -0.0, 0.0, 0.0, 0.0, 1.0],
                [1.0, -0.000733, -0.000388, 0.0, 0.000808, 0.755472, 0.655162, 0.375166, -0.000187, -0.655195, 0.755483, -0.0, 0.0, 0.0, 0.0, 1.0],
                [1.0, -0.000731, -0.000387, 0.0, 0.000807, 0.756426, 0.654061, 0.375166, -0.000185, -0.654094, 0.756436, 0.0, 0.0, 0.0, 0.0, 1.0],
                [1.0, -0.00073, -0.000386, 0.0, 0.000805, 0.7573, 0.653048, 0.375166, -0.000184, -0.653081, 0.75731, -0.0, 0.0, 0.0, 0.0, 1.0],
                [1.0, -0.000729, -0.000385, 0.0, 0.000804, 0.758095, 0.652125, 0.375166, -0.000183, -0.652157, 0.758106, 0.0, 0.0, 0.0, 0.0, 1.0],
                [1.0, -0.000728, -0.000385, -0.0, 0.000803, 0.758807, 0.651297, 0.375166, -0.000182, -0.651329, 0.758817, -0.0, 0.0, 0.0, 0.0, 1.0],
                [1.0, -0.000728, -0.000384, 0.0, 0.000802, 0.759422, 0.650579, 0.375166, -0.000182, -0.650612, 0.759432, -0.0, 0.0, 0.0, 0.0, 1.0],
                [1.0, -0.000727, -0.000384, 0.0, 0.000802, 0.759931, 0.649984, 0.375166, -0.000181, -0.650017, 0.759941, 0.0, 0.0, 0.0, 0.0, 1.0],
                [1.0, -0.000726, -0.000383, -0.0, 0.000801, 0.760319, 0.649531, 0.375166, -0.000181, -0.649564, 0.760329, 0.0, 0.0, 0.0, 0.0, 1.0],
                [1.0, -0.000726, -0.000383, 0.0, 0.000801, 0.760565, 0.649243, 0.375166, -0.00018, -0.649275, 0.760575, -0.0, 0.0, 0.0, 0.0, 1.0],
                [1.0, -0.000726, -0.000383, 0.0, 0.000801, 0.760653, 0.64914, 0.375167, -0.00018, -0.649173, 0.760663, -0.0, 0.0, 0.0, 0.0, 1.0]
            ]
        },
        {
            "name": "Knee_R",
            "time": [0.0, 0.0167, 0.0333, 0.05, 0.0667, 0.0833, 0.1, 0.1167, 0.1333, 0.15, 0.1667, 0.1833, 0.2, 0.2167, 0.2333, 0.25, 0.2667, 0.2833, 0.3, 0.3167, 0.3333, 0.35, 0.3667, 0.3833, 0.4, 0.4167, 0.4333, 0.45, 0.4667, 0.4833, 0.5, 0.5167, 0.5333, 0.55, 0.5667, 0.5833, 0.6, 0.6167, 0.6333, 0.65, 0.6667, 0.6833, 0.7, 0.7167, 0.7333, 0.75, 0.7667, 0.7833, 0.8, 0.8167, 0.8333, 0.85, 0.8667, 0.8833, 0.9, 0.9167, 0.9333, 0.95, 0.9667, 0.9833, 1.0, 1.0167, 1.0333, 1.05, 1.0667, 1.0833, 1.1, 1.1167, 1.1333, 1.15, 1.1667, 1.1833, 1.2, 1.2167, 1.2333, 1.25],
            "transform": [
                [1.0, -7e-05, -3.7e-05, 0.0, 5.7e-05, 0.96298, -0.269572, 0.375166, 5.4e-05, 0.269572, 0.96298, 0.0, 0.0, 0.0, 0.0, 1.0],
                [1.0, -7e-05, -3.7e-05, -0.0, 5.7e-05, 0.96298, -0.269572, 0.375166, 5.4e-05, 0.269572, 0.96298, -0.0, 0.0, 0.0, 0.0, 1.0],
                [1.0, -7e-05, -3.7e-05, 0.0, 5.7e-05, 0.96298, -0.269572, 0.375166, 5.4e-05, 0.269572, 0.96298, 0.0, 0.0, 0.0, 0.0, 1.0],
                [1.0, -7e-05, -3.7e-05, 0.0, 5.7e-05, 0.96298, -0.269572, 0.375166, 5.4e-05, 0.269572, 0.96298, -0.0, 0.0, 0.0, 0.0, 1.0],
                [1.0, -7e-05, -3.7e-05, 0.0, 5.7e-05, 0.96298, -0.269572, 0.375166, 5.4e-05, 0.269572, 0.96298, -0.0, 0.0, 0.0, 0.0, 1.0],
                [1.0, -7e-05, -3.7e-05, 0.0, 5.7e-05, 0.96298, -0.269572, 0.375166, 5.4e-05, 0.269572, 0.96298, 0.0, 0.0, 0.0, 0.0, 1.0],
                [1.0, -7e-05, -3.7e-05, 0.0, 5.7e-05, 0.96298, -0.269572, 0.375166, 5.4e-05, 0.269572, 0.96298, 0.0, 0.0, 0.0, 0.0, 1.0],
                [1.0, -7e-05, -3.7e-05, -0.0, 5.7e-05, 0.96298, -0.269572, 0.375166, 5.4e-05, 0.269572, 0.96298, 0.0, 0.0, 0.0, 0.0, 1.0],
                [1.0, -7e-05, -3.7e-05, 0.0, 5.7e-05, 0.96298, -0.269572, 0.375166, 5.4e-05, 0.269572, 0.96298, -0.0, 0.0, 0.0, 0.0, 1.0],
                [1.0, -7e-05, -3.7e-05, 0.0, 5.7e-05, 0.96298, -0.269572, 0.375166, 5.4e-05, 0.269572, 0.96298, 0.0, 0.0, 0.0, 0.0, 1.0],
                [1.0, -7e-05, -3.7e-05, 0.0, 5.7e-05, 0.96298, -0.269572, 0.375166, 5.4e-05, 0.269572, 0.96298, 0.0, 0.0, 0.0, 0.0, 1.0],
                [1.0, -7e-05, -3.7e-05, 0.0, 5.7e-05, 0.96298, -0.269572, 0.375166, 5.4e-05, 0.269572, 0.96298, 0.0, 0.0, 0.0, 0.0, 1.0],
                [1.0, -7e-05, -3.7e-05, 0.0, 5.7e-05, 0.96298, -0.269572, 0.375166, 5.4e-05, 0.269572, 0.96298, -0.0, 0.0, 0.0, 0.0, 1.0],
                [1.0, -7e-05, -3.7e-05, -0.0, 5.7e-05, 0.96298, -0.269572, 0.375166, 5.4e-05, 0.269572, 0.96298, 0.0, 0.0, 0.0, 0.0, 1.0],
                [1.0, -7e-05, -3.7e-05, 0.0, 5.7e-05, 0.96298, -0.269572, 0.375166, 5.4e-05, 0.269572, 0.96298, 0.0, 0.0, 0.0, 0.0, 1.0],
                [1.0, -7e-05, -3.7e-05, -0.0, 5.7e-05, 0.96298, -0.269572, 0.375166, 5.4e-05, 0.269572, 0.96298, -0.0, 0.0, 0.0, 0.0, 1.0],
                [1.0, -7e-05, -3.7e-05, -0.0, 5.7e-05, 0.96298, -0.269572, 0.375166, 5.4e-05, 0.269572, 0.96298, -0.0, 0.0, 0.0, 0.0, 1.0],
                [1.0, -7e-05, -3.7e-05, 0.0, 5.7e-05, 0.96298, -0.269572, 0.375166, 5.4e-05, 0.269572, 0.96298, 0.0, 0.0, 0.0, 0.0, 1.0],
                [1.0, -7e-05, -3.7e-05, 0.0, 5.7e-05, 0.96298, -0.269572, 0.375166, 5.4e-05, 0.269572, 0.96298, 0.0, 0.0, 0.0, 0.0, 1.0],
                [1.0, -7e-05, -3.7e-05, 0.0, 5.7e-05, 0.96298, -0.269572, 0.375166, 5.4e-05, 0.269572, 0.96298, 0.0, 0.0, 0.0, 0.0, 1.0],
                [1.0, -7e-05, -3.7e-05, 0.0, 5.7e-05, 0.96298, -0.269572, 0.375166, 5.4e-05, 0.269572, 0.96298, -0.0, 0.0, 0.0, 0.0, 1.0],
                [1.0, -7e-05, -3.7e-05, 0.0, 5.7e-05, 0.96298, -0.269572, 0.375166, 5.4e-05, 0.269572, 0.96298, 0.0, 0.0, 0.0, 0.0, 1.0],
                [1.0, -7e-05, -3.7e-05, 0.0, 5.7e-05, 0.96298, -0.269572, 0.375166, 5.4e-05, 0.269572, 0.96298, -0.0, 0.0, 0.0, 0.0, 1.0],
                [1.0, -7e-05, -3.7e-05, -0.0, 5.7e-05, 0.96298, -0.269572, 0.375166, 5.4e-05, 0.269572, 0.96298, 0.0, 0.0, 0.0, 0.0, 1.0],
                [1.0, -7e-05, -3.7e-05, 0.0, 5.7e-05, 0.96298, -0.269572, 0.375166, 5.4e-05, 0.269572, 0.96298, -0.0, 0.0, 0.0, 0.0, 1.0],
                [1.0, -7e-05, -3.7e-05, 0.0, 5.7e-05, 0.96298, -0.269572, 0.375166, 5.4e-05, 0.269572, 0.96298, -0.0, 0.0, 0.0, 0.0, 1.0],
                [1.0, -7e-05, -3.7e-05, -0.0, 5.7e-05, 0.96298, -0.269572, 0.375166, 5.4e-05, 0.269572, 0.96298, -0.0, 0.0, 0.0, 0.0, 1.0],
                [1.0, -7e-05, -3.7e-05, 0.0, 5.7e-05, 0.96298, -0.269572, 0.375166, 5.4e-05, 0.269572, 0.96298, 0.0, 0.0, 0.0, 0.0, 1.0],
                [1.0, -7e-05, -3.7e-05, -0.0, 5.7e-05, 0.96298, -0.269572, 0.375166, 5.4e-05, 0.269572, 0.96298, 0.0, 0.0, 0.0, 0.0, 1.0],
                [1.0, -7e-05, -3.7e-05, -0.0, 5.7e-05, 0.96298, -0.269572, 0.375166, 5.4e-05, 0.269572, 0.96298, 0.0, 0.0, 0.0, 0.0, 1.0],
                [1.0, -7e-05, -3.7e-05, -0.0, 5.7e-05, 0.96298, -0.269572, 0.375166, 5.4e-05, 0.269572, 0.96298, 0.0, 0.0, 0.0, 0.0, 1.0],
                [1.0, -7e-05, -3.7e-05, -0.0, 5.7e-05, 0.96298, -0.269572, 0.375166, 5.4e-05, 0.269572, 0.96298, 0.0, 0.0, 0.0, 0.0, 1.0],
                [1.0, -7e-05, -3.7e-05, -0.0, 5.7e-05, 0.96298, -0.269572, 0.375166, 5.4e-05, 0.269572, 0.96298, 0.0, 0.0, 0.0, 0.0, 1.0],
                [1.0, -7e-05, -3.7e-05, -0.0, 5.7e-05, 0.96298, -0.269572, 0.375166, 5.4e-05, 0.269572, 0.96298, 0.0, 0.0, 0.0, 0.0, 1.0],
                [1.0, -7e-05, -3.7e-05, 0.0, 5.7e-05, 0.96298, -0.269572, 0.375166, 5.4e-05, 0.269572, 0.96298, -0.0, 0.0, 0.0, 0.0, 1.0],
