{
    "animation": [
        {
            "name": "Root",
            "time": [0.0, 0.0417, 0.0833, 0.125, 0.1667, 0.2083, 0.25, 0.2917, 0.3333, 0.375, 0.4167, 0.4583, 0.5, 0.5417, 0.5833, 0.625, 0.6667, 0.7083, 0.75, 0.7917, 0.8333, 0.875, 0.9167, 0.9583, 1.0, 1.0417, 1.0833, 1.125, 1.1667, 1.2083, 1.25, 1.2917, 1.3333, 1.375, 1.4167],
            "transform": [
                [1.0, 0.0, -0.0, -5e-06, -0.0, 0.0, -1.0, 0.000946, 0.0, 1.0, 0.0, 0.699153, 0.0, 0.0, 0.0, 1.0],
                [1.0, 0.0, -0.0, -0.002677, -0.0, 0.0, -1.0, 0.033426, 0.0, 1.0, 0.0, 0.672685, 0.0, 0.0, 0.0, 1.0],
                [1.0, 0.0, -0.0, -0.008435, -0.0, 0.0, -1.0, 0.065905, 0.0, 1.0, 0.0, 0.631562, 0.0, 0.0, 0.0, 1.0],
                [1.0, 0.0, -0.0, -0.014778, -0.0, 0.0, -1.0, -0.093327, 0.0, 1.0, 0.0, 0.606909, 0.0, 0.0, 0.0, 1.0],
                [1.0, 0.0, -0.0, -0.021081, -0.0, 0.0, -1.0, -0.304451, 0.0, 1.0, 0.0, 0.599056, 0.0, 0.0, 0.0, 1.0],
                [1.0, 0.0, -0.0, -0.028253, -0.0, 0.0, -1.0, -0.375591, 0.0, 1.0, 0.0, 0.60701, 0.0, 0.0, 0.0, 1.0],
                [1.0, 0.0, -0.0, -0.035327, -0.0, 0.0, -1.0, -0.404839, 0.0, 1.0, 0.0, 0.627919, 0.0, 0.0, 0.0, 1.0],
                [1.0, 0.0, -0.0, -0.037942, -0.0, 0.0, -1.0, -0.408237, 0.0, 1.0, 0.0, 0.647859, 0.0, 0.0, 0.0, 1.0],
                [1.0, 0.0, -0.0, -0.037758, -0.0, 0.0, -1.0, -0.407091, 0.0, 1.0, 0.0, 0.66458, 0.0, 0.0, 0.0, 1.0],
                [1.0, 0.0, -0.0, -0.03617, -0.0, 0.0, -1.0, -0.397231, 0.0, 1.0, 0.0, 0.67942, 0.0, 0.0, 0.0, 1.0],
                [1.0, 0.0, -0.0, -0.032309, -0.0, 0.0, -1.0, -0.373247, 0.0, 1.0, 0.0, 0.693126, 0.0, 0.0, 0.0, 1.0],
                [1.0, 0.0, -0.0, -0.018099, -0.0, 0.0, -1.0, -0.333743, 0.0, 1.0, 0.0, 0.708949, 0.0, 0.0, 0.0, 1.0],
                [1.0, 0.0, -0.0, 0.014706, -0.0, 0.0, -1.0, -0.215482, 0.0, 1.0, 0.0, 0.717229, 0.0, 0.0, 0.0, 1.0],
                [1.0, 0.0, -0.0, 0.066557, -0.0, 0.0, -1.0, 0.017831, 0.0, 1.0, 0.0, 0.651353, 0.0, 0.0, 0.0, 1.0],
                [1.0, 0.0, -0.0, 0.13426, -0.0, 0.0, -1.0, 0.370437, 0.0, 1.0, 0.0, 0.544537, 0.0, 0.0, 0.0, 1.0],
                [1.0, 0.0, -0.0, 0.221201, -0.0, 0.0, -1.0, 0.896108, 0.0, 1.0, 0.0, 0.491064, 0.0, 0.0, 0.0, 1.0],
                [1.0, 0.0, -0.0, 0.219685, -0.0, 0.0, -1.0, 1.157434, 0.0, 1.0, 0.0, 0.505535, 0.0, 0.0, 0.0, 1.0],
                [1.0, 0.0, -0.0, 0.206634, -0.0, 0.0, -1.0, 1.388276, 0.0, 1.0, 0.0, 0.539174, 0.0, 0.0, 0.0, 1.0],
                [1.0, 0.0, -0.0, 0.174892, -0.0, 0.0, -1.0, 1.786648, 0.0, 1.0, 0.0, 0.561888, 0.0, 0.0, 0.0, 1.0],
                [1.0, 0.0, -0.0, 0.077663, -0.0, 0.0, -1.0, 2.206689, 0.0, 1.0, 0.0, 0.569254, 0.0, 0.0, 0.0, 1.0],
                [1.0, 0.0, -0.0, 0.013374, -0.0, 0.0, -1.0, 2.453666, 0.0, 1.0, 0.0, 0.570307, 0.0, 0.0, 0.0, 1.0],
                [1.0, 0.0, -0.0, 0.017245, -0.0, 0.0, -1.0, 2.578798, 0.0, 1.0, 0.0, 0.565575, 0.0, 0.0, 0.0, 1.0],
                [1.0, 0.0, -0.0, 0.026287, -0.0, 0.0, -1.0, 2.665231, 0.0, 1.0, 0.0, 0.554521, 0.0, 0.0, 0.0, 1.0],
                [1.0, 0.0, -0.0, 0.037453, -0.0, 0.0, -1.0, 2.723448, 0.0, 1.0, 0.0, 0.540871, 0.0, 0.0, 0.0, 1.0],
                [1.0, 0.0, -0.0, 0.048503, -0.0, 0.0, -1.0, 2.761383, 0.0, 1.0, 0.0, 0.527362, 0.0, 0.0, 0.0, 1.0],
                [1.0, 0.0, -0.0, 0.057772, -0.0, 0.0, -1.0, 2.785145, 0.0, 1.0, 0.0, 0.516031, 0.0, 0.0, 0.0, 1.0],
                [1.0, 0.0, -0.0, 0.064005, -0.0, 0.0, -1.0, 2.799504, 0.0, 1.0, 0.0, 0.508411, 0.0, 0.0, 0.0, 1.0],
                [1.0, 0.0, -0.0, 0.066254, -0.0, 0.0, -1.0, 2.808227, 0.0, 1.0, 0.0, 0.505662, 0.0, 0.0, 0.0, 1.0],
                [1.0, 0.0, -0.0, 0.064255, -0.0, 0.0, -1.0, 2.81671, 0.0, 1.0, 0.0, 0.510018, 0.0, 0.0, 0.0, 1.0],
                [1.0, 0.0, -0.0, 0.059587, -0.0, 0.0, -1.0, 2.827247, 0.0, 1.0, 0.0, 0.520192, 0.0, 0.0, 0.0, 1.0],
                [1.0, 0.0, -0.0, 0.053822, -0.0, 0.0, -1.0, 2.838045, 0.0, 1.0, 0.0, 0.532757, 0.0, 0.0, 0.0, 1.0],
                [1.0, 0.0, -0.0, 0.048116, -0.0, 0.0, -1.0, 2.847799, 0.0, 1.0, 0.0, 0.545191, 0.0, 0.0, 0.0, 1.0],
                [1.0, 0.0, -0.0, 0.04333, -0.0, 0.0, -1.0, 2.855547, 0.0, 1.0, 0.0, 0.555621, 0.0, 0.0, 0.0, 1.0],
                [1.0, 0.0, -0.0, 0.040112, -0.0, 0.0, -1.0, 2.860573, 0.0, 1.0, 0.0, 0.562635, 0.0, 0.0, 0.0, 1.0],
                [1.0, 0.0, -0.0, 0.038951, -0.0, 0.0, -1.0, 2.862344, 0.0, 1.0, 0.0, 0.565165, 0.0, 0.0, 0.0, 1.0]
            ]
        },
        {
            "name": "Thigh_R",
            "time": [0.0, 0.0417, 0.0833, 0.125, 0.1667, 0.2083, 0.25, 0.2917, 0.3333, 0.375, 0.4167, 0.4583, 0.5, 0.5417, 0.5833, 0.625, 0.6667, 0.7083, 0.75, 0.7917, 0.8333, 0.875, 0.9167, 0.9583, 1.0, 1.0417, 1.0833, 1.125, 1.1667, 1.2083, 1.25, 1.2917, 1.3333, 1.375, 1.4167],
            "transform": [
                [0.951813, 0.15821, 0.262707, 0.114686, 0.122418, -0.981451, 0.147531, 0.003069, 0.281185, -0.108249, -0.953493, 0.087006, 0.0, 0.0, 0.0, 1.0],
                [0.946618, 0.185943, 0.26331, 0.114686, 0.146247, -0.975684, 0.163244, 0.003069, 0.287272, -0.116007, -0.950763, 0.087006, 0.0, 0.0, 0.0, 1.0],
                [0.937654, 0.230147, 0.260443, 0.114686, 0.181997, -0.96352, 0.196219, 0.003069, 0.296112, -0.136569, -0.945305, 0.087006, 0.0, 0.0, 0.0, 1.0],
                [0.952134, 0.250738, 0.17483, 0.114686, 0.120721, -0.833914, 0.538522, 0.003069, 0.280832, -0.491629, -0.824239, 0.087006, 0.0, 0.0, 0.0, 1.0],
                [0.965099, 0.224824, 0.134296, 0.114686, 0.039264, -0.631254, 0.774569, 0.003069, 0.258926, -0.742263, -0.618019, 0.087006, 0.0, 0.0, 0.0, 1.0],
                [0.966986, 0.214229, 0.137986, 0.114686, 0.021614, -0.608518, 0.79323, 0.003069, 0.25391, -0.764066, -0.593028, 0.087006, 0.0, 0.0, 0.0, 1.0],
                [0.967144, 0.204822, 0.150588, 0.114686, 0.020092, -0.652093, 0.757857, 0.003069, 0.253433, -0.72994, -0.634751, 0.087006, 0.0, 0.0, 0.0, 1.0],
                [0.966988, 0.195119, 0.163892, 0.114686, 0.021812, -0.704209, 0.709643, 0.003069, 0.253888, -0.682649, -0.685184, 0.087006, 0.0, 0.0, 0.0, 1.0],
                [0.967023, 0.183445, 0.176666, 0.114622, 0.021535, -0.750099, 0.66096, 0.002986, 0.253776, -0.635368, -0.72928, 0.086962, 0.0, 0.0, 0.0, 1.0],
                [0.966863, 0.173856, 0.186941, 0.114073, 0.023228, -0.789152, 0.613744, 0.002271, 0.254238, -0.589074, -0.767006, 0.086588, 0.0, 0.0, 0.0, 1.0],
                [0.96632, 0.169598, 0.193544, 0.112375, 0.028577, -0.81818, 0.574239, 5.6e-05, 0.255753, -0.549376, -0.795435, 0.085431, 0.0, 0.0, 0.0, 1.0],
                [0.966357, 0.158608, 0.202468, 0.10912, 0.028263, -0.84794, 0.529328, -0.004191, 0.255646, -0.505803, -0.82386, 0.083212, 0.0, 0.0, 0.0, 1.0],
                [0.96579, 0.145162, 0.214881, 0.10445, 0.033642, -0.891778, 0.451215, -0.01028, 0.257135, -0.428548, -0.866118, 0.080029, 0.0, 0.0, 0.0, 1.0],
                [0.959179, 0.152508, 0.23814, 0.090448, 0.082446, -0.956338, 0.280383, -0.02881, 0.270513, -0.249287, -0.929845, 0.075855, 0.0, 0.0, 0.0, 1.0],
                [0.921988, 0.00063, 0.387204, 0.081208, 0.234153, -0.797355, -0.556205, -0.040594, 0.3084, 0.603509, -0.735277, 0.064186, 0.0, 0.0, 0.0, 1.0],
                [0.838884, 0.145377, 0.524516, 0.081208, 0.36406, -0.86625, -0.342126, 0.063633, 0.40464, 0.477988, -0.77959, -0.126143, 0.0, 0.0, 0.0, 1.0],
                [0.940197, 0.247041, 0.234506, 0.083856, 0.18653, -0.94947, 0.252397, 0.057191, 0.28502, -0.193539, -0.938747, -0.119513, 0.0, 0.0, 0.0, 1.0],
                [0.992147, 0.047104, -0.115867, 0.090551, 0.118721, -0.646216, 0.753853, 0.040902, -0.039367, -0.761683, -0.646705, -0.102753, 0.0, 0.0, 0.0, 1.0],
                [0.933773, -0.026136, -0.356898, 0.09637, 0.285658, -0.546307, 0.787353, 0.026748, -0.215563, -0.837168, -0.50263, -0.088189, 0.0, 0.0, 0.0, 1.0],
                [0.859836, 0.145078, -0.489508, 0.100935, 0.459154, -0.639026, 0.617094, 0.015642, -0.223291, -0.755376, -0.61604, -0.076761, 0.0, 0.0, 0.0, 1.0],
                [0.825604, 0.292435, -0.482539, 0.102848, 0.526881, -0.705604, 0.473821, 0.010988, -0.201929, -0.645448, -0.736596, -0.071973, 0.0, 0.0, 0.0, 1.0],
                [0.830038, 0.250341, -0.498348, 0.102848, 0.520731, -0.667839, 0.531804, 0.010988, -0.199692, -0.70094, -0.68466, -0.071973, 0.0, 0.0, 0.0, 1.0],
                [0.834604, 0.20776, -0.510152, 0.102848, 0.514582, -0.624555, 0.58747, 0.010988, -0.196573, -0.752836, -0.628134, -0.071973, 0.0, 0.0, 0.0, 1.0],
                [0.839581, 0.168508, -0.516423, 0.102848, 0.508077, -0.580025, 0.636718, 0.010988, -0.192254, -0.796974, -0.572562, -0.071973, 0.0, 0.0, 0.0, 1.0],
                [0.845108, 0.135667, -0.517078, 0.102848, 0.501021, -0.538378, 0.677575, 0.010988, -0.186467, -0.831706, -0.522929, -0.071973, 0.0, 0.0, 0.0, 1.0],
                [0.851206, 0.111664, -0.5128, 0.102848, 0.493374, -0.503447, 0.709297, 0.010988, -0.178973, -0.856773, -0.483599, -0.071973, 0.0, 0.0, 0.0, 1.0],
                [0.857765, 0.098389, -0.504523, 0.102848, 0.485275, -0.478728, 0.731645, 0.010988, -0.169551, -0.872426, -0.458351, -0.071973, 0.0, 0.0, 0.0, 1.0],
                [0.864545, 0.0972, -0.493052, 0.102848, 0.477072, -0.467189, 0.744388, 0.010988, -0.158001, -0.878791, -0.450247, -0.071973, 0.0, 0.0, 0.0, 1.0],
                [0.874264, 0.112453, -0.472234, 0.102848, 0.465125, -0.472584, 0.748531, 0.010988, -0.139002, -0.874074, -0.465437, -0.071973, 0.0, 0.0, 0.0, 1.0],
                [0.885361, 0.138734, -0.44371, 0.102848, 0.450456, -0.492095, 0.744922, 0.010988, -0.115007, -0.859408, -0.498144, -0.071972, 0.0, 0.0, 0.0, 1.0],
                [0.895306, 0.168273, -0.412436, 0.102848, 0.436257, -0.518388, 0.73548, 0.010988, -0.090045, -0.838419, -0.537494, -0.071973, 0.0, 0.0, 0.0, 1.0],
                [0.902997, 0.195689, -0.382485, 0.102848, 0.424342, -0.54566, 0.722611, 0.010988, -0.067303, -0.814831, -0.575736, -0.071973, 0.0, 0.0, 0.0, 1.0],
                [0.908241, 0.217543, -0.357445, 0.102848, 0.415545, -0.569331, 0.70934, 0.010988, -0.049195, -0.792797, -0.607456, -0.071973, 0.0, 0.0, 0.0, 1.0],
                [0.911242, 0.231633, -0.340556, 0.102848, 0.410164, -0.585551, 0.699196, 0.010988, -0.037458, -0.776831, -0.628553, -0.071973, 0.0, 0.0, 0.0, 1.0],
                [0.912226, 0.236597, -0.334455, 0.102848, 0.408329, -0.591482, 0.695266, 0.010988, -0.033329, -0.770819, -0.636142, -0.071973, 0.0, 0.0, 0.0, 1.0]
            ]
        },
        {
            "name": "Leg_R",
            "time": [0.0, 0.0417, 0.0833, 0.125, 0.1667, 0.2083, 0.25, 0.2917, 0.3333, 0.375, 0.4167, 0.4583, 0.5, 0.5417, 0.5833, 0.625, 0.6667, 0.7083, 0.75, 0.7917, 0.8333, 0.875, 0.9167, 0.9583, 1.0, 1.0417, 1.0833, 1.125, 1.1667, 1.2083, 1.25, 1.2917, 1.3333, 1.375, 1.4167],
            "transform": [
                [1.0, -0.000697, -0.000359, 0.0, 0.000769, 0.781683, 0.623658, 0.375166, -0.000154, -0.62369, 0.781693, 0.0, 0.0, 0.0, 0.0, 1.0],
                [1.0, -0.000805, -0.000458, 0.0, 0.000888, 0.693684, 0.72026, 0.375166, -0.000263, -0.720296, 0.693696, 0.0, 0.0, 0.0, 0.0, 1.0],
                [0.999999, -0.000931, -0.000614, -0.0, 0.001027, 0.553824, 0.832615, 0.375166, -0.000435, -0.832653, 0.553838, -0.0, 0.0, 0.0, 0.0, 1.0],
                [0.999999, -0.001068, -0.000903, -0.0, 0.001178, 0.2955, 0.955326, 0.375166, -0.000754, -0.955363, 0.295512, -0.0, 0.0, 0.0, 0.0, 1.0],
                [0.999999, -0.001052, -0.000855, -0.0, 0.001161, 0.338555, 0.94093, 0.375166, -0.000701, -0.940967, 0.338568, 0.0, 0.0, 0.0, 0.0, 1.0],
                [0.999999, -0.000986, -0.000706, -0.0, 0.001088, 0.471694, 0.881744, 0.375166, -0.000537, -0.881782, 0.471708, 0.0, 0.0, 0.0, 0.0, 1.0],
                [0.999999, -0.000881, -0.000544, 0.0, 0.000972, 0.615938, 0.787776, 0.375166, -0.000359, -0.787813, 0.61595, 0.0, 0.0, 0.0, 0.0, 1.0],
                [1.0, -0.000784, -0.000436, -0.0, 0.000865, 0.712681, 0.701469, 0.375166, -0.000239, -0.701503, 0.712693, -0.0, 0.0, 0.0, 0.0, 1.0],
                [1.0, -0.00069, -0.000353, 0.0, 0.000761, 0.786906, 0.617054, 0.375166, -0.000148, -0.617085, 0.786916, -0.0, 0.0, 0.0, 0.0, 1.0],
                [1.0, -0.000616, -0.0003, -0.0, 0.00068, 0.834513, 0.550971, 0.375166, -8.9e-05, -0.550999, 0.834521, -0.0, 0.0, 0.0, 0.0, 1.0],
                [1.0, -0.000595, -0.000287, 0.0, 0.000656, 0.846562, 0.532273, 0.375166, -7.4e-05, -0.532299, 0.84657, -0.0, 0.0, 0.0, 0.0, 1.0],
                [1.0, -0.00061, -0.000296, 0.0, 0.000673, 0.837877, 0.545843, 0.375166, -8.5e-05, -0.54587, 0.837885, 0.0, 0.0, 0.0, 0.0, 1.0],
                [1.0, -0.000758, -0.000411, 0.0, 0.000836, 0.735057, 0.677986, 0.375166, -0.000212, -0.67802, 0.735069, -0.0, 0.0, 0.0, 0.0, 1.0],
                [0.999999, -0.001005, -0.000742, -0.0, 0.001108, 0.439388, 0.898279, 0.375166, -0.000576, -0.898318, 0.439402, -0.0, 0.0, 0.0, 0.0, 1.0],
                [1.0, -0.000439, -0.000205, -0.0, 0.000484, 0.919724, 0.392553, 0.375166, 1.6e-05, -0.392571, 0.919728, 0.0, 0.0, 0.0, 0.0, 1.0],
                [1.0, -0.000708, -0.000368, -0.0, 0.000781, 0.773679, 0.633558, 0.375166, -0.000164, -0.633592, 0.77369, 0.0, 0.0, 0.0, 0.0, 1.0],
                [0.999999, -0.001103, -0.001052, -0.0, 0.001217, 0.162274, 0.986729, 0.375166, -0.000918, -0.986765, 0.162285, -0.0, 0.0, 0.0, 0.0, 1.0],
                [0.999999, -0.001117, -0.001179, 0.0, 0.001232, 0.048706, 0.998798, 0.375166, -0.001058, -0.998831, 0.048715, -0.0, 0.0, 0.0, 0.0, 1.0],
                [0.999999, -0.001002, -0.000738, -0.0, 0.001106, 0.443224, 0.896393, 0.375166, -0.000572, -0.896431, 0.443237, -0.0, 0.0, 0.0, 0.0, 1.0],
                [1.0, -0.00064, -0.000317, 0.0, 0.000706, 0.819756, 0.572696, 0.375166, -0.000107, -0.572724, 0.819765, 0.0, 0.0, 0.0, 0.0, 1.0],
                [1.0, -0.000324, -0.000163, 0.0, 0.000357, 0.95712, 0.289684, 0.375166, 6.2e-05, -0.289694, 0.957122, 0.0, 0.0, 0.0, 0.0, 1.0],
                [1.0, -0.000515, -0.000241, 0.0, 0.000568, 0.88781, 0.460196, 0.375166, -2.3e-05, -0.460218, 0.887816, -0.0, 0.0, 0.0, 0.0, 1.0],
                [1.0, -0.000664, -0.000334, 0.0, 0.000733, 0.804401, 0.594068, 0.375166, -0.000126, -0.594098, 0.804411, 0.0, 0.0, 0.0, 0.0, 1.0],
                [0.999999, -0.000776, -0.000428, -0.0, 0.000856, 0.719802, 0.694161, 0.375166, -0.000231, -0.694195, 0.719813, 0.0, 0.0, 0.0, 0.0, 1.0],
                [1.0, -0.000856, -0.000514, 0.0, 0.000945, 0.64302, 0.765831, 0.375167, -0.000325, -0.765867, 0.643032, 0.0, 0.0, 0.0, 0.0, 1.0],
                [1.0, -0.000911, -0.000585, 0.0, 0.001005, 0.57966, 0.81484, 0.375166, -0.000403, -0.814877, 0.579673, -0.0, 0.0, 0.0, 0.0, 1.0],
                [0.999999, -0.000946, -0.000637, 0.0, 0.001043, 0.533142, 0.846007, 0.375167, -0.000461, -0.846045, 0.533155, 0.0, 0.0, 0.0, 0.0, 1.0],
                [0.999999, -0.000965, -0.000668, 0.0, 0.001064, 0.505644, 0.862723, 0.375166, -0.000495, -0.862761, 0.505658, 0.0, 0.0, 0.0, 0.0, 1.0],
                [0.999999, -0.000966, -0.00067, -0.0, 0.001066, 0.503544, 0.863951, 0.375167, -0.000497, -0.863989, 0.503558, 0.0, 0.0, 0.0, 0.0, 1.0],
                [0.999999, -0.000953, -0.000649, 0.0, 0.001051, 0.522726, 0.852482, 0.375166, -0.000474, -0.85252, 0.522739, 0.0, 0.0, 0.0, 0.0, 1.0],
                [0.999999, -0.000931, -0.000614, 0.0, 0.001027, 0.553781, 0.832643, 0.375166, -0.000435, -0.832681, 0.553794, -0.0, 0.0, 0.0, 0.0, 1.0],
                [0.999999, -0.000904, -0.000575, -0.0, 0.000997, 0.588711, 0.808325, 0.375166, -0.000392, -0.808362, 0.588724, -0.0, 0.0, 0.0, 0.0, 1.0],
                [0.999999, -0.000877, -0.000539, 0.0, 0.000967, 0.620599, 0.784109, 0.375166, -0.000353, -0.784146, 0.620612, -0.0, 0.0, 0.0, 0.0, 1.0],
                [1.0, -0.000856, -0.000514, -0.0, 0.000944, 0.643087, 0.765774, 0.375166, -0.000325, -0.76581, 0.6431, -0.0, 0.0, 0.0, 0.0, 1.0],
                [1.0, -0.000848, -0.000505, 0.0, 0.000936, 0.651452, 0.758671, 0.375166, -0.000315, -0.758707, 0.651464, -0.0, 0.0, 0.0, 0.0, 1.0]
            ]
        },
        {
            "name": "Knee_R",
            "time": [0.0, 0.0417, 0.0833, 0.125, 0.1667, 0.2083, 0.25, 0.2917, 0.3333, 0.375, 0.4167, 0.4583, 0.5, 0.5417, 0.5833, 0.625, 0.6667, 0.7083, 0.75, 0.7917, 0.8333, 0.875, 0.9167, 0.9583, 1.0, 1.0417, 1.0833, 1.125, 1.1667, 1.2083, 1.25, 1.2917, 1.3333, 1.375, 1.4167],
            "transform": [
                [1.0, -5.9e-05, 5.2e-05, 0.0, 5.7e-05, 0.087098, -0.9962, 0.375166, 5.4e-05, 0.9962, 0.087098, 0.0, 0.0, 0.0, 0.0, 1.0],
                [1.0, -5.9e-05, 5.2e-05, 0.0, 5.7e-05, 0.087098, -0.9962, 0.375166, 5.4e-05, 0.9962, 0.087098, 0.0, 0.0, 0.0, 0.0, 1.0],
                [1.0, -5.9e-05, 5.2e-05, -0.0, 5.7e-05, 0.087098, -0.9962, 0.375166, 5.4e-05, 0.9962, 0.087098, -0.0, 0.0, 0.0, 0.0, 1.0],
                [1.0, -5.9e-05, 5.2e-05, -0.0, 5.7e-05, 0.087098, -0.9962, 0.375166, 5.4e-05, 0.9962, 0.087098, -0.0, 0.0, 0.0, 0.0, 1.0],
                [1.0, -5.9e-05, 5.2e-05, -0.0, 5.7e-05, 0.087098, -0.9962, 0.375166, 5.4e-05, 0.9962, 0.087098, 0.0, 0.0, 0.0, 0.0, 1.0],
                [1.0, -5.9e-05, 5.2e-05, -0.0, 5.7e-05, 0.087098, -0.9962, 0.375166, 5.4e-05, 0.9962, 0.087098, 0.0, 0.0, 0.0, 0.0, 1.0],
                [1.0, -5.9e-05, 5.2e-05, 0.0, 5.7e-05, 0.087098, -0.9962, 0.375166, 5.4e-05, 0.9962, 0.087098, 0.0, 0.0, 0.0, 0.0, 1.0],
                [1.0, -5.9e-05, 5.2e-05, -0.0, 5.7e-05, 0.087098, -0.9962, 0.375166, 5.4e-05, 0.9962, 0.087098, -0.0, 0.0, 0.0, 0.0, 1.0],
                [1.0, -5.9e-05, 5.2e-05, 0.0, 5.7e-05, 0.087098, -0.9962, 0.375166, 5.4e-05, 0.9962, 0.087098, -0.0, 0.0, 0.0, 0.0, 1.0],
                [1.0, -5.9e-05, 5.2e-05, -0.0, 5.7e-05, 0.087098, -0.9962, 0.375166, 5.4e-05, 0.9962, 0.087098, -0.0, 0.0, 0.0, 0.0, 1.0],
                [1.0, -5.9e-05, 5.2e-05, 0.0, 5.7e-05, 0.087098, -0.9962, 0.375166, 5.4e-05, 0.9962, 0.087098, -0.0, 0.0, 0.0, 0.0, 1.0],
                [1.0, -5.9e-05, 5.2e-05, 0.0, 5.7e-05, 0.087098, -0.9962, 0.375166, 5.4e-05, 0.9962, 0.087098, 0.0, 0.0, 0.0, 0.0, 1.0],
                [1.0, -5.9e-05, 5.2e-05, 0.0, 5.7e-05, 0.087098, -0.9962, 0.375166, 5.4e-05, 0.9962, 0.087098, -0.0, 0.0, 0.0, 0.0, 1.0],
                [1.0, -5.9e-05, 5.2e-05, -0.0, 5.7e-05, 0.087098, -0.9962, 0.375166, 5.4e-05, 0.9962, 0.087098, -0.0, 0.0, 0.0, 0.0, 1.0],
                [1.0, -5.9e-05, 5.2e-05, -0.0, 5.7e-05, 0.087098, -0.9962, 0.375166, 5.4e-05, 0.9962, 0.087098, 0.0, 0.0, 0.0, 0.0, 1.0],
                [1.0, -5.9e-05, 5.2e-05, -0.0, 5.7e-05, 0.087098, -0.9962, 0.375166, 5.4e-05, 0.9962, 0.087098, 0.0, 0.0, 0.0, 0.0, 1.0],
                [1.0, -5.9e-05, 5.2e-05, -0.0, 5.7e-05, 0.087098, -0.9962, 0.375166, 5.4e-05, 0.9962, 0.087098, -0.0, 0.0, 0.0, 0.0, 1.0],
                [1.0, -5.9e-05, 5.2e-05, 0.0, 5.7e-05, 0.087098, -0.9962, 0.375166, 5.4e-05, 0.9962, 0.087098, -0.0, 0.0, 0.0, 0.0, 1.0],
                [1.0, -5.9e-05, 5.2e-05, -0.0, 5.7e-05, 0.087098, -0.9962, 0.375166, 5.4e-05, 0.9962, 0.087098, -0.0, 0.0, 0.0, 0.0, 1.0],
                [1.0, -5.9e-05, 5.2e-05, 0.0, 5.7e-05, 0.087098, -0.9962, 0.375166, 5.4e-05, 0.9962, 0.087098, 0.0, 0.0, 0.0, 0.0, 1.0],
                [1.0, -5.9e-05, 5.2e-05, 0.0, 5.7e-05, 0.087098, -0.9962, 0.375166, 5.4e-05, 0.9962, 0.087098, 0.0, 0.0, 0.0, 0.0, 1.0],
                [1.0, -5.9e-05, 5.2e-05, 0.0, 5.7e-05, 0.087098, -0.9962, 0.375166, 5.4e-05, 0.9962, 0.087098, -0.0, 0.0, 0.0, 0.0, 1.0],
                [1.0, -5.9e-05, 5.2e-05, 0.0, 5.7e-05, 0.087098, -0.9962, 0.375166, 5.4e-05, 0.9962, 0.087098, 0.0, 0.0, 0.0, 0.0, 1.0],
                [1.0, -5.9e-05, 5.2e-05, -0.0, 5.7e-05, 0.087098, -0.9962, 0.375166, 5.4e-05, 0.9962, 0.087098, 0.0, 0.0, 0.0, 0.0, 1.0],
                [1.0, -5.9e-05, 5.2e-05, 0.0, 5.7e-05, 0.087098, -0.9962, 0.375167, 5.4e-05, 0.9962, 0.087098, 0.0, 0.0, 0.0, 0.0, 1.0],
                [1.0, -5.9e-05, 5.2e-05, 0.0, 5.7e-05, 0.087098, -0.9962, 0.375166, 5.4e-05, 0.9962, 0.087098, -0.0, 0.0, 0.0, 0.0, 1.0],
                [1.0, -5.9e-05, 5.2e-05, 0.0, 5.7e-05, 0.087098, -0.9962, 0.375167, 5.4e-05, 0.9962, 0.087098, 0.0, 0.0, 0.0, 0.0, 1.0],
                [1.0, -5.9e-05, 5.2e-05, 0.0, 5.7e-05, 0.087098, -0.9962, 0.375166, 5.4e-05, 0.9962, 0.087098, 0.0, 0.0, 0.0, 0.0, 1.0],
                [1.0, -5.9e-05, 5.2e-05, -0.0, 5.7e-05, 0.087098, -0.9962, 0.375167, 5.4e-05, 0.9962, 0.087098, 0.0, 0.0, 0.0, 0.0, 1.0],
                [1.0, -5.9e-05, 5.2e-05, 0.0, 5.7e-05, 0.087098, -0.9962, 0.375166, 5.4e-05, 0.9962, 0.087098, 0.0, 0.0, 0.0, 0.0, 1.0],
                [1.0, -5.9e-05, 5.2e-05, 0.0, 5.7e-05, 0.087098, -0.9962, 0.375166, 5.4e-05, 0.9962, 0.087098, -0.0, 0.0, 0.0, 0.0, 1.0],
                [1.0, -5.9e-05, 5.2e-05, -0.0, 5.7e-05, 0.087098, -0.9962, 0.375166, 5.4e-05, 0.9962, 0.087098, -0.0, 0.0, 0.0, 0.0, 1.0],
                [1.0, -5.9e-05, 5.2e-05, 0.0, 5.7e-05, 0.087098, -0.9962, 0.375166, 5.4e-05, 0.9962, 0.087098, -0.0, 0.0, 0.0, 0.0, 1.0],
                [1.0, -5.9e-05, 5.2e-05, -0.0, 5.7e-05, 0.087098, -0.9962, 0.375166, 5.4e-05, 0.9962, 0.087098, -0.0, 0.0, 0.0, 0.0, 1.0],
                [1.0, -5.9e-05, 5.2e-05, 0.0, 5.7e-05, 0.087098, -0.9962, 0.375166, 5.4e-05, 0.9962, 0.087098, -0.0, 0.0, 0.0, 0.0, 1.0]
            ]
        },
        {
            "name": "Thigh_L",
            "time": [0.0, 0.0417, 0.0833, 0.125, 0.1667, 0.2083, 0.25, 0.2917, 0.3333, 0.375, 0.4167, 0.4583, 0.5, 0.5417, 0.5833, 0.625, 0.6667, 0.7083, 0.75, 0.7917, 0.8333, 0.875, 0.9167, 0.9583, 1.0, 1.0417, 1.0833, 1.125, 1.1667, 1.2083, 1.25, 1.2917, 1.3333, 1.375, 1.4167],
            "transform": [
                [0.998612, -0.024611, 0.046559, -0.133205, -0.046461, -0.827989, 0.558803, -0.002831, 0.024799, -0.560197, -0.82794, -0.050767, 0.0, 0.0, 0.0, 1.0],
                [0.998744, -0.017756, 0.046859, -0.133205, -0.043198, -0.779027, 0.625488, -0.002831, 0.0254, -0.62673, -0.778773, -0.050767, 0.0, 0.0, 0.0, 1.0],
                [0.999029, -0.007388, 0.043438, -0.133205, -0.035555, -0.717463, 0.695676, -0.002831, 0.026026, -0.696544, -0.716989, -0.050767, 0.0, 0.0, 0.0, 1.0],
                [0.999249, 0.000927, 0.038725, -0.133205, -0.03137, -0.567134, 0.823008, -0.002831, 0.022727, -0.823615, -0.56664, -0.050767, 0.0, 0.0, 0.0, 1.0],
                [0.999565, 0.004635, 0.02911, -0.133205, -0.022956, -0.497169, 0.867323, -0.002831, 0.018493, -0.867636, -0.49681, -0.050767, 0.0, 0.0, 0.0, 1.0],
                [0.999879, 0.013703, 0.007367, -0.133205, -0.002086, -0.351155, 0.936288, -0.002831, 0.015418, -0.936206, -0.351049, -0.050767, 0.0, 0.0, 0.0, 1.0],
                [0.999618, 0.018481, -0.020561, -0.133205, 0.025189, -0.302322, 0.952851, -0.002831, 0.011394, -0.95301, -0.302639, -0.050767, 0.0, 0.0, 0.0, 1.0],
                [0.998927, 0.01843, -0.042491, -0.133205, 0.045978, -0.283953, 0.957716, -0.002831, 0.005585, -0.958641, -0.284465, -0.050767, 0.0, 0.0, 0.0, 1.0],
                [0.997848, 0.012919, -0.064282, -0.133189, 0.065555, -0.216315, 0.9741, -0.001476, -0.001321, -0.976217, -0.216668, -0.05677, 0.0, 0.0, 0.0, 1.0],
                [0.996369, 0.007905, -0.084769, -0.133055, 0.084698, -0.193102, 0.977497, 0.002732, -0.008642, -0.981124, -0.193044, -0.073874, 0.0, 0.0, 0.0, 1.0],
                [0.99581, 0.007947, -0.0911, -0.132639, 0.090225, -0.247777, 0.964589, 0.009189, -0.014907, -0.96876, -0.247431, -0.096361, 0.0, 0.0, 0.0, 1.0],
                [0.998198, -0.00561, -0.059746, -0.131841, 0.05667, -0.239431, 0.96924, 0.016272, -0.019744, -0.970873, -0.238656, -0.114895, 0.0, 0.0, 0.0, 1.0],
                [0.999374, -0.027461, 0.022289, -0.130698, -0.024696, -0.090697, 0.99555, 0.022517, -0.025319, -0.995478, -0.091291, -0.123331, 0.0, 0.0, 0.0, 1.0],
                [0.994833, -0.078478, 0.064414, -0.127268, -0.086916, -0.330392, 0.939803, 0.028462, -0.052474, -0.940568, -0.335471, -0.125119, 0.0, 0.0, 0.0, 1.0],
                [0.982149, -0.18093, 0.05146, -0.125006, -0.148413, -0.577256, 0.802936, 0.035611, -0.115575, -0.796262, -0.593766, -0.125067, 0.0, 0.0, 0.0, 1.0],
                [0.917553, -0.363063, 0.162114, -0.129595, -0.345589, -0.526573, 0.776702, 0.035611, -0.196636, -0.768687, -0.608593, 0.084897, 0.0, 0.0, 0.0, 1.0],
                [0.871993, -0.489423, -0.009371, -0.121523, -0.431364, -0.777315, 0.45793, 0.032912, -0.231416, -0.39525, -0.8889, 0.095461, 0.0, 0.0, 0.0, 1.0],
                [0.851343, -0.499746, -0.159558, -0.101116, -0.464081, -0.859266, 0.21514, 0.027231, -0.24463, -0.109087, -0.963419, 0.098755, 0.0, 0.0, 0.0, 1.0],
                [0.853106, -0.448027, -0.267336, -0.083382, -0.461314, -0.887113, 0.014621, 0.022298, -0.243719, 0.110879, -0.963448, 0.101539, 0.0, 0.0, 0.0, 1.0],
                [0.755723, -0.391951, -0.524619, -0.069467, -0.475351, -0.879355, -0.027749, 0.018315, -0.45047, 0.270377, -0.850834, 0.106022, 0.0, 0.0, 0.0, 1.0],
                [0.183327, -0.399714, -0.898073, -0.063636, -0.591942, -0.774291, 0.22378, 0.016609, -0.784854, 0.49061, -0.378549, 0.108649, 0.0, 0.0, 0.0, 1.0],
                [-0.120217, -0.382956, -0.915863, -0.063636, -0.588618, -0.715439, 0.376391, 0.016609, -0.799422, 0.58437, -0.139411, 0.108649, 0.0, 0.0, 0.0, 1.0],
                [-0.183354, -0.403686, -0.896289, -0.063636, -0.589747, -0.68432, 0.428832, 0.016609, -0.786498, 0.60724, -0.112606, 0.108649, 0.0, 0.0, 0.0, 1.0],
                [-0.164559, -0.447084, -0.879178, -0.063636, -0.603749, -0.65923, 0.448211, 0.016609, -0.780004, 0.604588, -0.161449, 0.108649, 0.0, 0.0, 0.0, 1.0],
                [-0.125411, -0.492682, -0.861077, -0.063636, -0.620141, -0.63858, 0.455667, 0.016609, -0.774401, 0.591163, -0.22545, 0.108649, 0.0, 0.0, 0.0, 1.0],
                [-0.078806, -0.530171, -0.844172, -0.063636, -0.635788, -0.625535, 0.452184, 0.016609, -0.767829, 0.572378, -0.287783, 0.108649, 0.0, 0.0, 0.0, 1.0],
                [-0.029387, -0.554424, -0.831666, -0.063636, -0.648919, -0.622305, 0.437759, 0.016609, -0.760289, 0.552578, -0.341489, 0.108649, 0.0, 0.0, 0.0, 1.0],
                [0.02048, -0.56232, -0.826617, -0.063636, -0.658044, -0.63007, 0.41229, 0.016609, -0.7527, 0.535536, -0.382934, 0.108649, 0.0, 0.0, 0.0, 1.0],
                [0.069752, -0.555312, -0.828663, -0.063636, -0.658085, -0.649939, 0.38013, 0.016609, -0.749706, 0.518845, -0.410773, 0.108649, 0.0, 0.0, 0.0, 1.0],
                [0.117848, -0.534338, -0.836966, -0.063636, -0.650638, -0.678307, 0.341419, 0.016609, -0.750188, 0.504356, -0.427593, 0.108649, 0.0, 0.0, 0.0, 1.0],
                [0.162955, -0.505679, -0.847144, -0.063636, -0.639057, -0.708299, 0.29986, 0.016609, -0.751699, 0.492539, -0.438571, 0.108649, 0.0, 0.0, 0.0, 1.0],
                [0.2027, -0.474492, -0.856557, -0.063636, -0.62621, -0.735328, 0.259139, 0.016609, -0.752844, 0.483885, -0.446174, 0.108649, 0.0, 0.0, 0.0, 1.0],
                [0.234493, -0.445979, -0.863733, -0.063636, -0.614606, -0.756445, 0.223718, 0.016609, -0.753175, 0.478424, -0.451473, 0.108649, 0.0, 0.0, 0.0, 1.0],
                [0.255659, -0.425463, -0.868066, -0.063636, -0.606409, -0.769912, 0.198754, 0.016609, -0.752932, 0.475618, -0.454829, 0.108649, 0.0, 0.0, 0.0, 1.0],
                [0.263388, -0.417751, -0.8695, -0.063636, -0.603372, -0.774641, 0.189401, 0.016609, -0.752708, 0.474775, -0.456079, 0.108649, 0.0, 0.0, 0.0, 1.0]
            ]
        },
        {
            "name": "Leg_L",
            "time": [0.0, 0.0417, 0.0833, 0.125, 0.1667, 0.2083, 0.25, 0.2917, 0.3333, 0.375, 0.4167, 0.4583, 0.5, 0.5417, 0.5833, 0.625, 0.6667, 0.7083, 0.75, 0.7917, 0.8333, 0.875, 0.9167, 0.9583, 1.0, 1.0417, 1.0833, 1.125, 1.1667, 1.2083, 1.25, 1.2917, 1.3333, 1.375, 1.4167],
            "transform": [
                [1.0, 1e-06, 1e-06, -0.0, -2e-06, 0.791614, 0.611, 0.375166, -0.0, -0.611037, 0.791626, -0.0, 0.0, 0.0, 0.0, 1.0],
                [1.0, 2e-06, 2e-06, 0.0, -2e-06, 0.625644, 0.780086, 0.375166, 0.0, -0.780131, 0.625659, 0.0, 0.0, 0.0, 0.0, 1.0],
                [1.0, 2e-06, 2e-06, 0.0, -3e-06, 0.406739, 0.913524, 0.375166, 1e-06, -0.913569, 0.406753, -0.0, 0.0, 0.0, 0.0, 1.0],
                [1.0, 2e-06, 2e-06, 0.0, -3e-06, 0.47412, 0.880439, 0.375166, 1e-06, -0.880485, 0.474135, 0.0, 0.0, 0.0, 0.0, 1.0],
                [1.0, 2e-06, 1e-06, 0.0, -2e-06, 0.702493, 0.711668, 0.375166, 0.0, -0.71171, 0.702507, -0.0, 0.0, 0.0, 0.0, 1.0],
                [1.0, 2e-06, 2e-06, 0.0, -3e-06, 0.374803, 0.927084, 0.375166, 1e-06, -0.92713, 0.374817, 0.0, 0.0, 0.0, 0.0, 1.0],
                [1.0, 2e-06, 3e-06, -0.0, -3e-06, -0.038653, 0.999235, 0.375166, 2e-06, -0.999273, -0.038643, 0.0, 0.0, 0.0, 0.0, 1.0],
                [1.0, 2e-06, 4e-06, -0.0, -3e-06, -0.241518, 0.97038, 0.375166, 3e-06, -0.970412, -0.241509, 0.0, 0.0, 0.0, 0.0, 1.0],
                [1.0, 2e-06, 4e-06, 0.0, -3e-06, -0.349131, 0.937059, 0.375166, 3e-06, -0.937087, -0.349121, 0.0, 0.0, 0.0, 0.0, 1.0],
                [1.0, 2e-06, 4e-06, -0.0, -3e-06, -0.45446, 0.890754, 0.375166, 4e-06, -0.890777, -0.454449, 0.0, 0.0, 0.0, 0.0, 1.0],
                [1.0, 2e-06, 4e-06, 0.0, -3e-06, -0.529172, 0.848504, 0.375166, 4e-06, -0.848522, -0.52916, -0.0, 0.0, 0.0, 0.0, 1.0],
                [1.0, 2e-06, 4e-06, 0.0, -3e-06, -0.521048, 0.853516, 0.375166, 4e-06, -0.853535, -0.521036, -0.0, 0.0, 0.0, 0.0, 1.0],
                [1.0, 2e-06, 4e-06, -0.0, -3e-06, -0.404904, 0.914345, 0.375166, 4e-06, -0.91437, -0.404894, -0.0, 0.0, 0.0, 0.0, 1.0],
                [1.0, 2e-06, 2e-06, 0.0, -3e-06, 0.564424, 0.825463, 0.375166, 1e-06, -0.825509, 0.564439, -0.0, 0.0, 0.0, 0.0, 1.0],
                [1.0, 1e-06, 1e-06, -0.0, -2e-06, 0.810842, 0.585244, 0.375166, -0.0, -0.585279, 0.810853, -0.0, 0.0, 0.0, 0.0, 1.0],
                [1.0, 2e-06, 3e-06, -0.0, -3e-06, 0.148332, 0.988919, 0.375166, 2e-06, -0.988961, 0.148344, 0.0, 0.0, 0.0, 0.0, 1.0],
                [1.0, 2e-06, 3e-06, -0.0, -3e-06, 0.233959, 0.972228, 0.375166, 2e-06, -0.972271, 0.233972, -0.0, 0.0, 0.0, 0.0, 1.0],
                [1.0, 2e-06, 2e-06, -0.0, -3e-06, 0.505022, 0.863085, 0.375166, 1e-06, -0.863131, 0.505038, -0.0, 0.0, 0.0, 0.0, 1.0],
                [1.0, 2e-06, 1e-06, 0.0, -2e-06, 0.708873, 0.705313, 0.375166, 0.0, -0.705356, 0.708887, 0.0, 0.0, 0.0, 0.0, 1.0],
                [1.0, 2e-06, 1e-06, 0.0, -2e-06, 0.76615, 0.642639, 0.375166, 0.0, -0.642679, 0.766163, 0.0, 0.0, 0.0, 0.0, 1.0],
                [1.0, 1e-06, 1e-06, -0.0, -2e-06, 0.811563, 0.584243, 0.375166, -0.0, -0.58428, 0.811574, -0.0, 0.0, 0.0, 0.0, 1.0],
                [1.0, 1e-06, 1e-06, -0.0, -2e-06, 0.841101, 0.540857, 0.375166, -0.0, -0.54089, 0.841111, 0.0, 0.0, 0.0, 0.0, 1.0],
                [1.0, 1e-06, 1e-06, -0.0, -2e-06, 0.82709, 0.562048, 0.375167, -0.0, -0.562084, 0.8271, -0.0, 0.0, 0.0, 0.0, 1.0],
                [1.0, 1e-06, 1e-06, 0.0, -2e-06, 0.791462, 0.611196, 0.375167, -0.0, -0.611235, 0.791473, -0.0, 0.0, 0.0, 0.0, 1.0],
                [1.0, 2e-06, 1e-06, -0.0, -2e-06, 0.750264, 0.661116, 0.375167, 0.0, -0.661157, 0.750277, -0.0, 0.0, 0.0, 0.0, 1.0],
                [1.0, 2e-06, 1e-06, 0.0, -2e-06, 0.714057, 0.700064, 0.375166, 0.0, -0.700107, 0.714071, 0.0, 0.0, 0.0, 0.0, 1.0],
                [1.0, 2e-06, 1e-06, -0.0, -2e-06, 0.689524, 0.724239, 0.375166, 0.0, -0.724284, 0.689539, -0.0, 0.0, 0.0, 0.0, 1.0],
                [1.0, 2e-06, 2e-06, -0.0, -2e-06, 0.681317, 0.731965, 0.375166, 0.0, -0.73201, 0.681331, -0.0, 0.0, 0.0, 0.0, 1.0],
                [1.0, 2e-06, 1e-06, 0.0, -2e-06, 0.687282, 0.726367, 0.375166, 0.0, -0.726411, 0.687297, -0.0, 0.0, 0.0, 0.0, 1.0],
                [1.0, 2e-06, 1e-06, 0.0, -2e-06, 0.708738, 0.705448, 0.375166, 0.0, -0.705492, 0.708752, -0.0, 0.0, 0.0, 0.0, 1.0],
                [1.0, 2e-06, 1e-06, -0.0, -2e-06, 0.737994, 0.674783, 0.375166, 0.0, -0.674826, 0.738008, -0.0, 0.0, 0.0, 0.0, 1.0],
                [1.0, 2e-06, 1e-06, 0.0, -2e-06, 0.769108, 0.639096, 0.375166, 0.0, -0.639137, 0.76912, 0.0, 0.0, 0.0, 0.0, 1.0],
                [1.0, 1e-06, 1e-06, -0.0, -2e-06, 0.796666, 0.604398, 0.375167, -0.0, -0.604436, 0.796677, 0.0, 0.0, 0.0, 0.0, 1.0],
                [1.0, 1e-06, 1e-06, -0.0, -2e-06, 0.815864, 0.578222, 0.375166, -0.0, -0.578259, 0.815875, -0.0, 0.0, 0.0, 0.0, 1.0],
                [1.0, 1e-06, 1e-06, -0.0, -2e-06, 0.82293, 0.568121, 0.375166, -0.0, -0.568157, 0.822941, 0.0, 0.0, 0.0, 0.0, 1.0]
            ]
        },
        {
            "name": "Knee_L",
            "time": [0.0, 0.0417, 0.0833, 0.125, 0.1667, 0.2083, 0.25, 0.2917, 0.3333, 0.375, 0.4167, 0.4583, 0.5, 0.5417, 0.5833, 0.625, 0.6667, 0.7083, 0.75, 0.7917, 0.8333, 0.875, 0.9167, 0.9583, 1.0, 1.0417, 1.0833, 1.125, 1.1667, 1.2083, 1.25, 1.2917, 1.3333, 1.375, 1.4167],
            "transform": [
                [1.0, 0.0, -0.0, -0.0, -0.0, 0.471162, -0.882047, 0.375166, -0.0, 0.882047, 0.471162, -0.0, 0.0, 0.0, 0.0, 1.0],
                [1.0, 0.0, -0.0, 0.0, -0.0, 0.471162, -0.882047, 0.375166, -0.0, 0.882047, 0.471162, 0.0, 0.0, 0.0, 0.0, 1.0],
                [1.0, 0.0, -0.0, 0.0, -0.0, 0.471162, -0.882047, 0.375166, -0.0, 0.882046, 0.471162, -0.0, 0.0, 0.0, 0.0, 1.0],
                [1.0, 0.0, -0.0, 0.0, -0.0, 0.471162, -0.882047, 0.375166, -0.0, 0.882047, 0.471162, 0.0, 0.0, 0.0, 0.0, 1.0],
                [1.0, 0.0, -0.0, 0.0, -0.0, 0.471162, -0.882046, 0.375166, -0.0, 0.882047, 0.471162, -0.0, 0.0, 0.0, 0.0, 1.0],
                [1.0, 0.0, -0.0, 0.0, -0.0, 0.471162, -0.882047, 0.375166, -0.0, 0.882047, 0.471162, 0.0, 0.0, 0.0, 0.0, 1.0],
                [1.0, 0.0, -0.0, -0.0, -0.0, 0.471162, -0.882046, 0.375166, -0.0, 0.882046, 0.471162, 0.0, 0.0, 0.0, 0.0, 1.0],
                [1.0, 0.0, -0.0, -0.0, -0.0, 0.471162, -0.882047, 0.375166, -0.0, 0.882047, 0.471162, 0.0, 0.0, 0.0, 0.0, 1.0],
                [1.0, 0.0, -0.0, 0.0, -0.0, 0.471162, -0.882047, 0.375166, -0.0, 0.882047, 0.471162, 0.0, 0.0, 0.0, 0.0, 1.0],
                [1.0, 0.0, -0.0, -0.0, -0.0, 0.471162, -0.882047, 0.375166, -0.0, 0.882047, 0.471162, 0.0, 0.0, 0.0, 0.0, 1.0],
                [1.0, 0.0, -0.0, 0.0, -0.0, 0.471162, -0.882046, 0.375166, -0.0, 0.882047, 0.471162, -0.0, 0.0, 0.0, 0.0, 1.0],
                [1.0, 0.0, -0.0, 0.0, -0.0, 0.471162, -0.882047, 0.375166, -0.0, 0.882046, 0.471162, -0.0, 0.0, 0.0, 0.0, 1.0],
                [1.0, 0.0, -0.0, -0.0, -0.0, 0.471162, -0.882047, 0.375166, -0.0, 0.882047, 0.471162, -0.0, 0.0, 0.0, 0.0, 1.0],
                [1.0, 0.0, -0.0, 0.0, -0.0, 0.471162, -0.882047, 0.375166, -0.0, 0.882046, 0.471162, -0.0, 0.0, 0.0, 0.0, 1.0],
                [1.0, 0.0, -0.0, -0.0, -0.0, 0.471162, -0.882047, 0.375166, -0.0, 0.882046, 0.471162, -0.0, 0.0, 0.0, 0.0, 1.0],
                [1.0, 0.0, -0.0, -0.0, -0.0, 0.471162, -0.882046, 0.375166, -0.0, 0.882047, 0.471162, 0.0, 0.0, 0.0, 0.0, 1.0],
                [1.0, 0.0, -0.0, -0.0, -0.0, 0.471162, -0.882047, 0.375166, -0.0, 0.882047, 0.471162, -0.0, 0.0, 0.0, 0.0, 1.0],
                [1.0, 0.0, -0.0, -0.0, -0.0, 0.471162, -0.882047, 0.375166, -0.0, 0.882047, 0.471162, -0.0, 0.0, 0.0, 0.0, 1.0],
                [1.0, 0.0, -0.0, 0.0, -0.0, 0.471162, -0.882047, 0.375166, -0.0, 0.882047, 0.471162, 0.0, 0.0, 0.0, 0.0, 1.0],
                [1.0, 0.0, -0.0, 0.0, -0.0, 0.471162, -0.882047, 0.375166, -0.0, 0.882047, 0.471162, 0.0, 0.0, 0.0, 0.0, 1.0],
                [1.0, 0.0, -0.0, -0.0, -0.0, 0.471162, -0.882046, 0.375166, -0.0, 0.882047, 0.471162, -0.0, 0.0, 0.0, 0.0, 1.0],
                [1.0, 0.0, -0.0, -0.0, -0.0, 0.471162, -0.882047, 0.375166, -0.0, 0.882047, 0.471162, 0.0, 0.0, 0.0, 0.0, 1.0],
                [1.0, 0.0, -0.0, -0.0, -0.0, 0.471162, -0.882046, 0.375167, -0.0, 0.882047, 0.471162, -0.0, 0.0, 0.0, 0.0, 1.0],
                [1.0, 0.0, -0.0, 0.0, -0.0, 0.471162, -0.882046, 0.375167, -0.0, 0.882047, 0.471162, -0.0, 0.0, 0.0, 0.0, 1.0],
                [1.0, 0.0, -0.0, -0.0, -0.0, 0.471162, -0.882047, 0.375167, -0.0, 0.882047, 0.471162, -0.0, 0.0, 0.0, 0.0, 1.0],
                [1.0, 0.0, -0.0, 0.0, -0.0, 0.471162, -0.882047, 0.375166, 0.0, 0.882047, 0.471162, 0.0, 0.0, 0.0, 0.0, 1.0],
                [1.0, 0.0, -0.0, -0.0, -0.0, 0.471162, -0.882047, 0.375166, -0.0, 0.882047, 0.471162, -0.0, 0.0, 0.0, 0.0, 1.0],
                [1.0, 0.0, -0.0, -0.0, -0.0, 0.471162, -0.882046, 0.375166, -0.0, 0.882046, 0.471162, -0.0, 0.0, 0.0, 0.0, 1.0],
                [1.0, 0.0, -0.0, 0.0, -0.0, 0.471162, -0.882047, 0.375166, -0.0, 0.882046, 0.471162, -0.0, 0.0, 0.0, 0.0, 1.0],
                [1.0, 0.0, -0.0, 0.0, -0.0, 0.471162, -0.882047, 0.375166, -0.0, 0.882047, 0.471162, -0.0, 0.0, 0.0, 0.0, 1.0],
                [1.0, 0.0, -0.0, -0.0, -0.0, 0.471162, -0.882047, 0.375166, -0.0, 0.882047, 0.471162, -0.0, 0.0, 0.0, 0.0, 1.0],
                [1.0, 0.0, -0.0, 0.0, -0.0, 0.471162, -0.882046, 0.375166, -0.0, 0.882046, 0.471162, 0.0, 0.0, 0.0, 0.0, 1.0],
                [1.0, 0.0, -0.0, -0.0, -0.0, 0.471162, -0.882047, 0.375167, -0.0, 0.882047, 0.471162, 0.0, 0.0, 0.0, 0.0, 1.0],
                [1.0, 0.0, -0.0, -0.0, -0.0, 0.471162, -0.882047, 0.375166, -0.0, 0.882047, 0.471162, -0.0, 0.0, 0.0, 0.0, 1.0],
                [1.0, 0.0, -0.0, -0.0, -0.0, 0.471162, -0.882047, 0.375166, 0.0, 0.882047, 0.471162, 0.0, 0.0, 0.0, 0.0, 1.0]
            ]
        },
        {
            "name": "Torso",
            "time": [0.0, 0.0417, 0.0833, 0.125, 0.1667, 0.2083, 0.25, 0.2917, 0.3333, 0.375, 0.4167, 0.4583, 0.5, 0.5417, 0.5833, 0.625, 0.6667, 0.7083, 0.75, 0.7917, 0.8333, 0.875, 0.9167, 0.9583, 1.0, 1.0417, 1.0833, 1.125, 1.1667, 1.2083, 1.25, 1.2917, 1.3333, 1.375, 1.4167],
            "transform": [
                [0.883234, -0.005638, -0.468899, 0.0, 0.060473, 0.992948, 0.10197, 0.05, 0.465017, -0.118419, 0.877346, 0.0, 0.0, 0.0, 0.0, 1.0],
                [0.870774, 0.018022, -0.491353, 0.0, -0.008226, 0.999722, 0.022089, 0.05, 0.491615, -0.015192, 0.87068, 0.0, 0.0, 0.0, 0.0, 1.0],
                [0.838853, 0.038607, -0.542987, -0.0, -0.08105, 0.995222, -0.054451, 0.05, 0.53829, 0.089685, 0.837974, 0.0, 0.0, 0.0, 0.0, 1.0],
                [0.800816, 0.061357, -0.595759, -0.0, 0.035198, 0.988197, 0.149086, 0.05, 0.597875, -0.14036, 0.789205, 0.0, 0.0, 0.0, 0.0, 1.0],
                [0.764681, 0.097649, -0.636968, 0.0, 0.162703, 0.927171, 0.337463, 0.05, 0.623531, -0.361688, 0.693102, 0.0, 0.0, 0.0, 0.0, 1.0],
                [0.722974, 0.118172, -0.680694, -0.0, 0.165612, 0.926892, 0.336813, 0.05, 0.670732, -0.356238, 0.650548, 0.0, 0.0, 0.0, 0.0, 1.0],
                [0.675547, 0.151653, -0.721552, -0.0, 0.152521, 0.928709, 0.33799, 0.05, 0.721369, -0.33838, 0.604257, 0.0, 0.0, 0.0, 0.0, 1.0],
                [0.628329, 0.19341, -0.753522, -0.0, 0.121594, 0.932281, 0.340685, 0.05, 0.768386, -0.305686, 0.562262, 0.0, 0.0, 0.0, 0.0, 1.0],
                [0.587015, 0.238562, -0.773628, -0.0, 0.072869, 0.936149, 0.34397, 0.05, 0.80629, -0.258289, 0.53215, 0.0, 0.0, 0.0, 0.0, 1.0],
                [0.555392, 0.283737, -0.781686, 0.0, 0.007782, 0.938177, 0.346069, 0.05, 0.831552, -0.198287, 0.518848, 0.0, 0.0, 0.0, 0.0, 1.0],
                [0.534883, 0.327526, -0.778862, -0.0, -0.071501, 0.936051, 0.344523, 0.05, 0.841895, -0.12859, 0.524097, 0.0, 0.0, 0.0, 0.0, 1.0],
                [0.598274, 0.3083, -0.739608, -0.0, -0.335125, 0.934688, 0.118532, 0.05, 0.727846, 0.176946, 0.662519, 0.0, 0.0, 0.0, 0.0, 1.0],
                [0.733867, 0.316558, -0.601025, 0.0, -0.4803, 0.867483, -0.129557, 0.05, 0.480367, 0.38375, 0.78866, -0.0, 0.0, 0.0, 0.0, 1.0],
                [0.851246, 0.317435, -0.41787, -0.0, -0.217033, 0.937964, 0.270405, 0.05, 0.477783, -0.13949, 0.867333, -0.0, 0.0, 0.0, 0.0, 1.0],
                [0.989835, 0.054875, -0.131205, -0.0, 0.044113, 0.758596, 0.650066, 0.05, 0.135204, -0.649246, 0.748465, -0.0, 0.0, 0.0, 0.0, 1.0],
                [0.739754, -0.358224, 0.569596, -0.0, -0.097176, 0.780758, 0.617231, 0.05, -0.665823, -0.51195, 0.542758, -0.0, 0.0, 0.0, 0.0, 1.0],
