{
    "animation": [
        {
            "name": "Root",
            "time": [0.0, 0.0167, 0.0333, 0.05, 0.0667, 0.0833, 0.1, 0.1167, 0.1333, 0.15, 0.1667, 0.1833, 0.2, 0.2167, 0.2333, 0.25, 0.2667, 0.2833, 0.3, 0.3167, 0.3333, 0.35, 0.3667, 0.3833, 0.4, 0.4167, 0.4333, 0.45, 0.4667, 0.4833, 0.5, 0.5167, 0.5333, 0.55, 0.5667, 0.5833, 0.6, 0.6167, 0.6333, 0.65, 0.6667, 0.6833, 0.7, 0.7167, 0.7333, 0.75, 0.7667, 0.7833, 0.8, 0.8167, 0.8333, 0.85, 0.8667, 0.8833, 0.9, 0.9167, 0.9333, 0.95, 0.9667, 0.9833, 1.0, 1.0167, 1.0333, 1.05, 1.0667, 1.0833, 1.1, 1.1167, 1.1333, 1.15, 1.1667, 1.1833, 1.2, 1.2167, 1.2333, 1.25, 1.2667, 1.2833, 1.3, 1.3167, 1.3333],
            "transform": [
                [1.0, 0.0, -0.0, 0.066254, -0.0, 0.0, -1.0, -0.010443, 0.0, 1.0, 0.0, 0.505662, 0.0, 0.0, 0.0, 1.0],
                [1.0, 0.0, -0.0, 0.066396, -0.0, 0.0, -1.0, -0.010678, 0.0, 1.0, 0.0, 0.50565, 0.0, 0.0, 0.0, 1.0],
                [1.0, 0.0, -0.0, 0.066898, -0.0, 0.0, -1.0, -0.0116, 0.0, 1.0, 0.0, 0.505552, 0.0, 0.0, 0.0, 1.0],
                [1.0, 0.0, -0.0, 0.067883, -0.0, 0.0, -1.0, -0.0136, 0.0, 1.0, 0.0, 0.505249, 0.0, 0.0, 0.0, 1.0],
                [1.0, 0.0, -0.0, 0.06947, -0.0, 0.0, -1.0, -0.017107, 0.0, 1.0, 0.0, 0.504592, 0.0, 0.0, 0.0, 1.0],
                [1.0, 0.0, -0.0, 0.07173, -0.0, 0.0, -1.0, -0.022471, 0.0, 1.0, 0.0, 0.503438, 0.0, 0.0, 0.0, 1.0],
                [1.0, 0.0, -0.0, 0.074656, -0.0, 0.0, -1.0, -0.02984, 0.0, 1.0, 0.0, 0.501694, 0.0, 0.0, 0.0, 1.0],
                [1.0, 0.0, -0.0, 0.078163, -0.0, 0.0, -1.0, -0.039116, 0.0, 1.0, 0.0, 0.499341, 0.0, 0.0, 0.0, 1.0],
                [1.0, 0.0, -0.0, 0.082126, -0.0, 0.0, -1.0, -0.050024, 0.0, 1.0, 0.0, 0.49643, 0.0, 0.0, 0.0, 1.0],
                [1.0, 0.0, -0.0, 0.086418, -0.0, 0.0, -1.0, -0.062231, 0.0, 1.0, 0.0, 0.493046, 0.0, 0.0, 0.0, 1.0],
                [1.0, 0.0, -0.0, 0.093475, -0.0, 0.0, -1.0, -0.083132, 0.0, 1.0, 0.0, 0.483038, 0.0, 0.0, 0.0, 1.0],
                [1.0, 0.0, -0.0, 0.102414, -0.0, 0.0, -1.0, -0.109819, 0.0, 1.0, 0.0, 0.470644, 0.0, 0.0, 0.0, 1.0],
                [1.0, 0.0, -0.0, 0.111654, -0.0, 0.0, -1.0, -0.137496, 0.0, 1.0, 0.0, 0.456812, 0.0, 0.0, 0.0, 1.0],
                [1.0, 0.0, -0.0, 0.12004, -0.0, 0.0, -1.0, -0.162663, 0.0, 1.0, 0.0, 0.442247, 0.0, 0.0, 0.0, 1.0],
                [1.0, 0.0, -0.0, 0.126722, -0.0, 0.0, -1.0, -0.182738, 0.0, 1.0, 0.0, 0.427484, 0.0, 0.0, 0.0, 1.0],
                [1.0, 0.0, -0.0, 0.131065, -0.0, 0.0, -1.0, -0.1958, 0.0, 1.0, 0.0, 0.412929, 0.0, 0.0, 0.0, 1.0],
                [1.0, 0.0, -0.0, 0.132597, -0.0, 0.0, -1.0, -0.20041, 0.0, 1.0, 0.0, 0.398896, 0.0, 0.0, 0.0, 1.0],
                [1.0, 0.0, -0.0, 0.132103, -0.0, 0.0, -1.0, -0.198182, 0.0, 1.0, 0.0, 0.384107, 0.0, 0.0, 0.0, 1.0],
                [1.0, 0.0, -0.0, 0.130186, -0.0, 0.0, -1.0, -0.191184, 0.0, 1.0, 0.0, 0.368352, 0.0, 0.0, 0.0, 1.0],
                [1.0, 0.0, -0.0, 0.126296, -0.0, 0.0, -1.0, -0.179336, 0.0, 1.0, 0.0, 0.352739, 0.0, 0.0, 0.0, 1.0],
                [1.0, 0.0, -0.0, 0.120128, -0.0, 0.0, -1.0, -0.163075, 0.0, 1.0, 0.0, 0.33829, 0.0, 0.0, 0.0, 1.0],
                [1.0, 0.0, -0.0, 0.111649, -0.0, 0.0, -1.0, -0.143173, 0.0, 1.0, 0.0, 0.325718, 0.0, 0.0, 0.0, 1.0],
                [1.0, 0.0, -0.0, 0.101031, -0.0, 0.0, -1.0, -0.120488, 0.0, 1.0, 0.0, 0.315375, 0.0, 0.0, 0.0, 1.0],
                [1.0, 0.0, -0.0, 0.08193, -0.0, 0.0, -1.0, -0.100423, 0.0, 1.0, 0.0, 0.308158, 0.0, 0.0, 0.0, 1.0],
                [1.0, 0.0, -0.0, 0.056792, -0.0, 0.0, -1.0, -0.086657, 0.0, 1.0, 0.0, 0.30214, 0.0, 0.0, 0.0, 1.0],
                [1.0, 0.0, -0.0, 0.0364, -0.0, 0.0, -1.0, -0.053169, 0.0, 1.0, 0.0, 0.298581, 0.0, 0.0, 0.0, 1.0],
                [1.0, 0.0, -0.0, 0.029276, -0.0, 0.0, -1.0, 0.016688, 0.0, 1.0, 0.0, 0.297569, 0.0, 0.0, 0.0, 1.0],
                [1.0, 0.0, -0.0, 0.07131, -0.0, 0.0, -1.0, 0.197268, 0.0, 1.0, 0.0, 0.34335, 0.0, 0.0, 0.0, 1.0],
                [1.0, 0.0, -0.0, 0.161257, -0.0, 0.0, -1.0, 0.435748, 0.0, 1.0, 0.0, 0.458982, 0.0, 0.0, 0.0, 1.0],
                [1.0, 0.0, -0.0, 0.203291, -0.0, 0.0, -1.0, 0.659431, 0.0, 1.0, 0.0, 0.559218, 0.0, 0.0, 0.0, 1.0],
                [1.0, 0.0, -0.0, 0.198087, -0.0, 0.0, -1.0, 0.868065, 0.0, 1.0, 0.0, 0.630801, 0.0, 0.0, 0.0, 1.0],
                [1.0, 0.0, -0.0, 0.18545, -0.0, 0.0, -1.0, 1.062303, 0.0, 1.0, 0.0, 0.685078, 0.0, 0.0, 0.0, 1.0],
                [1.0, 0.0, -0.0, 0.175616, -0.0, 0.0, -1.0, 1.207291, 0.0, 1.0, 0.0, 0.724958, 0.0, 0.0, 0.0, 1.0],
                [1.0, 0.0, -0.0, 0.170915, -0.0, 0.0, -1.0, 1.291351, 0.0, 1.0, 0.0, 0.752903, 0.0, 0.0, 0.0, 1.0],
                [1.0, 0.0, -0.0, 0.169058, -0.0, 0.0, -1.0, 1.343346, 0.0, 1.0, 0.0, 0.77629, 0.0, 0.0, 0.0, 1.0],
                [1.0, 0.0, -0.0, 0.167646, -0.0, 0.0, -1.0, 1.383019, 0.0, 1.0, 0.0, 0.790176, 0.0, 0.0, 0.0, 1.0],
                [1.0, 0.0, -0.0, 0.164065, -0.0, 0.0, -1.0, 1.435974, 0.0, 1.0, 0.0, 0.794139, 0.0, 0.0, 0.0, 1.0],
                [1.0, 0.0, -0.0, 0.158712, -0.0, 0.0, -1.0, 1.495202, 0.0, 1.0, 0.0, 0.790785, 0.0, 0.0, 0.0, 1.0],
                [1.0, 0.0, -0.0, 0.153036, -0.0, 0.0, -1.0, 1.552494, 0.0, 1.0, 0.0, 0.779695, 0.0, 0.0, 0.0, 1.0],
                [1.0, 0.0, -0.0, 0.146319, -0.0, 0.0, -1.0, 1.616268, 0.0, 1.0, 0.0, 0.761051, 0.0, 0.0, 0.0, 1.0],
                [1.0, 0.0, -0.0, 0.138039, -0.0, 0.0, -1.0, 1.694784, 0.0, 1.0, 0.0, 0.737954, 0.0, 0.0, 0.0, 1.0],
                [1.0, 0.0, -0.0, 0.128257, -0.0, 0.0, -1.0, 1.790123, 0.0, 1.0, 0.0, 0.71417, 0.0, 0.0, 0.0, 1.0],
                [1.0, 0.0, -0.0, 0.113993, -0.0, 0.0, -1.0, 1.908976, 0.0, 1.0, 0.0, 0.68809, 0.0, 0.0, 0.0, 1.0],
                [1.0, 0.0, -0.0, 0.096382, -0.0, 0.0, -1.0, 2.03528, 0.0, 1.0, 0.0, 0.662764, 0.0, 0.0, 0.0, 1.0],
                [1.0, 0.0, -0.0, 0.07839, -0.0, 0.0, -1.0, 2.168798, 0.0, 1.0, 0.0, 0.635971, 0.0, 0.0, 0.0, 1.0],
                [1.0, 0.0, -0.0, 0.062837, -0.0, 0.0, -1.0, 2.308547, 0.0, 1.0, 0.0, 0.605781, 0.0, 0.0, 0.0, 1.0],
                [1.0, 0.0, -0.0, 0.051762, -0.0, 0.0, -1.0, 2.45314, 0.0, 1.0, 0.0, 0.570964, 0.0, 0.0, 0.0, 1.0],
                [1.0, 0.0, -0.0, 0.04625, -0.0, 0.0, -1.0, 2.60118, 0.0, 1.0, 0.0, 0.531028, 0.0, 0.0, 0.0, 1.0],
                [1.0, 0.0, -0.0, 0.044429, -0.0, 0.0, -1.0, 2.772317, 0.0, 1.0, 0.0, 0.466982, 0.0, 0.0, 0.0, 1.0],
                [1.0, 0.0, -0.0, 0.043855, -0.0, 0.0, -1.0, 2.951073, 0.0, 1.0, 0.0, 0.395467, 0.0, 0.0, 0.0, 1.0],
                [1.0, 0.0, -0.0, 0.043234, -0.0, 0.0, -1.0, 3.091739, 0.0, 1.0, 0.0, 0.36752, 0.0, 0.0, 0.0, 1.0],
                [1.0, 0.0, -0.0, 0.042328, -0.0, 0.0, -1.0, 3.195384, 0.0, 1.0, 0.0, 0.379619, 0.0, 0.0, 0.0, 1.0],
                [1.0, 0.0, -0.0, 0.04127, -0.0, 0.0, -1.0, 3.272343, 0.0, 1.0, 0.0, 0.411933, 0.0, 0.0, 0.0, 1.0],
                [1.0, 0.0, -0.0, 0.040217, -0.0, 0.0, -1.0, 3.296707, 0.0, 1.0, 0.0, 0.443831, 0.0, 0.0, 0.0, 1.0],
                [1.0, 0.0, -0.0, 0.039448, -0.0, 0.0, -1.0, 3.297407, 0.0, 1.0, 0.0, 0.473571, 0.0, 0.0, 0.0, 1.0],
                [1.0, 0.0, -0.0, 0.039043, -0.0, 0.0, -1.0, 3.297895, 0.0, 1.0, 0.0, 0.503612, 0.0, 0.0, 0.0, 1.0],
                [1.0, 0.0, -0.0, 0.038521, -0.0, 0.0, -1.0, 3.29815, 0.0, 1.0, 0.0, 0.531753, 0.0, 0.0, 0.0, 1.0],
                [1.0, 0.0, -0.0, 0.037317, -0.0, 0.0, -1.0, 3.298232, 0.0, 1.0, 0.0, 0.555911, 0.0, 0.0, 0.0, 1.0],
                [1.0, 0.0, -0.0, 0.035189, -0.0, 0.0, -1.0, 3.298241, 0.0, 1.0, 0.0, 0.575642, 0.0, 0.0, 0.0, 1.0],
                [1.0, 0.0, -0.0, 0.028775, -0.0, 0.0, -1.0, 3.291658, 0.0, 1.0, 0.0, 0.590028, 0.0, 0.0, 0.0, 1.0],
                [1.0, 0.0, -0.0, 0.019358, -0.0, 0.0, -1.0, 3.272092, 0.0, 1.0, 0.0, 0.603336, 0.0, 0.0, 0.0, 1.0],
                [1.0, 0.0, -0.0, 0.009435, -0.0, 0.0, -1.0, 3.244219, 0.0, 1.0, 0.0, 0.613598, 0.0, 0.0, 0.0, 1.0],
                [1.0, 0.0, -0.0, 0.002384, -0.0, 0.0, -1.0, 3.217159, 0.0, 1.0, 0.0, 0.619462, 0.0, 0.0, 0.0, 1.0],
                [1.0, 0.0, -0.0, -5e-06, -0.0, 0.0, -1.0, 3.197826, 0.0, 1.0, 0.0, 0.621183, 0.0, 0.0, 0.0, 1.0],
                [1.0, 0.0, -0.0, -5e-06, -0.0, 0.0, -1.0, 3.183691, 0.0, 1.0, 0.0, 0.618212, 0.0, 0.0, 0.0, 1.0],
                [1.0, 0.0, -0.0, -5e-06, -0.0, 0.0, -1.0, 3.17027, 0.0, 1.0, 0.0, 0.610994, 0.0, 0.0, 0.0, 1.0],
                [1.0, 0.0, -0.0, -5e-06, -0.0, 0.0, -1.0, 3.15837, 0.0, 1.0, 0.0, 0.60155, 0.0, 0.0, 0.0, 1.0],
                [1.0, 0.0, -0.0, -5e-06, -0.0, 0.0, -1.0, 3.148563, 0.0, 1.0, 0.0, 0.591375, 0.0, 0.0, 0.0, 1.0],
                [1.0, 0.0, -0.0, -5e-06, -0.0, 0.0, -1.0, 3.141251, 0.0, 1.0, 0.0, 0.581586, 0.0, 0.0, 0.0, 1.0],
                [1.0, 0.0, -0.0, -5e-06, -0.0, 0.0, -1.0, 3.136723, 0.0, 1.0, 0.0, 0.573035, 0.0, 0.0, 0.0, 1.0],
                [1.0, 0.0, -0.0, -5e-06, -0.0, 0.0, -1.0, 3.13518, 0.0, 1.0, 0.0, 0.566368, 0.0, 0.0, 0.0, 1.0],
                [1.0, 0.0, -0.0, -5e-06, -0.0, 0.0, -1.0, 3.137488, 0.0, 1.0, 0.0, 0.561327, 0.0, 0.0, 0.0, 1.0],
                [1.0, 0.0, -0.0, -5e-06, -0.0, 0.0, -1.0, 3.142136, 0.0, 1.0, 0.0, 0.556395, 0.0, 0.0, 0.0, 1.0],
                [1.0, 0.0, -0.0, -5e-06, -0.0, 0.0, -1.0, 3.147611, 0.0, 1.0, 0.0, 0.551753, 0.0, 0.0, 0.0, 1.0],
                [1.0, 0.0, -0.0, -5e-06, -0.0, 0.0, -1.0, 3.153264, 0.0, 1.0, 0.0, 0.54749, 0.0, 0.0, 0.0, 1.0],
                [1.0, 0.0, -0.0, -5e-06, -0.0, 0.0, -1.0, 3.158715, 0.0, 1.0, 0.0, 0.543673, 0.0, 0.0, 0.0, 1.0],
                [1.0, 0.0, -0.0, -5e-06, -0.0, 0.0, -1.0, 3.163692, 0.0, 1.0, 0.0, 0.540364, 0.0, 0.0, 0.0, 1.0],
                [1.0, 0.0, -0.0, -5e-06, -0.0, 0.0, -1.0, 3.167968, 0.0, 1.0, 0.0, 0.537632, 0.0, 0.0, 0.0, 1.0],
                [1.0, 0.0, -0.0, -5e-06, -0.0, 0.0, -1.0, 3.171324, 0.0, 1.0, 0.0, 0.535552, 0.0, 0.0, 0.0, 1.0],
                [1.0, 0.0, -0.0, -5e-06, -0.0, 0.0, -1.0, 3.173532, 0.0, 1.0, 0.0, 0.534216, 0.0, 0.0, 0.0, 1.0],
                [1.0, 0.0, -0.0, -5e-06, -0.0, 0.0, -1.0, 3.174334, 0.0, 1.0, 0.0, 0.533741, 0.0, 0.0, 0.0, 1.0]
            ]
        },
        {
            "name": "Thigh_R",
            "time": [0.0, 0.0167, 0.0333, 0.05, 0.0667, 0.0833, 0.1, 0.1167, 0.1333, 0.15, 0.1667, 0.1833, 0.2, 0.2167, 0.2333, 0.25, 0.2667, 0.2833, 0.3, 0.3167, 0.3333, 0.35, 0.3667, 0.3833, 0.4, 0.4167, 0.4333, 0.45, 0.4667, 0.4833, 0.5, 0.5167, 0.5333, 0.55, 0.5667, 0.5833, 0.6, 0.6167, 0.6333, 0.65, 0.6667, 0.6833, 0.7, 0.7167, 0.7333, 0.75, 0.7667, 0.7833, 0.8, 0.8167, 0.8333, 0.85, 0.8667, 0.8833, 0.9, 0.9167, 0.9333, 0.95, 0.9667, 0.9833, 1.0, 1.0167, 1.0333, 1.05, 1.0667, 1.0833, 1.1, 1.1167, 1.1333, 1.15, 1.1667, 1.1833, 1.2, 1.2167, 1.2333, 1.25, 1.2667, 1.2833, 1.3, 1.3167, 1.3333],
            "transform": [
                [0.864545, 0.0972, -0.493052, 0.102848, 0.477072, -0.467189, 0.744388, 0.010988, -0.158001, -0.878791, -0.450247, -0.071973, 0.0, 0.0, 0.0, 1.0],
                [0.864588, 0.09701, -0.493014, 0.102848, 0.476974, -0.467088, 0.744514, 0.010988, -0.158062, -0.878866, -0.450079, -0.071973, 0.0, 0.0, 0.0, 1.0],
                [0.864716, 0.096325, -0.492923, 0.102848, 0.47668, -0.46661, 0.745002, 0.010988, -0.158247, -0.879195, -0.449372, -0.071973, 0.0, 0.0, 0.0, 1.0],
                [0.864925, 0.094953, -0.492823, 0.102848, 0.476202, -0.465437, 0.74604, 0.010988, -0.158546, -0.879965, -0.447755, -0.071973, 0.0, 0.0, 0.0, 1.0],
                [0.865193, 0.092723, -0.492777, 0.102848, 0.475586, -0.46322, 0.747811, 0.010988, -0.158932, -0.881372, -0.444842, -0.071973, 0.0, 0.0, 0.0, 1.0],
                [0.865488, 0.089556, -0.492845, 0.102848, 0.474908, -0.459681, 0.750421, 0.010988, -0.159354, -0.88355, -0.440349, -0.071973, 0.0, 0.0, 0.0, 1.0],
                [0.865769, 0.085536, -0.493066, 0.102848, 0.47426, -0.454765, 0.753818, 0.010988, -0.159757, -0.886488, -0.434257, -0.071973, 0.0, 0.0, 0.0, 1.0],
                [0.866001, 0.080905, -0.493438, 0.102848, 0.473722, -0.448674, 0.757795, 0.010988, -0.16009, -0.890019, -0.426849, -0.071973, 0.0, 0.0, 0.0, 1.0],
                [0.866165, 0.075989, -0.493932, 0.102848, 0.473344, -0.44181, 0.762052, 0.010988, -0.160323, -0.893878, -0.41862, -0.071973, 0.0, 0.0, 0.0, 1.0],
                [0.866251, 0.071119, -0.494505, 0.102848, 0.473145, -0.434645, 0.766283, 0.010988, -0.160444, -0.897783, -0.410132, -0.071973, 0.0, 0.0, 0.0, 1.0],
                [0.865228, 0.060647, -0.497681, 0.102848, 0.475517, -0.413945, 0.776211, 0.010988, -0.158945, -0.908273, -0.386967, -0.071973, 0.0, 0.0, 0.0, 1.0],
                [0.863975, 0.049983, -0.501031, 0.102848, 0.47839, -0.391988, 0.785785, 0.010988, -0.157128, -0.918606, -0.362551, -0.071973, 0.0, 0.0, 0.0, 1.0],
                [0.8624, 0.040882, -0.504558, 0.102848, 0.481956, -0.371237, 0.793642, 0.010988, -0.154872, -0.927633, -0.339831, -0.071973, 0.0, 0.0, 0.0, 1.0],
                [0.86042, 0.033518, -0.508464, 0.102848, 0.486365, -0.35179, 0.799786, 0.010988, -0.152073, -0.935474, -0.318963, -0.071973, 0.0, 0.0, 0.0, 1.0],
                [0.857958, 0.026495, -0.513019, 0.102848, 0.491749, -0.331298, 0.805226, 0.010988, -0.148634, -0.94315, -0.297243, -0.071973, 0.0, 0.0, 0.0, 1.0],
                [0.854921, 0.017727, -0.518436, 0.102848, 0.498239, -0.306355, 0.811089, 0.010988, -0.144454, -0.951748, -0.270718, -0.071973, 0.0, 0.0, 0.0, 1.0],
                [0.851203, 0.005589, -0.524788, 0.102848, 0.50598, -0.274361, 0.817723, 0.010988, -0.139417, -0.961606, -0.236341, -0.071973, 0.0, 0.0, 0.0, 1.0],
                [0.846553, -0.010609, -0.53218, 0.102848, 0.515358, -0.233929, 0.824405, 0.010988, -0.133245, -0.972191, -0.192542, -0.071973, 0.0, 0.0, 0.0, 1.0],
                [0.840865, -0.029013, -0.540449, 0.102848, 0.526403, -0.188405, 0.829074, 0.010988, -0.125883, -0.981657, -0.143127, -0.071973, 0.0, 0.0, 0.0, 1.0],
                [0.834012, -0.046962, -0.549725, 0.102848, 0.53914, -0.142405, 0.830066, 0.010988, -0.117271, -0.988687, -0.093425, -0.071973, 0.0, 0.0, 0.0, 1.0],
                [0.825951, -0.061944, -0.560309, 0.102848, 0.553404, -0.100383, 0.826819, 0.010988, -0.107467, -0.993011, -0.048608, -0.071973, 0.0, 0.0, 0.0, 1.0],
                [0.816718, -0.072165, -0.572487, 0.102848, 0.568889, -0.065437, 0.819784, 0.010988, -0.096627, -0.995235, -0.012366, -0.071973, 0.0, 0.0, 0.0, 1.0],
                [0.806407, -0.076251, -0.586406, 0.102848, 0.585227, -0.03956, 0.809881, 0.010988, -0.084956, -0.996294, 0.012746, -0.071973, 0.0, 0.0, 0.0, 1.0],
                [0.790527, -0.060955, -0.609367, 0.102848, 0.608663, -0.031946, 0.792764, 0.010988, -0.067794, -0.997619, 0.011871, -0.071973, 0.0, 0.0, 0.0, 1.0],
                [0.769321, -0.029907, -0.638143, 0.102848, 0.637195, -0.036195, 0.769832, 0.010988, -0.046124, -0.998886, -0.008765, -0.071973, 0.0, 0.0, 0.0, 1.0],
                [0.752812, -0.004724, -0.658201, 0.102848, 0.657549, -0.040279, 0.752315, 0.010988, -0.030068, -0.999166, -0.027191, -0.071973, 0.0, 0.0, 0.0, 1.0],
                [0.748487, 0.01083, -0.663044, 0.102848, 0.662641, -0.051356, 0.747157, 0.010988, -0.025962, -0.998608, -0.045591, -0.071973, 0.0, 0.0, 0.0, 1.0],
                [0.83357, 0.071435, -0.547765, 0.102848, 0.545661, -0.261036, 0.796301, 0.010988, -0.086107, -0.962664, -0.256547, -0.071973, 0.0, 0.0, 0.0, 1.0],
                [0.958668, 0.052163, -0.279699, 0.102848, 0.210381, -0.791791, 0.573406, 0.010988, -0.191561, -0.608535, -0.770017, -0.071973, 0.0, 0.0, 0.0, 1.0],
                [0.971659, 0.000586, -0.236378, 0.102848, -5.4e-05, -0.99999, -0.00268, 0.010988, -0.236386, 0.00264, -0.971624, -0.071973, 0.0, 0.0, 0.0, 1.0],
                [0.962066, 0.111648, -0.248914, 0.100459, -0.061261, -0.800714, -0.595884, 0.010988, -0.265849, 0.588552, -0.76347, -0.071973, 0.0, 0.0, 0.0, 1.0],
                [0.951214, 0.115051, -0.286267, 0.094659, -0.057786, -0.845018, -0.531584, 0.010988, -0.303071, 0.522216, -0.797115, -0.071973, 0.0, 0.0, 0.0, 1.0],
                [0.937448, 0.10442, -0.332084, 0.090146, -0.055145, -0.897367, -0.4378, 0.010988, -0.34373, 0.428751, -0.835449, -0.071973, 0.0, 0.0, 0.0, 1.0],
                [0.932098, 0.13241, -0.337124, 0.087535, -0.046815, -0.878937, -0.474612, 0.010988, -0.359168, 0.45819, -0.813027, -0.071973, 0.0, 0.0, 0.0, 1.0],
                [0.944379, 0.169228, -0.281965, 0.085785, -0.014537, -0.835116, -0.549862, 0.010988, -0.328538, 0.523398, -0.786174, -0.071973, 0.0, 0.0, 0.0, 1.0],
                [0.964256, 0.171383, -0.202076, 0.085004, 0.03856, -0.845304, -0.532872, 0.010988, -0.262151, 0.506054, -0.821666, -0.071973, 0.0, 0.0, 0.0, 1.0],
                [0.977445, 0.178237, -0.113275, 0.084843, 0.09809, -0.858176, -0.503878, 0.010988, -0.187027, 0.481421, -0.85627, -0.071972, 0.0, 0.0, 0.0, 1.0],
                [0.981769, 0.189586, 0.013679, 0.084843, 0.181858, -0.915932, -0.357749, 0.010988, -0.055297, 0.353733, -0.933676, -0.071973, 0.0, 0.0, 0.0, 1.0],
                [0.95419, 0.193399, 0.228284, 0.084843, 0.26511, -0.900208, -0.345448, 0.010988, 0.138698, 0.390159, -0.910206, -0.071973, 0.0, 0.0, 0.0, 1.0],
                [0.903174, 0.199902, 0.379876, 0.084843, 0.304392, -0.922234, -0.238382, 0.010988, 0.302693, 0.330945, -0.893751, -0.071972, 0.0, 0.0, 0.0, 1.0],
                [0.868576, 0.21143, 0.448171, 0.084843, 0.305905, -0.940289, -0.149254, 0.010988, 0.389868, 0.266747, -0.881356, -0.071973, 0.0, 0.0, 0.0, 1.0],
                [0.858874, 0.297929, 0.416603, 0.084843, 0.294893, -0.95271, 0.073365, 0.010988, 0.418775, 0.059852, -0.906081, -0.071973, 0.0, 0.0, 0.0, 1.0],
                [0.867356, 0.383634, 0.317029, 0.084843, 0.271589, -0.898671, 0.344423, 0.010988, 0.417053, -0.212628, -0.883625, -0.071973, 0.0, 0.0, 0.0, 1.0],
                [0.883492, 0.406946, 0.232009, 0.084843, 0.23215, -0.810559, 0.537673, 0.010988, 0.406876, -0.421164, -0.810563, -0.071973, 0.0, 0.0, 0.0, 1.0],
                [0.899845, 0.400838, 0.172048, 0.084843, 0.182499, -0.704211, 0.686123, 0.010988, 0.396197, -0.586006, -0.706803, -0.071973, 0.0, 0.0, 0.0, 1.0],
                [0.911885, 0.384775, 0.14286, 0.084843, 0.125768, -0.593286, 0.795091, 0.010988, 0.390703, -0.707069, -0.589371, -0.071973, 0.0, 0.0, 0.0, 1.0],
                [0.917357, 0.372364, 0.140696, 0.084843, 0.062488, -0.483807, 0.872923, 0.010988, 0.39313, -0.791999, -0.467063, -0.071973, 0.0, 0.0, 0.0, 1.0],
                [0.914675, 0.372082, 0.157854, 0.084843, -0.008218, -0.373373, 0.927624, 0.010988, 0.404106, -0.849783, -0.33843, -0.071973, 0.0, 0.0, 0.0, 1.0],
                [0.892835, 0.396478, 0.213638, 0.086591, -0.132264, -0.222644, 0.965863, 0.011176, 0.430525, -0.890627, -0.146321, -0.067066, 0.0, 0.0, 0.0, 1.0],
                [0.861766, 0.425336, 0.276468, 0.089624, -0.267272, -0.082574, 0.960052, 0.011501, 0.431191, -0.901249, 0.042542, -0.058548, 0.0, 0.0, 0.0, 1.0],
                [0.871737, 0.435695, 0.224124, 0.093038, -0.242464, -0.01392, 0.970037, 0.011867, 0.425777, -0.899972, 0.093526, -0.048962, 0.0, 0.0, 0.0, 1.0],
                [0.89886, 0.413647, 0.144701, 0.096576, -0.126868, -0.070459, 0.989393, 0.012247, 0.419471, -0.90769, -0.010833, -0.039027, 0.0, 0.0, 0.0, 1.0],
                [0.920089, 0.37423, 0.115672, 0.100119, -0.037581, -0.209629, 0.977041, 0.012627, 0.389901, -0.903314, -0.178791, -0.029078, 0.0, 0.0, 0.0, 1.0],
                [0.94379, 0.314912, 0.100429, 0.103594, -0.000835, -0.301582, 0.953423, 0.013, 0.330545, -0.899916, -0.284343, -0.019318, 0.0, 0.0, 0.0, 1.0],
                [0.96215, 0.25819, 0.087194, 0.106951, 0.012514, -0.361502, 0.932271, 0.01336, 0.272235, -0.895894, -0.351024, -0.009892, 0.0, 0.0, 0.0, 1.0],
                [0.974002, 0.212993, 0.077146, 0.110147, 0.020697, -0.422814, 0.905964, 0.013703, 0.225591, -0.880817, -0.416202, -0.000917, 0.0, 0.0, 0.0, 1.0],
                [0.981709, 0.177749, 0.068204, 0.113145, 0.026107, -0.480556, 0.87656, 0.014025, 0.188591, -0.858748, -0.476378, 0.007502, 0.0, 0.0, 0.0, 1.0],
                [0.986684, 0.151527, 0.059107, 0.115908, 0.030707, -0.530431, 0.847157, 0.014321, 0.159726, -0.834064, -0.52799, 0.01526, 0.0, 0.0, 0.0, 1.0],
                [0.989851, 0.13304, 0.049948, 0.118398, 0.035494, -0.571818, 0.819598, 0.014588, 0.137605, -0.809511, -0.570705, 0.022251, 0.0, 0.0, 0.0, 1.0],
                [0.991432, 0.124846, 0.038421, 0.120572, 0.044495, -0.599331, 0.799249, 0.014821, 0.122815, -0.790696, -0.599719, 0.028355, 0.0, 0.0, 0.0, 1.0],
                [0.992066, 0.122557, 0.028023, 0.122382, 0.054994, -0.623497, 0.779873, 0.015016, 0.113055, -0.772152, -0.625257, 0.033437, 0.0, 0.0, 0.0, 1.0],
                [0.992162, 0.123277, 0.020419, 0.123771, 0.064737, -0.646886, 0.759818, 0.015165, 0.106881, -0.75255, -0.649763, 0.037339, 0.0, 0.0, 0.0, 1.0],
                [0.992166, 0.123762, 0.016998, 0.124671, 0.070731, -0.668702, 0.740141, 0.015261, 0.102972, -0.733153, -0.672184, 0.039865, 0.0, 0.0, 0.0, 1.0],
                [0.992313, 0.12251, 0.017482, 0.124994, 0.07149, -0.68282, 0.727063, 0.015296, 0.101014, -0.720238, -0.686296, 0.040773, 0.0, 0.0, 0.0, 1.0],
                [0.992494, 0.120966, 0.017974, 0.124994, 0.069914, -0.68183, 0.728143, 0.015296, 0.100339, -0.721435, -0.685137, 0.040773, 0.0, 0.0, 0.0, 1.0],
                [0.992616, 0.120225, 0.016099, 0.124994, 0.068827, -0.667541, 0.741366, 0.015296, 0.099881, -0.734799, -0.670854, 0.040773, 0.0, 0.0, 0.0, 1.0],
                [0.992693, 0.119983, 0.012857, 0.124994, 0.068132, -0.645242, 0.760915, 0.015296, 0.099596, -0.754494, -0.648669, 0.040773, 0.0, 0.0, 0.0, 1.0],
                [0.992732, 0.120011, 0.009005, 0.124994, 0.067767, -0.619277, 0.782222, 0.015296, 0.099455, -0.775943, -0.622877, 0.040773, 0.0, 0.0, 0.0, 1.0],
                [0.992739, 0.120183, 0.005079, 0.124994, 0.067689, -0.593044, 0.802299, 0.015296, 0.099438, -0.796146, -0.596841, 0.040773, 0.0, 0.0, 0.0, 1.0],
                [0.992718, 0.120458, 0.001404, 0.124994, 0.067866, -0.568869, 0.819602, 0.015296, 0.09953, -0.813555, -0.57287, 0.040773, 0.0, 0.0, 0.0, 1.0],
                [0.992671, 0.120837, -0.001745, 0.124994, 0.068273, -0.548835, 0.833117, 0.015296, 0.099718, -0.827146, -0.553031, 0.040773, 0.0, 0.0, 0.0, 1.0],
                [0.992582, 0.121489, -0.004709, 0.124994, 0.069055, -0.531476, 0.844233, 0.015296, 0.100066, -0.838311, -0.535892, 0.040773, 0.0, 0.0, 0.0, 1.0],
                [0.992455, 0.122354, -0.007942, 0.124994, 0.070161, -0.513602, 0.855134, 0.015296, 0.100553, -0.849254, -0.518281, 0.040773, 0.0, 0.0, 0.0, 1.0],
                [0.992314, 0.123246, -0.011082, 0.124994, 0.071374, -0.496907, 0.864842, 0.015296, 0.101085, -0.859002, -0.501854, 0.040773, 0.0, 0.0, 0.0, 1.0],
                [0.992171, 0.124101, -0.013996, 0.124994, 0.072596, -0.481928, 0.873177, 0.015296, 0.10162, -0.867372, -0.487134, 0.040773, 0.0, 0.0, 0.0, 1.0],
                [0.992032, 0.124885, -0.016598, 0.124994, 0.073764, -0.468981, 0.880102, 0.015296, 0.102131, -0.874328, -0.474425, 0.040773, 0.0, 0.0, 0.0, 1.0],
                [0.991905, 0.125578, -0.018849, 0.124994, 0.074829, -0.45811, 0.885719, 0.015296, 0.102596, -0.879973, -0.463768, 0.040773, 0.0, 0.0, 0.0, 1.0],
                [0.991794, 0.12616, -0.020704, 0.124994, 0.075745, -0.44939, 0.890098, 0.015296, 0.102995, -0.884375, -0.455228, 0.040773, 0.0, 0.0, 0.0, 1.0],
                [0.991706, 0.126611, -0.022113, 0.124994, 0.076464, -0.442912, 0.893278, 0.015296, 0.103308, -0.887573, -0.448889, 0.040773, 0.0, 0.0, 0.0, 1.0],
                [0.991648, 0.126905, -0.023014, 0.124994, 0.076938, -0.438855, 0.895237, 0.015296, 0.103514, -0.889544, -0.444923, 0.040773, 0.0, 0.0, 0.0, 1.0],
                [0.991627, 0.127009, -0.023349, 0.124994, 0.07711, -0.437327, 0.89597, 0.015296, 0.103589, -0.890281, -0.443429, 0.040773, 0.0, 0.0, 0.0, 1.0]
            ]
        },
        {
            "name": "Leg_R",
            "time": [0.0, 0.0167, 0.0333, 0.05, 0.0667, 0.0833, 0.1, 0.1167, 0.1333, 0.15, 0.1667, 0.1833, 0.2, 0.2167, 0.2333, 0.25, 0.2667, 0.2833, 0.3, 0.3167, 0.3333, 0.35, 0.3667, 0.3833, 0.4, 0.4167, 0.4333, 0.45, 0.4667, 0.4833, 0.5, 0.5167, 0.5333, 0.55, 0.5667, 0.5833, 0.6, 0.6167, 0.6333, 0.65, 0.6667, 0.6833, 0.7, 0.7167, 0.7333, 0.75, 0.7667, 0.7833, 0.8, 0.8167, 0.8333, 0.85, 0.8667, 0.8833, 0.9, 0.9167, 0.9333, 0.95, 0.9667, 0.9833, 1.0, 1.0167, 1.0333, 1.05, 1.0667, 1.0833, 1.1, 1.1167, 1.1333, 1.15, 1.1667, 1.1833, 1.2, 1.2167, 1.2333, 1.25, 1.2667, 1.2833, 1.3, 1.3167, 1.3333],
            "transform": [
                [0.999999, -0.000965, -0.000668, 0.0, 0.001064, 0.505645, 0.862723, 0.375166, -0.000495, -0.862761, 0.505658, -0.0, 0.0, 0.0, 0.0, 1.0],
                [0.999999, -0.000964, -0.000668, -0.0, 0.001064, 0.505968, 0.862534, 0.375166, -0.000494, -0.862572, 0.505981, -0.0, 0.0, 0.0, 0.0, 1.0],
                [0.999999, -0.000964, -0.000666, 0.0, 0.001063, 0.507147, 0.861841, 0.375166, -0.000493, -0.861879, 0.50716, 0.0, 0.0, 0.0, 0.0, 1.0],
                [0.999999, -0.000962, -0.000664, 0.0, 0.001061, 0.509568, 0.860412, 0.375166, -0.00049, -0.86045, 0.509581, -0.0, 0.0, 0.0, 0.0, 1.0],
                [0.999999, -0.000959, -0.000659, -0.0, 0.001058, 0.513677, 0.857965, 0.375166, -0.000485, -0.858003, 0.51369, -0.0, 0.0, 0.0, 0.0, 1.0],
                [0.999999, -0.000955, -0.000652, 0.0, 0.001054, 0.519886, 0.854217, 0.375166, -0.000477, -0.854255, 0.5199, 0.0, 0.0, 0.0, 0.0, 1.0],
                [0.999999, -0.000949, -0.000642, 0.0, 0.001047, 0.528518, 0.848903, 0.375166, -0.000466, -0.848941, 0.528532, 0.0, 0.0, 0.0, 0.0, 1.0],
                [0.999999, -0.000941, -0.00063, -0.0, 0.001038, 0.539746, 0.841809, 0.375166, -0.000453, -0.841847, 0.539759, -0.0, 0.0, 0.0, 0.0, 1.0],
                [0.999999, -0.000931, -0.000614, -0.0, 0.001027, 0.553612, 0.832755, 0.375166, -0.000435, -0.832793, 0.553625, 0.0, 0.0, 0.0, 0.0, 1.0],
                [0.999999, -0.000919, -0.000596, 0.0, 0.001013, 0.570082, 0.821568, 0.375166, -0.000415, -0.821606, 0.570095, 0.0, 0.0, 0.0, 0.0, 1.0],
                [0.999999, -0.000905, -0.000577, 0.0, 0.000998, 0.587131, 0.809473, 0.375166, -0.000394, -0.80951, 0.587144, 0.0, 0.0, 0.0, 0.0, 1.0],
                [0.999999, -0.00088, -0.000544, 0.0, 0.000971, 0.616461, 0.787366, 0.375166, -0.000358, -0.787403, 0.616474, 0.0, 0.0, 0.0, 0.0, 1.0],
                [1.0, -0.000849, -0.000506, -0.0, 0.000937, 0.650629, 0.759376, 0.375166, -0.000316, -0.759413, 0.650642, -0.0, 0.0, 0.0, 0.0, 1.0],
                [1.0, -0.000818, -0.000471, 0.0, 0.000902, 0.681952, 0.731377, 0.375166, -0.000277, -0.731413, 0.681964, 0.0, 0.0, 0.0, 0.0, 1.0],
                [0.999999, -0.000796, -0.000448, 0.0, 0.000878, 0.702036, 0.712122, 0.375166, -0.000252, -0.712157, 0.702048, -0.0, 0.0, 0.0, 0.0, 1.0],
                [1.0, -0.000795, -0.000447, -0.0, 0.000877, 0.703077, 0.711094, 0.375166, -0.000251, -0.71113, 0.703088, 0.0, 0.0, 0.0, 0.0, 1.0],
                [1.0, -0.000821, -0.000474, -0.0, 0.000906, 0.678708, 0.734388, 0.375166, -0.000281, -0.734424, 0.67872, -0.0, 0.0, 0.0, 0.0, 1.0],
                [1.0, -0.000869, -0.000529, 0.0, 0.000958, 0.629676, 0.776838, 0.375166, -0.000342, -0.776875, 0.629689, -0.0, 0.0, 0.0, 0.0, 1.0],
                [1.0, -0.000924, -0.000604, -0.0, 0.001019, 0.563095, 0.826373, 0.375166, -0.000424, -0.826411, 0.563108, 0.0, 0.0, 0.0, 0.0, 1.0],
                [0.999999, -0.000979, -0.000693, -0.0, 0.00108, 0.483151, 0.875518, 0.375166, -0.000522, -0.875557, 0.483164, 0.0, 0.0, 0.0, 0.0, 1.0],
                [0.999999, -0.001027, -0.000791, -0.0, 0.001133, 0.395695, 0.918364, 0.375166, -0.00063, -0.918402, 0.395708, 0.0, 0.0, 0.0, 0.0, 1.0],
                [0.999999, -0.001065, -0.000891, -0.0, 0.001174, 0.30626, 0.95193, 0.375166, -0.000741, -0.951968, 0.306272, 0.0, 0.0, 0.0, 0.0, 1.0],
                [0.999999, -0.001091, -0.000987, -0.0, 0.001203, 0.219955, 0.975493, 0.375166, -0.000847, -0.97553, 0.219967, 0.0, 0.0, 0.0, 0.0, 1.0],
                [0.999999, -0.001103, -0.001048, 0.0, 0.001216, 0.165486, 0.986195, 0.375166, -0.000914, -0.986232, 0.165497, -0.0, 0.0, 0.0, 0.0, 1.0],
                [0.999999, -0.001106, -0.001068, 0.0, 0.00122, 0.147613, 0.989029, 0.375166, -0.000936, -0.989065, 0.147624, 0.0, 0.0, 0.0, 0.0, 1.0],
                [0.999999, -0.001115, -0.001148, 0.0, 0.00123, 0.076492, 0.997054, 0.375166, -0.001024, -0.997089, 0.076502, 0.0, 0.0, 0.0, 0.0, 1.0],
                [0.999999, -0.001113, -0.001335, 0.0, 0.001228, -0.090954, 0.99584, 0.375166, -0.00123, -0.995871, -0.090945, -0.0, 0.0, 0.0, 0.0, 1.0],
                [0.999998, -0.001046, -0.00163, 0.0, 0.001153, -0.354612, 0.935, 0.375166, -0.001556, -0.935023, -0.354602, -0.0, 0.0, 0.0, 0.0, 1.0],
                [0.999999, -0.001102, -0.001424, -0.0, 0.001215, -0.170504, 0.985342, 0.375166, -0.001329, -0.98537, -0.170494, -0.0, 0.0, 0.0, 0.0, 1.0],
                [0.999999, -0.000974, -0.000684, -0.0, 0.001074, 0.49144, 0.870893, 0.375166, -0.000512, -0.870932, 0.491454, 0.0, 0.0, 0.0, 0.0, 1.0],
                [1.0, -6e-06, -0.000115, 0.0, 7e-06, 0.999986, 0.005376, 0.375166, 0.000115, -0.005364, 0.999986, 0.0, 0.0, 0.0, 0.0, 1.0],
                [1.0, -0.000183, -0.00013, -0.0, 0.000202, 0.98653, 0.163577, 0.375166, 9.8e-05, -0.163577, 0.986531, -0.0, 0.0, 0.0, 0.0, 1.0],
                [1.0, -0.000373, -0.000179, 0.0, 0.000412, 0.942571, 0.333996, 0.375166, 4.4e-05, -0.33401, 0.942574, -0.0, 0.0, 0.0, 0.0, 1.0],
                [1.0, -0.000236, -0.00014, -0.0, 0.000261, 0.977378, 0.211498, 0.375166, 8.7e-05, -0.211502, 0.977378, -0.0, 0.0, 0.0, 0.0, 1.0],
                [1.0, -6e-06, -0.000115, 0.0, 7e-06, 0.999986, 0.005376, 0.375167, 0.000115, -0.005364, 0.999986, -0.0, 0.0, 0.0, 0.0, 1.0],
                [1.0, -6e-06, -0.000115, -0.0, 7e-06, 0.999986, 0.005379, 0.375166, 0.000115, -0.005367, 0.999986, 0.0, 0.0, 0.0, 0.0, 1.0],
                [1.0, -6e-06, -0.000115, -0.0, 7e-06, 0.999986, 0.005374, 0.375166, 0.000115, -0.005362, 0.999986, 0.0, 0.0, 0.0, 0.0, 1.0],
                [1.0, -0.000219, -0.000137, -0.0, 0.000241, 0.980694, 0.195546, 0.375166, 9.1e-05, -0.195549, 0.980695, -0.0, 0.0, 0.0, 0.0, 1.0],
                [1.0, -6e-06, -0.000115, -0.0, 7e-06, 0.999986, 0.005375, 0.375166, 0.000115, -0.005363, 0.999986, -0.0, 0.0, 0.0, 0.0, 1.0],
                [1.0, -6e-06, -0.000115, 0.0, 7e-06, 0.999986, 0.005383, 0.375166, 0.000115, -0.00537, 0.999986, -0.0, 0.0, 0.0, 0.0, 1.0],
                [1.0, -6e-06, -0.000115, -0.0, 7e-06, 0.999986, 0.005381, 0.375166, 0.000115, -0.005369, 0.999986, -0.0, 0.0, 0.0, 0.0, 1.0],
                [1.0, -0.000342, -0.000169, 0.0, 0.000377, 0.952049, 0.305936, 0.375166, 5.6e-05, -0.305947, 0.952052, 0.0, 0.0, 0.0, 0.0, 1.0],
                [1.0, -0.000712, -0.000371, -0.0, 0.000785, 0.771084, 0.636714, 0.375166, -0.000167, -0.636747, 0.771095, 0.0, 0.0, 0.0, 0.0, 1.0],
                [0.999999, -0.000867, -0.000527, 0.0, 0.000957, 0.631205, 0.775597, 0.375166, -0.00034, -0.775634, 0.631218, -0.0, 0.0, 0.0, 0.0, 1.0],
                [0.999999, -0.00094, -0.000627, -0.0, 0.001036, 0.541942, 0.840397, 0.375166, -0.00045, -0.840435, 0.541955, -0.0, 0.0, 0.0, 0.0, 1.0],
                [0.999999, -0.000975, -0.000686, 0.0, 0.001075, 0.48963, 0.871912, 0.375166, -0.000514, -0.87195, 0.489643, -0.0, 0.0, 0.0, 0.0, 1.0],
                [0.999999, -0.001001, -0.000735, 0.0, 0.001104, 0.445761, 0.895134, 0.375166, -0.000569, -0.895172, 0.445774, -0.0, 0.0, 0.0, 0.0, 1.0],
                [0.999999, -0.001034, -0.000807, 0.0, 0.00114, 0.381306, 0.924431, 0.375166, -0.000648, -0.924469, 0.381319, 0.0, 0.0, 0.0, 0.0, 1.0],
                [0.999999, -0.001078, -0.000936, -0.0, 0.001189, 0.2657, 0.964039, 0.375166, -0.000791, -0.964076, 0.265711, 0.0, 0.0, 0.0, 0.0, 1.0],
                [0.999999, -0.001106, -0.001066, 0.0, 0.00122, 0.149563, 0.988735, 0.375166, -0.000934, -0.988771, 0.149574, 0.0, 0.0, 0.0, 0.0, 1.0],
                [0.999999, -0.001115, -0.001315, -0.0, 0.00123, -0.072652, 0.997342, 0.375166, -0.001208, -0.997373, -0.072642, -0.0, 0.0, 0.0, 0.0, 1.0],
                [0.999998, -0.001085, -0.001503, -0.0, 0.001197, -0.241107, 0.970484, 0.375166, -0.001416, -0.970511, -0.241098, -0.0, 0.0, 0.0, 0.0, 1.0],
                [0.999998, -0.001081, -0.001519, -0.0, 0.001192, -0.255286, 0.966851, 0.375167, -0.001433, -0.966878, -0.255276, -0.0, 0.0, 0.0, 0.0, 1.0],
                [0.999998, -0.001101, -0.001431, 0.0, 0.001214, -0.176743, 0.984242, 0.375167, -0.001336, -0.984271, -0.176733, 0.0, 0.0, 0.0, 0.0, 1.0],
                [0.999999, -0.001116, -0.00131, 0.0, 0.00123, -0.068541, 0.997633, 0.375166, -0.001203, -0.997664, -0.068532, -0.0, 0.0, 0.0, 0.0, 1.0],
                [0.999999, -0.001117, -0.00118, -0.0, 0.001232, 0.047528, 0.998855, 0.375167, -0.00106, -0.998887, 0.047538, 0.0, 0.0, 0.0, 0.0, 1.0],
                [0.999999, -0.001103, -0.001051, 0.0, 0.001217, 0.163005, 0.986609, 0.375166, -0.000917, -0.986644, 0.163016, 0.0, 0.0, 0.0, 0.0, 1.0],
                [0.999999, -0.001077, -0.000933, -0.0, 0.001188, 0.268272, 0.963327, 0.375166, -0.000787, -0.963363, 0.268284, 0.0, 0.0, 0.0, 0.0, 1.0],
                [0.999999, -0.001044, -0.000831, 0.0, 0.001151, 0.359318, 0.933198, 0.375166, -0.000675, -0.933235, 0.35933, 0.0, 0.0, 0.0, 0.0, 1.0],
                [0.999999, -0.001003, -0.00074, -0.0, 0.001107, 0.44141, 0.897288, 0.375167, -0.000574, -0.897325, 0.441423, 0.0, 0.0, 0.0, 0.0, 1.0],
                [0.999999, -0.000938, -0.000625, 0.0, 0.001035, 0.543733, 0.83924, 0.375166, -0.000448, -0.839277, 0.543746, -0.0, 0.0, 0.0, 0.0, 1.0],
                [1.0, -0.000847, -0.000503, 0.0, 0.000934, 0.65301, 0.75733, 0.375166, -0.000313, -0.757366, 0.653022, 0.0, 0.0, 0.0, 0.0, 1.0],
                [1.0, -0.000746, -0.0004, -0.0, 0.000823, 0.744806, 0.667262, 0.375167, -0.0002, -0.667295, 0.744817, -0.0, 0.0, 0.0, 0.0, 1.0],
                [1.0, -0.000671, -0.000339, 0.0, 0.00074, 0.799959, 0.600037, 0.375166, -0.000132, -0.600067, 0.799968, -0.0, 0.0, 0.0, 0.0, 1.0],
                [1.0, -0.000639, -0.000315, 0.0, 0.000704, 0.820801, 0.571196, 0.375166, -0.000106, -0.571225, 0.82081, -0.0, 0.0, 0.0, 0.0, 1.0],
                [1.0, -0.000636, -0.000313, -0.0, 0.000701, 0.822721, 0.568428, 0.375166, -0.000104, -0.568457, 0.822729, -0.0, 0.0, 0.0, 0.0, 1.0],
                [1.0, -0.000652, -0.000324, -0.0, 0.000719, 0.812697, 0.582668, 0.375167, -0.000116, -0.582698, 0.812706, -0.0, 0.0, 0.0, 0.0, 1.0],
                [1.0, -0.000678, -0.000344, -0.0, 0.000747, 0.795543, 0.605879, 0.375166, -0.000137, -0.605909, 0.795552, 0.0, 0.0, 0.0, 0.0, 1.0],
                [1.0, -0.000707, -0.000367, -0.0, 0.00078, 0.774589, 0.632446, 0.375167, -0.000163, -0.632478, 0.774599, -0.0, 0.0, 0.0, 0.0, 1.0],
                [1.0, -0.000737, -0.000393, 0.0, 0.000813, 0.75177, 0.659406, 0.375167, -0.000191, -0.659439, 0.751781, -0.0, 0.0, 0.0, 0.0, 1.0],
                [1.0, -0.000766, -0.000418, 0.0, 0.000844, 0.728958, 0.68454, 0.375166, -0.000219, -0.684574, 0.728969, 0.0, 0.0, 0.0, 0.0, 1.0],
                [1.0, -0.000796, -0.000448, -0.0, 0.000878, 0.702154, 0.712005, 0.375166, -0.000252, -0.71204, 0.702166, 0.0, 0.0, 0.0, 0.0, 1.0],
                [0.999999, -0.000831, -0.000484, -0.0, 0.000916, 0.669619, 0.742685, 0.375166, -0.000292, -0.742721, 0.669631, -0.0, 0.0, 0.0, 0.0, 1.0],
                [1.0, -0.000863, -0.000522, 0.0, 0.000951, 0.636297, 0.771425, 0.375166, -0.000334, -0.771462, 0.636309, 0.0, 0.0, 0.0, 0.0, 1.0],
                [1.0, -0.000891, -0.000558, -0.0, 0.000983, 0.604272, 0.796759, 0.375166, -0.000373, -0.796796, 0.604285, -0.0, 0.0, 0.0, 0.0, 1.0],
                [0.999999, -0.000915, -0.00059, -0.0, 0.001009, 0.574952, 0.818168, 0.375166, -0.000409, -0.818206, 0.574965, -0.0, 0.0, 0.0, 0.0, 1.0],
                [0.999999, -0.000935, -0.000619, -0.0, 0.001031, 0.549131, 0.835717, 0.375166, -0.000441, -0.835755, 0.549144, 0.0, 0.0, 0.0, 0.0, 1.0],
                [0.999999, -0.00095, -0.000643, -0.0, 0.001048, 0.527569, 0.849493, 0.375166, -0.000468, -0.849531, 0.527583, 0.0, 0.0, 0.0, 0.0, 1.0],
                [0.999999, -0.000961, -0.000662, 0.0, 0.00106, 0.511018, 0.859551, 0.375166, -0.000488, -0.859589, 0.511031, -0.0, 0.0, 0.0, 0.0, 1.0],
                [0.999999, -0.000968, -0.000674, 0.0, 0.001068, 0.500366, 0.865795, 0.375166, -0.000501, -0.865833, 0.50038, -0.0, 0.0, 0.0, 0.0, 1.0],
                [0.999999, -0.000971, -0.000678, 0.0, 0.001071, 0.496373, 0.868091, 0.375167, -0.000506, -0.868129, 0.496386, 0.0, 0.0, 0.0, 0.0, 1.0]
            ]
        },
        {
            "name": "Knee_R",
            "time": [0.0, 0.0167, 0.0333, 0.05, 0.0667, 0.0833, 0.1, 0.1167, 0.1333, 0.15, 0.1667, 0.1833, 0.2, 0.2167, 0.2333, 0.25, 0.2667, 0.2833, 0.3, 0.3167, 0.3333, 0.35, 0.3667, 0.3833, 0.4, 0.4167, 0.4333, 0.45, 0.4667, 0.4833, 0.5, 0.5167, 0.5333, 0.55, 0.5667, 0.5833, 0.6, 0.6167, 0.6333, 0.65, 0.6667, 0.6833, 0.7, 0.7167, 0.7333, 0.75, 0.7667, 0.7833, 0.8, 0.8167, 0.8333, 0.85, 0.8667, 0.8833, 0.9, 0.9167, 0.9333, 0.95, 0.9667, 0.9833, 1.0, 1.0167, 1.0333, 1.05, 1.0667, 1.0833, 1.1, 1.1167, 1.1333, 1.15, 1.1667, 1.1833, 1.2, 1.2167, 1.2333, 1.25, 1.2667, 1.2833, 1.3, 1.3167, 1.3333],
            "transform": [
                [1.0, -5.9e-05, 5.2e-05, 0.0, 5.7e-05, 0.087098, -0.9962, 0.375166, 5.4e-05, 0.9962, 0.087098, -0.0, 0.0, 0.0, 0.0, 1.0],
                [1.0, -5.9e-05, 5.2e-05, -0.0, 5.7e-05, 0.087098, -0.9962, 0.375166, 5.4e-05, 0.9962, 0.087098, -0.0, 0.0, 0.0, 0.0, 1.0],
                [1.0, -5.9e-05, 5.2e-05, 0.0, 5.7e-05, 0.087098, -0.9962, 0.375166, 5.4e-05, 0.9962, 0.087098, 0.0, 0.0, 0.0, 0.0, 1.0],
                [1.0, -5.9e-05, 5.2e-05, 0.0, 5.7e-05, 0.087098, -0.9962, 0.375166, 5.4e-05, 0.9962, 0.087098, -0.0, 0.0, 0.0, 0.0, 1.0],
                [1.0, -5.9e-05, 5.2e-05, -0.0, 5.7e-05, 0.087098, -0.9962, 0.375166, 5.4e-05, 0.9962, 0.087098, -0.0, 0.0, 0.0, 0.0, 1.0],
                [1.0, -5.9e-05, 5.2e-05, 0.0, 5.7e-05, 0.087098, -0.9962, 0.375166, 5.4e-05, 0.9962, 0.087098, 0.0, 0.0, 0.0, 0.0, 1.0],
                [1.0, -5.9e-05, 5.2e-05, 0.0, 5.7e-05, 0.087098, -0.9962, 0.375166, 5.4e-05, 0.9962, 0.087098, 0.0, 0.0, 0.0, 0.0, 1.0],
                [1.0, -5.9e-05, 5.2e-05, -0.0, 5.7e-05, 0.087098, -0.9962, 0.375166, 5.4e-05, 0.9962, 0.087098, -0.0, 0.0, 0.0, 0.0, 1.0],
                [1.0, -5.9e-05, 5.2e-05, -0.0, 5.7e-05, 0.087098, -0.9962, 0.375166, 5.4e-05, 0.9962, 0.087098, 0.0, 0.0, 0.0, 0.0, 1.0],
                [1.0, -5.9e-05, 5.2e-05, 0.0, 5.7e-05, 0.087098, -0.9962, 0.375166, 5.4e-05, 0.9962, 0.087098, 0.0, 0.0, 0.0, 0.0, 1.0],
                [1.0, -5.9e-05, 5.2e-05, 0.0, 5.7e-05, 0.087098, -0.9962, 0.375166, 5.4e-05, 0.9962, 0.087098, 0.0, 0.0, 0.0, 0.0, 1.0],
                [1.0, -5.9e-05, 5.2e-05, 0.0, 5.7e-05, 0.087098, -0.9962, 0.375166, 5.4e-05, 0.9962, 0.087098, 0.0, 0.0, 0.0, 0.0, 1.0],
                [1.0, -5.9e-05, 5.2e-05, -0.0, 5.7e-05, 0.087098, -0.9962, 0.375166, 5.4e-05, 0.9962, 0.087098, -0.0, 0.0, 0.0, 0.0, 1.0],
                [1.0, -5.9e-05, 5.2e-05, 0.0, 5.7e-05, 0.087098, -0.9962, 0.375166, 5.4e-05, 0.9962, 0.087098, 0.0, 0.0, 0.0, 0.0, 1.0],
                [1.0, -5.9e-05, 5.2e-05, 0.0, 5.7e-05, 0.087098, -0.9962, 0.375166, 5.4e-05, 0.9962, 0.087098, -0.0, 0.0, 0.0, 0.0, 1.0],
                [1.0, -5.9e-05, 5.2e-05, -0.0, 5.7e-05, 0.087098, -0.9962, 0.375166, 5.4e-05, 0.9962, 0.087098, 0.0, 0.0, 0.0, 0.0, 1.0],
                [1.0, -5.9e-05, 5.2e-05, -0.0, 5.7e-05, 0.087098, -0.9962, 0.375166, 5.4e-05, 0.9962, 0.087098, -0.0, 0.0, 0.0, 0.0, 1.0],
                [1.0, -5.9e-05, 5.2e-05, 0.0, 5.7e-05, 0.087098, -0.9962, 0.375166, 5.4e-05, 0.9962, 0.087098, -0.0, 0.0, 0.0, 0.0, 1.0],
                [1.0, -5.9e-05, 5.2e-05, -0.0, 5.7e-05, 0.087098, -0.9962, 0.375166, 5.4e-05, 0.9962, 0.087098, 0.0, 0.0, 0.0, 0.0, 1.0],
