{
    "animation": [
        {
            "name": "Root",
            "time": [0.0, 0.0417, 0.0833, 0.125, 0.1667, 0.2083, 0.25, 0.2917, 0.3333, 0.375, 0.4167, 0.4583, 0.5, 0.5417, 0.5833, 0.625, 0.6667, 0.7083, 0.75, 0.7917, 0.8333, 0.875, 0.9167, 0.9583, 1.0, 1.0417, 1.0833, 1.125, 1.1667, 1.2083, 1.25, 1.2917, 1.3333, 1.375, 1.4167, 1.4583, 1.5, 1.5417, 1.5833, 1.625, 1.6667, 1.7083, 1.75, 1.7917, 1.8333],
            "transform": [
                [0.997126, 0.0, -0.075768, 0.031141, -0.075768, 0.0, -0.997126, 0.000946, 0.0, 1.0, 0.0, 0.621154, 0.0, 0.0, 0.0, 1.0],
                [0.996806, 0.0, -0.079866, 0.032405, -0.079866, 0.0, -0.996806, 0.12181, 0.0, 1.0, 0.0, 0.639927, 0.0, 0.0, 0.0, 1.0],
                [0.993356, 0.0, -0.115081, 0.035308, -0.115081, 0.0, -0.993356, 0.474099, 0.0, 1.0, 0.0, 0.680099, 0.0, 0.0, 0.0, 1.0],
                [0.979787, 0.0, -0.200045, 0.037183, -0.200045, 0.0, -0.979787, 0.978354, 0.0, 1.0, 0.0, 0.698871, 0.0, 0.0, 0.0, 1.0],
                [0.939593, 0.0, -0.342293, 0.037826, -0.342293, 0.0, -0.939593, 1.518204, 0.0, 1.0, 0.0, 0.689618, 0.0, 0.0, 0.0, 1.0],
                [0.85927, 0.0, -0.511522, 0.03809, -0.511522, 0.0, -0.85927, 1.982391, 0.0, 1.0, 0.0, 0.662269, 0.0, 0.0, 0.0, 1.0],
                [0.715476, 0.0, -0.698637, 0.038121, -0.698637, 0.0, -0.715476, 2.307935, 0.0, 1.0, 0.0, 0.629748, 0.0, 0.0, 0.0, 1.0],
                [0.463751, 0.0, -0.885966, 0.038121, -0.885966, 0.0, -0.463751, 2.599741, 0.0, 1.0, 0.0, 0.586207, 0.0, 0.0, 0.0, 1.0],
                [0.115334, 0.0, -0.993327, 0.038121, -0.993327, 0.0, -0.115334, 3.025981, 0.0, 1.0, 0.0, 0.533485, 0.0, 0.0, 0.0, 1.0],
                [-0.223005, 0.0, -0.974817, 0.038121, -0.974817, 0.0, 0.223005, 3.485223, 0.0, 1.0, 0.0, 0.492453, 0.0, 0.0, 0.0, 1.0],
                [-0.456424, 0.0, -0.889762, 0.038121, -0.889762, 0.0, 0.456424, 3.847734, 0.0, 1.0, 0.0, 0.478422, 0.0, 0.0, 0.0, 1.0],
                [-0.558528, 0.0, -0.829486, 0.038121, -0.829486, 0.0, 0.558528, 4.082816, 0.0, 1.0, 0.0, 0.510517, 0.0, 0.0, 0.0, 1.0],
                [-0.59968, 0.0, -0.80024, 0.038121, -0.80024, 0.0, 0.59968, 4.254871, 0.0, 1.0, 0.0, 0.593326, 0.0, 0.0, 0.0, 1.0],
                [-0.652975, 0.0, -0.757379, 0.038121, -0.757379, 0.0, 0.652975, 4.488611, 0.0, 1.0, 0.0, 0.66898, 0.0, 0.0, 0.0, 1.0],
                [-0.739774, 0.0, -0.672855, 0.038121, -0.672855, 0.0, 0.739774, 4.849384, 0.0, 1.0, 0.0, 0.727216, 0.0, 0.0, 0.0, 1.0],
                [-0.811562, 0.0, -0.584267, 0.038121, -0.584267, 0.0, 0.811562, 5.215699, 0.0, 1.0, 0.0, 0.769864, 0.0, 0.0, 0.0, 1.0],
                [-0.846683, 0.0, -0.532097, 0.038121, -0.532097, 0.0, 0.846683, 5.500506, 0.0, 1.0, 0.0, 0.803179, 0.0, 0.0, 0.0, 1.0],
                [-0.864675, 0.0, -0.502332, 0.038121, -0.502332, 0.0, 0.864675, 5.737582, 0.0, 1.0, 0.0, 0.833753, 0.0, 0.0, 0.0, 1.0],
                [-0.879017, 0.0, -0.47679, 0.038121, -0.47679, 0.0, 0.879017, 5.956154, 0.0, 1.0, 0.0, 0.853515, 0.0, 0.0, 0.0, 1.0],
                [-0.901337, 0.0, -0.433119, 0.038121, -0.433119, 0.0, 0.901337, 6.190333, 0.0, 1.0, 0.0, 0.859538, 0.0, 0.0, 0.0, 1.0],
                [-0.918643, 0.0, -0.395089, 0.038121, -0.395089, 0.0, 0.918643, 6.433071, 0.0, 1.0, 0.0, 0.854454, 0.0, 0.0, 0.0, 1.0],
                [-0.937457, 0.0, -0.348101, 0.038121, -0.348101, 0.0, 0.937457, 6.679283, 0.0, 1.0, 0.0, 0.832256, 0.0, 0.0, 0.0, 1.0],
                [-0.979109, 0.0, -0.203335, 0.038121, -0.203335, 0.0, 0.979109, 6.945877, 0.0, 1.0, 0.0, 0.792282, 0.0, 0.0, 0.0, 1.0],
                [-0.986977, 0.0, 0.160863, -0.021834, 0.160863, 0.0, 0.986977, 7.241256, 0.0, 1.0, 0.0, 0.745592, 0.0, 0.0, 0.0, 1.0],
                [-0.855727, 0.0, 0.517427, -0.081789, 0.517427, 0.0, 0.855727, 7.549952, 0.0, 1.0, 0.0, 0.654564, 0.0, 0.0, 0.0, 1.0],
                [-0.670989, 0.017841, 0.741253, -0.079905, 0.741371, 0.0, 0.671095, 7.881765, 0.011973, 0.999841, -0.013227, 0.42183, 0.0, 0.0, 0.0, 1.0],
                [-0.577774, 0.035676, 0.815417, -0.061367, 0.815936, 0.0, 0.578142, 8.193755, 0.020626, 0.999363, -0.029109, 0.271808, 0.0, 0.0, 0.0, 1.0],
                [-0.577774, 0.035676, 0.815417, 0.014985, 0.815936, 0.0, 0.578142, 8.503454, 0.020626, 0.999363, -0.029109, 0.336383, 0.0, 0.0, 0.0, 1.0],
                [-0.577774, 0.035676, 0.815417, 0.085189, 0.815936, 0.0, 0.578142, 8.65934, 0.020626, 0.999363, -0.029109, 0.414634, 0.0, 0.0, 0.0, 1.0],
                [-0.577774, 0.035676, 0.815417, 0.109685, 0.815936, 0.0, 0.578142, 8.668501, 0.020626, 0.999363, -0.029109, 0.428789, 0.0, 0.0, 0.0, 1.0],
                [-0.577774, 0.035676, 0.815417, 0.113185, 0.815936, 0.0, 0.578142, 8.675982, 0.020626, 0.999363, -0.029109, 0.432867, 0.0, 0.0, 0.0, 1.0],
                [-0.577774, 0.035676, 0.815417, 0.112321, 0.815936, 0.0, 0.578142, 8.68177, 0.020626, 0.999363, -0.029109, 0.435997, 0.0, 0.0, 0.0, 1.0],
                [-0.577774, 0.035676, 0.815417, 0.108526, 0.815936, 0.0, 0.578142, 8.686602, 0.020626, 0.999363, -0.029109, 0.438481, 0.0, 0.0, 0.0, 1.0],
                [-0.577774, 0.035676, 0.815417, 0.10058, 0.815936, 0.0, 0.578142, 8.690148, 0.020626, 0.999363, -0.029109, 0.441377, 0.0, 0.0, 0.0, 1.0],
                [-0.577774, 0.035676, 0.815417, 0.08924, 0.815936, 0.0, 0.578142, 8.69247, 0.020626, 0.999363, -0.029109, 0.445544, 0.0, 0.0, 0.0, 1.0],
                [-0.527223, 0.034566, 0.849024, 0.069041, 0.849532, 0.0, 0.527538, 8.692998, 0.018235, 0.999402, -0.029365, 0.451491, 0.0, 0.0, 0.0, 1.0],
                [-0.361968, 0.031183, 0.931669, 0.042602, 0.932122, 0.0, 0.362144, 8.692273, 0.011293, 0.999514, -0.029067, 0.458431, 0.0, 0.0, 0.0, 1.0],
                [-0.114382, 0.026507, 0.993083, 0.021267, 0.993432, 0.0, 0.114422, 8.691055, 0.003033, 0.999649, -0.026333, 0.465487, 0.0, 0.0, 0.0, 1.0],
                [0.124357, 0.022132, 0.991991, 0.013954, 0.992234, 0.0, -0.124387, 8.690094, -0.002753, 0.999755, -0.02196, 0.471726, 0.0, 0.0, 0.0, 1.0],
                [0.395853, 0.016971, 0.918157, 0.016059, 0.918289, 0.0, -0.39591, 8.688652, -0.006719, 0.999856, -0.015585, 0.477922, 0.0, 0.0, 0.0, 1.0],
                [0.674448, 0.01088, 0.738242, 0.021031, 0.738286, 0.0, -0.674488, 8.685976, -0.007339, 0.999941, -0.008033, 0.484784, 0.0, 0.0, 0.0, 1.0],
                [0.875973, 0.004899, 0.482335, 0.027219, 0.482341, 0.0, -0.875984, 8.682968, -0.004291, 0.999988, -0.002363, 0.491285, 0.0, 0.0, 0.0, 1.0],
                [0.972564, -1.1e-05, 0.232635, 0.032949, 0.232635, 0.0, -0.972564, 8.680416, 1e-05, 1.0, 3e-06, 0.496503, 0.0, 0.0, 0.0, 1.0],
                [0.998088, -0.003174, 0.061722, 0.036917, 0.061722, 0.0, -0.998093, 8.678806, 0.003168, 0.999995, 0.000196, 0.499816, 0.0, 0.0, 0.0, 1.0],
                [0.999988, -0.004255, 0.00262, 0.038334, 0.00262, 0.0, -0.999997, 8.678286, 0.004255, 0.999991, 1.1e-05, 0.500938, 0.0, 0.0, 0.0, 1.0]
            ]
        },
        {
            "name": "Thigh_R",
            "time": [0.0, 0.0417, 0.0833, 0.125, 0.1667, 0.2083, 0.25, 0.2917, 0.3333, 0.375, 0.4167, 0.4583, 0.5, 0.5417, 0.5833, 0.625, 0.6667, 0.7083, 0.75, 0.7917, 0.8333, 0.875, 0.9167, 0.9583, 1.0, 1.0417, 1.0833, 1.125, 1.1667, 1.2083, 1.25, 1.2917, 1.3333, 1.375, 1.4167, 1.4583, 1.5, 1.5417, 1.5833, 1.625, 1.6667, 1.7083, 1.75, 1.7917, 1.8333],
            "transform": [
                [0.997134, 0.04781, -0.058645, 0.128578, 0.00082, -0.781868, -0.623418, 0.060236, -0.075661, 0.62161, -0.779636, 0.047152, 0.0, 0.0, 0.0, 1.0],
                [0.997603, 0.033804, -0.060377, 0.128578, -0.002928, -0.851153, -0.524881, 0.060236, -0.069135, 0.523828, -0.848987, 0.047152, 0.0, 0.0, 0.0, 1.0],
                [0.997923, 0.016892, -0.062164, 0.128578, -0.011981, -0.899503, -0.436711, 0.060236, -0.063296, 0.43658, -0.897413, 0.047152, 0.0, 0.0, 0.0, 1.0],
                [0.99642, 0.009728, -0.083977, 0.128578, -0.021097, -0.933312, -0.358396, 0.060236, -0.081866, 0.358916, -0.929751, 0.047152, 0.0, 0.0, 0.0, 1.0],
                [0.993191, 0.033681, -0.111517, 0.128578, 0.000368, -0.958186, -0.286084, 0.060236, -0.116495, 0.284125, -0.951663, 0.047152, 0.0, 0.0, 0.0, 1.0],
                [0.985901, 0.065364, -0.154035, 0.128578, 0.030017, -0.97469, -0.221453, 0.060236, -0.164618, 0.213736, -0.962902, 0.047152, 0.0, 0.0, 0.0, 1.0],
                [0.967023, -0.036179, -0.252098, 0.128578, -0.056394, -0.99569, -0.073394, 0.060236, -0.248366, 0.085217, -0.964891, 0.047152, 0.0, 0.0, 0.0, 1.0],
                [0.947908, -0.297806, -0.113035, 0.128578, -0.267516, -0.936886, 0.225066, 0.060236, -0.172933, -0.18308, -0.967744, 0.047152, 0.0, 0.0, 0.0, 1.0],
                [0.51632, 0.51124, 0.687022, 0.128578, 0.503421, -0.830188, 0.239461, 0.060236, 0.692806, 0.222243, -0.686012, 0.047152, 0.0, 0.0, 0.0, 1.0],
                [0.186723, 0.427681, 0.884395, 0.128577, 0.676132, -0.70907, 0.200153, 0.060236, 0.712726, 0.560618, -0.421574, 0.047152, 0.0, 0.0, 0.0, 1.0],
                [0.223685, 0.234942, 0.945884, 0.128578, 0.725564, -0.688152, -0.000644, 0.060236, 0.650785, 0.686472, -0.324396, 0.047152, 0.0, 0.0, 0.0, 1.0],
                [0.211846, -0.150512, 0.965606, 0.111511, 0.750825, -0.607433, -0.259387, 0.07031, 0.625605, 0.779982, -0.015673, 0.065147, 0.0, 0.0, 0.0, 1.0],
                [0.1739, -0.170946, 0.969775, 0.06724, 0.732297, -0.635996, -0.243407, 0.091866, 0.658407, 0.752521, 0.014583, 0.10365, 0.0, 0.0, 0.0, 1.0],
                [0.178566, -0.032263, 0.983361, 0.02628, 0.684689, -0.713704, -0.147735, 0.101938, 0.706622, 0.699705, -0.105348, 0.121643, 0.0, 0.0, 0.0, 1.0],
                [0.198619, 0.045094, 0.979001, -0.006449, 0.379254, -0.924655, -0.034349, 0.080705, 0.903724, 0.378128, -0.200748, 0.112777, 0.0, 0.0, 0.0, 1.0],
                [0.114582, -0.116522, 0.986518, -0.030539, -0.203263, -0.974837, -0.091527, 0.059786, 0.972397, -0.190042, -0.135378, 0.097471, 0.0, 0.0, 0.0, 1.0],
                [-0.016515, -0.173151, 0.984719, -0.048469, -0.41788, -0.893555, -0.164117, 0.06051, 0.908352, -0.414219, -0.057597, 0.083019, 0.0, 0.0, 0.0, 1.0],
                [-0.181763, -0.247597, 0.951624, -0.065916, -0.483846, -0.820004, -0.305745, 0.061368, 0.85607, -0.516031, 0.029247, 0.067269, 0.0, 0.0, 0.0, 1.0],
                [-0.354449, -0.06477, 0.932796, -0.082402, -0.439969, -0.868718, -0.227475, 0.062312, 0.825102, -0.491049, 0.279416, 0.051648, 0.0, 0.0, 0.0, 1.0],
                [-0.507202, 0.023092, 0.861488, -0.097708, -0.337782, -0.924984, -0.174045, 0.063326, 0.792875, -0.379291, 0.476947, 0.03673, 0.0, 0.0, 0.0, 1.0],
                [-0.679339, 0.040674, 0.732671, -0.111671, -0.177041, -0.978048, -0.109828, 0.0644, 0.712149, -0.204342, 0.671613, 0.022861, 0.0, 0.0, 0.0, 1.0],
                [-0.831685, 0.043033, 0.553559, -0.124132, -0.032703, -0.999051, 0.028553, 0.065533, 0.554283, 0.005626, 0.832282, 0.010315, 0.0, 0.0, 0.0, 1.0],
                [-0.881936, -0.017464, 0.471031, -0.134918, 0.070357, -0.99299, 0.094932, 0.066725, 0.466089, 0.116849, 0.876957, -0.000654, 0.0, 0.0, 0.0, 1.0],
                [-0.782348, -0.372909, 0.49885, -0.143828, 0.234145, -0.918294, -0.319226, 0.067977, 0.577155, -0.132946, 0.805709, -0.009783, 0.0, 0.0, 0.0, 1.0],
                [-0.62481, -0.46161, 0.629681, -0.150619, 0.396406, -0.88238, -0.253501, 0.069294, 0.672663, 0.091225, 0.734276, -0.016773, 0.0, 0.0, 0.0, 1.0],
                [-0.470103, -0.222968, 0.853961, -0.154988, 0.640522, -0.751864, 0.1563, 0.070681, 0.607235, 0.620464, 0.496242, -0.021271, 0.0, 0.0, 0.0, 1.0],
                [-0.411294, -0.283535, 0.866264, -0.15655, 0.822239, -0.525584, 0.218362, 0.072147, 0.393395, 0.802092, 0.449275, -0.022842, 0.0, 0.0, 0.0, 1.0],
                [-0.559025, -0.478093, 0.677423, -0.156526, 0.762602, -0.61717, 0.193745, 0.075624, 0.325469, 0.62491, 0.709577, -0.022506, 0.0, 0.0, 0.0, 1.0],
                [-0.695408, -0.620948, 0.361701, -0.156397, 0.71257, -0.66099, 0.235232, 0.080215, 0.093017, 0.421315, 0.902092, -0.021337, 0.0, 0.0, 0.0, 1.0],
                [-0.707276, -0.689485, 0.15611, -0.156099, 0.687941, -0.620431, 0.376563, 0.085025, -0.162786, 0.373723, 0.913105, -0.01894, 0.0, 0.0, 0.0, 1.0],
                [-0.683882, -0.728363, 0.042307, -0.155596, 0.662914, -0.596123, 0.452963, 0.089525, -0.304713, 0.337813, 0.890486, -0.015054, 0.0, 0.0, 0.0, 1.0],
                [-0.676109, -0.736795, -0.002297, -0.154854, 0.6508, -0.598657, 0.466971, 0.093349, -0.345451, 0.314223, 0.88423, -0.009472, 0.0, 0.0, 0.0, 1.0],
                [-0.68054, -0.732601, -0.012519, -0.153845, 0.650194, -0.611695, 0.450633, 0.096206, -0.337805, 0.298528, 0.892582, -0.001998, 0.0, 0.0, 0.0, 1.0],
                [-0.685547, -0.72783, -0.016872, -0.152541, 0.652236, -0.624314, 0.429899, 0.097842, -0.32344, 0.283706, 0.90268, 0.007568, 0.0, 0.0, 0.0, 1.0],
                [-0.690021, -0.723493, -0.020627, -0.150907, 0.655633, -0.636869, 0.405632, 0.098015, -0.306622, 0.266366, 0.913764, 0.019443, 0.0, 0.0, 0.0, 1.0],
                [-0.707595, -0.705923, 0.031318, -0.147056, 0.662435, -0.647276, 0.377106, 0.094617, -0.245947, 0.287581, 0.925601, 0.047447, 0.0, 0.0, 0.0, 1.0],
                [-0.744152, -0.627995, 0.227724, -0.141578, 0.661941, -0.647372, 0.377808, 0.087407, -0.089844, 0.431888, 0.897402, 0.086258, 0.0, 0.0, 0.0, 1.0],
                [-0.747234, -0.454671, 0.48467, -0.13027, 0.651942, -0.642975, 0.401931, 0.08052, 0.128888, 0.616322, 0.776837, 0.118483, 0.0, 0.0, 0.0, 1.0],
                [-0.691147, -0.266611, 0.67172, -0.111702, 0.644478, -0.647981, 0.405909, 0.077933, 0.327054, 0.713467, 0.619643, 0.129872, 0.0, 0.0, 0.0, 1.0],
                [-0.558675, -0.095226, 0.823872, -0.077393, 0.646034, -0.672927, 0.360283, 0.079514, 0.520117, 0.733553, 0.437442, 0.129619, 0.0, 0.0, 0.0, 1.0],
                [-0.341383, 0.05209, 0.938444, -0.032068, 0.64612, -0.712141, 0.274555, 0.083506, 0.682631, 0.700101, 0.209444, 0.128977, 0.0, 0.0, 0.0, 1.0],
                [-0.085195, 0.186011, 0.978809, 0.01498, 0.636484, -0.745681, 0.197094, 0.088543, 0.76657, 0.639813, -0.054865, 0.128169, 0.0, 0.0, 0.0, 1.0],
                [0.143097, 0.377972, 0.914654, 0.05486, 0.617908, -0.756068, 0.215753, 0.093233, 0.773118, 0.534321, -0.341733, 0.127417, 0.0, 0.0, 0.0, 1.0],
                [0.292597, 0.493926, 0.81876, 0.08109, 0.600118, -0.761497, 0.244906, 0.096491, 0.744476, 0.419714, -0.519209, 0.12689, 0.0, 0.0, 0.0, 1.0],
                [0.343269, 0.526837, 0.777532, 0.090174, 0.592978, -0.76358, 0.255579, 0.097656, 0.728385, 0.373346, -0.574497, 0.126704, 0.0, 0.0, 0.0, 1.0]
            ]
        },
        {
            "name": "Leg_R",
            "time": [0.0, 0.0417, 0.0833, 0.125, 0.1667, 0.2083, 0.25, 0.2917, 0.3333, 0.375, 0.4167, 0.4583, 0.5, 0.5417, 0.5833, 0.625, 0.6667, 0.7083, 0.75, 0.7917, 0.8333, 0.875, 0.9167, 0.9583, 1.0, 1.0417, 1.0833, 1.125, 1.1667, 1.2083, 1.25, 1.2917, 1.3333, 1.375, 1.4167, 1.4583, 1.5, 1.5417, 1.5833, 1.625, 1.6667, 1.7083, 1.75, 1.7917, 1.8333],
            "transform": [
                [1.0, -0.000124, -0.000122, -0.0, 0.000137, 0.993801, 0.111174, 0.375166, 0.000107, -0.11117, 0.993801, -0.0, 0.0, 0.0, 0.0, 1.0],
                [1.0, -0.000465, -0.000216, 0.0, 0.000513, 0.909313, 0.416099, 0.375166, 3e-06, -0.416119, 0.909318, -0.0, 0.0, 0.0, 0.0, 1.0],
                [1.0, -0.000815, -0.000468, -0.0, 0.000899, 0.684328, 0.729155, 0.375166, -0.000274, -0.729192, 0.68434, -0.0, 0.0, 0.0, 0.0, 1.0],
                [1.0, -0.001009, -0.00075, 0.0, 0.001112, 0.431796, 0.901952, 0.375166, -0.000586, -0.901992, 0.43181, 0.0, 0.0, 0.0, 0.0, 1.0],
                [0.999999, -0.001093, -0.000995, -0.0, 0.001205, 0.212921, 0.977052, 0.375166, -0.000856, -0.97709, 0.212933, -0.0, 0.0, 0.0, 0.0, 1.0],
                [0.999999, -0.001118, -0.001218, -0.0, 0.001233, 0.013423, 0.999893, 0.375166, -0.001102, -0.999928, 0.013433, 0.0, 0.0, 0.0, 0.0, 1.0],
                [0.999998, -0.001082, -0.001514, 0.0, 0.001194, -0.250951, 0.967984, 0.375166, -0.001428, -0.968013, -0.250941, 0.0, 0.0, 0.0, 0.0, 1.0],
                [0.999998, -0.000982, -0.001768, 0.0, 0.001083, -0.47828, 0.878195, 0.375166, -0.001708, -0.878214, -0.478269, 0.0, 0.0, 0.0, 0.0, 1.0],
                [0.999998, -0.00109, -0.001482, 0.0, 0.001202, -0.22284, 0.97484, 0.375166, -0.001393, -0.974868, -0.22283, -0.0, 0.0, 0.0, 0.0, 1.0],
                [0.999999, -0.001072, -0.000915, -0.0, 0.001182, 0.284217, 0.958742, 0.375166, -0.000768, -0.958781, 0.284229, -0.0, 0.0, 0.0, 0.0, 1.0],
                [1.0, -0.00076, -0.000413, -0.0, 0.000838, 0.733894, 0.679244, 0.375166, -0.000213, -0.67928, 0.733906, 0.0, 0.0, 0.0, 0.0, 1.0],
                [1.0, -5e-06, -0.000115, 0.0, 6e-06, 0.99999, 0.004564, 0.375167, 0.000115, -0.004552, 0.99999, -0.0, 0.0, 0.0, 0.0, 1.0],
                [1.0, -5e-06, -0.000115, -0.0, 6e-06, 0.999991, 0.004623, 0.375166, 0.000115, -0.00461, 0.99999, -0.0, 0.0, 0.0, 0.0, 1.0],
                [1.0, -5e-06, -0.000115, -0.0, 6e-06, 0.99999, 0.00463, 0.375166, 0.000115, -0.004618, 0.99999, 0.0, 0.0, 0.0, 0.0, 1.0],
                [1.0, -6e-06, -0.000115, -0.0, 7e-06, 0.999986, 0.005389, 0.375166, 0.000115, -0.005377, 0.999986, 0.0, 0.0, 0.0, 0.0, 1.0],
                [1.0, -6e-06, -0.000115, -0.0, 7e-06, 0.999986, 0.005377, 0.375166, 0.000115, -0.005366, 0.999986, -0.0, 0.0, 0.0, 0.0, 1.0],
                [1.0, -5e-06, -0.000115, 0.0, 6e-06, 0.999991, 0.004569, 0.375166, 0.000115, -0.004558, 0.99999, 0.0, 0.0, 0.0, 0.0, 1.0],
                [1.0, -6e-06, -0.000115, -0.0, 7e-06, 0.999986, 0.0054, 0.375166, 0.000115, -0.005389, 0.999985, 0.0, 0.0, 0.0, 0.0, 1.0],
                [1.0, -0.000581, -0.000278, 0.0, 0.000641, 0.854453, 0.519513, 0.375166, -6.4e-05, -0.519539, 0.85446, 0.0, 0.0, 0.0, 0.0, 1.0],
                [1.0, -0.000846, -0.000502, -0.0, 0.000933, 0.654169, 0.756328, 0.375166, -0.000312, -0.756365, 0.654181, 0.0, 0.0, 0.0, 0.0, 1.0],
                [0.999999, -0.000944, -0.000634, -1e-06, 0.001041, 0.535958, 0.844226, 0.375167, -0.000457, -0.844264, 0.535971, -0.0, 0.0, 0.0, 0.0, 1.0],
                [0.999999, -0.001008, -0.000749, 1e-06, 0.001112, 0.43279, 0.901476, 0.375166, -0.000585, -0.901515, 0.432803, 0.0, 0.0, 0.0, 0.0, 1.0],
                [0.999999, -0.000982, -0.000698, -0.0, 0.001083, 0.478854, 0.877875, 0.375166, -0.000528, -0.877914, 0.478867, 0.0, 0.0, 0.0, 0.0, 1.0],
                [1.0, -6e-06, -0.000115, 0.0, 7e-06, 0.999987, 0.005381, 0.375167, 0.000115, -0.005369, 0.999986, 1e-06, 0.0, 0.0, 0.0, 1.0],
                [0.999999, -5e-06, -0.000115, 0.0, 6e-06, 0.99999, 0.004564, 0.375167, 0.000115, -0.004552, 0.99999, -1e-06, 0.0, 0.0, 0.0, 1.0],
                [0.999999, -0.000973, -0.000683, 0.0, 0.001074, 0.492101, 0.870519, 0.375166, -0.000511, -0.870559, 0.492114, 1e-06, 0.0, 0.0, 0.0, 1.0],
                [0.999999, -0.001098, -0.001022, 0.0, 0.001211, 0.18924, 0.981913, 0.375166, -0.000885, -0.981951, 0.189251, -0.0, 0.0, 0.0, 0.0, 1.0],
                [0.999999, -0.001037, -0.000814, -0.0, 0.001143, 0.374669, 0.92714, 0.375166, -0.000656, -0.927179, 0.374682, 1e-06, 0.0, 0.0, 0.0, 1.0],
                [1.0, -0.000877, -0.00054, 0.0, 0.000968, 0.620116, 0.78449, 0.375166, -0.000354, -0.784528, 0.620128, -0.0, 0.0, 0.0, 0.0, 1.0],
                [1.0, -0.000855, -0.000513, -0.0, 0.000943, 0.644515, 0.764571, 0.375166, -0.000323, -0.764609, 0.644527, 0.0, 0.0, 0.0, 0.0, 1.0],
                [1.0, -0.000832, -0.000486, 0.0, 0.000918, 0.667994, 0.744147, 0.375166, -0.000294, -0.744184, 0.668006, 0.0, 0.0, 0.0, 0.0, 1.0],
                [1.0, -0.000808, -0.000461, -1e-06, 0.000892, 0.69087, 0.722959, 0.375166, -0.000266, -0.722996, 0.690881, 0.0, 0.0, 0.0, 0.0, 1.0],
                [1.0, -0.000784, -0.000436, 0.0, 0.000865, 0.712855, 0.701291, 0.375166, -0.000239, -0.701327, 0.712867, -0.0, 0.0, 0.0, 0.0, 1.0],
                [1.0, -0.000755, -0.000408, -0.0, 0.000833, 0.737612, 0.675205, 0.375167, -0.000209, -0.67524, 0.737623, 1e-06, 0.0, 0.0, 0.0, 1.0],
                [1.0, -0.000718, -0.000376, 1e-06, 0.000792, 0.766794, 0.641874, 0.375167, -0.000172, -0.641908, 0.766804, 1e-06, 0.0, 0.0, 0.0, 1.0],
                [1.0, -0.000669, -0.000337, 1e-06, 0.000738, 0.801385, 0.598131, 0.375167, -0.00013, -0.598162, 0.801393, 0.0, 0.0, 0.0, 0.0, 1.0],
                [1.0, -0.000672, -0.000339, 0.0, 0.000741, 0.799566, 0.600559, 0.375167, -0.000132, -0.600591, 0.799574, -0.0, 0.0, 0.0, 0.0, 1.0],
                [1.0, -0.000703, -0.000364, -0.0, 0.000776, 0.777486, 0.628882, 0.375167, -0.000159, -0.628915, 0.777495, -1e-06, 0.0, 0.0, 0.0, 1.0],
                [0.999999, -0.000674, -0.000341, -0.0, 0.000744, 0.797771, 0.602941, 0.375167, -0.000134, -0.602973, 0.797781, -1e-06, 0.0, 0.0, 0.0, 1.0],
                [1.0, -0.00053, -0.000248, 0.0, 0.000584, 0.880692, 0.473674, 0.375166, -3.2e-05, -0.473698, 0.880698, -0.0, 0.0, 0.0, 0.0, 1.0],
                [1.0, -0.000303, -0.000157, -0.0, 0.000334, 0.962581, 0.270987, 0.375166, 6.9e-05, -0.270996, 0.962583, -0.0, 0.0, 0.0, 0.0, 1.0],
                [1.0, -0.000131, -0.000123, -0.0, 0.000145, 0.993092, 0.117339, 0.375166, 0.000106, -0.117336, 0.993092, 0.0, 0.0, 0.0, 0.0, 1.0],
                [1.0, -0.000239, -0.000141, 0.0, 0.000263, 0.97692, 0.213603, 0.375167, 8.7e-05, -0.213607, 0.976921, -1e-06, 0.0, 0.0, 0.0, 1.0],
                [1.0, -0.000346, -0.00017, 0.0, 0.000382, 0.950942, 0.30936, 0.375166, 5.4e-05, -0.309371, 0.950945, -1e-06, 0.0, 0.0, 0.0, 1.0],
                [1.0, -0.000381, -0.000182, -1e-06, 0.00042, 0.940157, 0.340731, 0.375166, 4.1e-05, -0.340745, 0.94016, 1e-06, 0.0, 0.0, 0.0, 1.0]
            ]
        },
        {
            "name": "Knee_R",
            "time": [0.0, 0.0417, 0.0833, 0.125, 0.1667, 0.2083, 0.25, 0.2917, 0.3333, 0.375, 0.4167, 0.4583, 0.5, 0.5417, 0.5833, 0.625, 0.6667, 0.7083, 0.75, 0.7917, 0.8333, 0.875, 0.9167, 0.9583, 1.0, 1.0417, 1.0833, 1.125, 1.1667, 1.2083, 1.25, 1.2917, 1.3333, 1.375, 1.4167, 1.4583, 1.5, 1.5417, 1.5833, 1.625, 1.6667, 1.7083, 1.75, 1.7917, 1.8333],
            "transform": [
                [1.0, -5.9e-05, 5.2e-05, -0.0, 5.7e-05, 0.087098, -0.9962, 0.375166, 5.4e-05, 0.9962, 0.087098, -0.0, 0.0, 0.0, 0.0, 1.0],
                [1.0, -6.1e-05, 5e-05, -0.0, 5.7e-05, 0.124024, -0.992279, 0.376347, 5.4e-05, 0.992279, 0.124024, 0.001394, 0.0, 0.0, 0.0, 1.0],
                [1.0, -6.6e-05, 4.3e-05, -1e-06, 5.7e-05, 0.230337, -0.973111, 0.379784, 5.4e-05, 0.973111, 0.230337, 0.005451, 0.0, 0.0, 0.0, 1.0],
                [1.0, -7.2e-05, 3.2e-05, -1e-06, 5.7e-05, 0.378148, -0.925745, 0.384725, 5.4e-05, 0.925745, 0.378148, 0.011283, 0.0, 0.0, 0.0, 1.0],
                [1.0, -7.6e-05, 2.1e-05, -2e-06, 5.7e-05, 0.51685, -0.856076, 0.389665, 5.4e-05, 0.856076, 0.51685, 0.017115, 0.0, 0.0, 0.0, 1.0],
                [1.0, -7.8e-05, 1.3e-05, -2e-06, 5.7e-05, 0.606179, -0.795329, 0.393102, 5.4e-05, 0.795329, 0.606178, 0.021172, 0.0, 0.0, 0.0, 1.0],
                [1.0, -7.8e-05, 1e-05, -2e-06, 5.7e-05, 0.635289, -0.772275, 0.394283, 5.4e-05, 0.772275, 0.635289, 0.022566, 0.0, 0.0, 0.0, 1.0],
                [1.0, -7.8e-05, 1e-05, -2e-06, 5.7e-05, 0.635289, -0.772275, 0.394283, 5.4e-05, 0.772275, 0.635289, 0.022566, 0.0, 0.0, 0.0, 1.0],
                [1.0, -7.8e-05, 1e-05, -2e-06, 5.7e-05, 0.635289, -0.772275, 0.394283, 5.4e-05, 0.772275, 0.635289, 0.022566, 0.0, 0.0, 0.0, 1.0],
                [1.0, -7.8e-05, 1e-05, -2e-06, 5.7e-05, 0.635289, -0.772275, 0.394283, 5.4e-05, 0.772275, 0.635289, 0.022566, 0.0, 0.0, 0.0, 1.0],
                [1.0, -7.8e-05, 1e-05, -2e-06, 5.7e-05, 0.635289, -0.772275, 0.394283, 5.4e-05, 0.772275, 0.635289, 0.022566, 0.0, 0.0, 0.0, 1.0],
                [1.0, -7.8e-05, 1e-05, -2e-06, 5.7e-05, 0.635289, -0.772275, 0.394283, 5.4e-05, 0.772275, 0.635289, 0.022566, 0.0, 0.0, 0.0, 1.0],
                [1.0, -7.8e-05, 1e-05, -2e-06, 5.7e-05, 0.635289, -0.772275, 0.394283, 5.4e-05, 0.772275, 0.635289, 0.022566, 0.0, 0.0, 0.0, 1.0],
                [1.0, -7.8e-05, 1e-05, -2e-06, 5.7e-05, 0.635289, -0.772274, 0.394283, 5.4e-05, 0.772275, 0.635289, 0.022566, 0.0, 0.0, 0.0, 1.0],
                [1.0, -7.8e-05, 1e-05, -3e-06, 5.7e-05, 0.635289, -0.772275, 0.394283, 5.4e-05, 0.772275, 0.635289, 0.022567, 0.0, 0.0, 0.0, 1.0],
                [1.0, -7.8e-05, 1e-05, -2e-06, 5.7e-05, 0.635289, -0.772275, 0.394283, 5.4e-05, 0.772275, 0.635289, 0.022566, 0.0, 0.0, 0.0, 1.0],
                [1.0, -7.8e-05, 1e-05, -2e-06, 5.7e-05, 0.635289, -0.772275, 0.394283, 5.4e-05, 0.772275, 0.635289, 0.022567, 0.0, 0.0, 0.0, 1.0],
                [1.0, -7.8e-05, 1e-05, -3e-06, 5.7e-05, 0.635289, -0.772275, 0.394283, 5.4e-05, 0.772275, 0.635289, 0.022566, 0.0, 0.0, 0.0, 1.0],
                [1.0, -7.8e-05, 1e-05, -2e-06, 5.7e-05, 0.635289, -0.772275, 0.394283, 5.4e-05, 0.772275, 0.635289, 0.022566, 0.0, 0.0, 0.0, 1.0],
                [1.0, -7.8e-05, 1e-05, -3e-06, 5.7e-05, 0.635289, -0.772275, 0.394283, 5.4e-05, 0.772275, 0.635289, 0.022566, 0.0, 0.0, 0.0, 1.0],
                [1.0, -7.8e-05, 1e-05, -3e-06, 5.7e-05, 0.635289, -0.772275, 0.394283, 5.4e-05, 0.772275, 0.635289, 0.022566, 0.0, 0.0, 0.0, 1.0],
                [1.0, -7.8e-05, 1e-05, -1e-06, 5.7e-05, 0.635289, -0.772275, 0.394283, 5.4e-05, 0.772275, 0.635289, 0.022566, 0.0, 0.0, 0.0, 1.0],
                [1.0, -7.8e-05, 1e-05, -2e-06, 5.7e-05, 0.635289, -0.772275, 0.394283, 5.4e-05, 0.772275, 0.635289, 0.022566, 0.0, 0.0, 0.0, 1.0],
                [1.0, -7.8e-05, 1e-05, -2e-06, 5.7e-05, 0.635289, -0.772275, 0.394283, 5.4e-05, 0.772275, 0.635289, 0.022566, 0.0, 0.0, 0.0, 1.0],
                [1.0, -7.8e-05, 1e-05, -2e-06, 5.7e-05, 0.635289, -0.772275, 0.394283, 5.4e-05, 0.772275, 0.635289, 0.022565, 0.0, 0.0, 0.0, 1.0],
                [1.0, -7.8e-05, 1e-05, -2e-06, 5.7e-05, 0.635289, -0.772275, 0.394283, 5.4e-05, 0.772275, 0.635289, 0.022566, 0.0, 0.0, 0.0, 1.0],
                [1.0, -7.8e-05, 1e-05, -2e-06, 5.7e-05, 0.635289, -0.772275, 0.394283, 5.4e-05, 0.772275, 0.635289, 0.022566, 0.0, 0.0, 0.0, 1.0],
                [1.0, -7.8e-05, 1e-05, -3e-06, 5.7e-05, 0.635289, -0.772275, 0.394283, 5.4e-05, 0.772275, 0.635289, 0.022566, 0.0, 0.0, 0.0, 1.0],
                [1.0, -7.8e-05, 1e-05, -2e-06, 5.7e-05, 0.635289, -0.772275, 0.394283, 5.4e-05, 0.772275, 0.635289, 0.022566, 0.0, 0.0, 0.0, 1.0],
                [1.0, -7.8e-05, 1e-05, -3e-06, 5.7e-05, 0.635289, -0.772275, 0.394283, 5.4e-05, 0.772275, 0.635289, 0.022567, 0.0, 0.0, 0.0, 1.0],
                [1.0, -7.8e-05, 1e-05, -2e-06, 5.7e-05, 0.635289, -0.772275, 0.394283, 5.4e-05, 0.772275, 0.635289, 0.022566, 0.0, 0.0, 0.0, 1.0],
                [1.0, -7.8e-05, 1e-05, -3e-06, 5.7e-05, 0.635289, -0.772275, 0.394282, 5.4e-05, 0.772275, 0.635289, 0.022566, 0.0, 0.0, 0.0, 1.0],
                [1.0, -7.8e-05, 1e-05, -2e-06, 5.7e-05, 0.635289, -0.772275, 0.394283, 5.4e-05, 0.772275, 0.635289, 0.022566, 0.0, 0.0, 0.0, 1.0],
                [1.0, -7.8e-05, 1e-05, -3e-06, 5.7e-05, 0.635289, -0.772275, 0.394283, 5.4e-05, 0.772275, 0.635289, 0.022567, 0.0, 0.0, 0.0, 1.0],
                [1.0, -7.8e-05, 1e-05, -2e-06, 5.7e-05, 0.635289, -0.772275, 0.394283, 5.4e-05, 0.772275, 0.635289, 0.022567, 0.0, 0.0, 0.0, 1.0],
                [1.0, -7.8e-05, 1e-05, -1e-06, 5.7e-05, 0.635289, -0.772275, 0.394283, 5.4e-05, 0.772275, 0.635289, 0.022566, 0.0, 0.0, 0.0, 1.0],
                [1.0, -7.8e-05, 1e-05, -2e-06, 5.7e-05, 0.635289, -0.772275, 0.394283, 5.4e-05, 0.772275, 0.635289, 0.022566, 0.0, 0.0, 0.0, 1.0],
                [1.0, -7.8e-05, 1e-05, -3e-06, 5.7e-05, 0.635289, -0.772275, 0.394283, 5.4e-05, 0.772275, 0.635289, 0.022566, 0.0, 0.0, 0.0, 1.0],
                [1.0, -7.8e-05, 1e-05, -2e-06, 5.7e-05, 0.635289, -0.772275, 0.394283, 5.4e-05, 0.772275, 0.635289, 0.022565, 0.0, 0.0, 0.0, 1.0],
                [1.0, -7.8e-05, 1e-05, -2e-06, 5.7e-05, 0.635289, -0.772275, 0.394283, 5.4e-05, 0.772275, 0.635289, 0.022566, 0.0, 0.0, 0.0, 1.0],
                [1.0, -7.8e-05, 1e-05, -3e-06, 5.7e-05, 0.635289, -0.772275, 0.394283, 5.4e-05, 0.772275, 0.635289, 0.022566, 0.0, 0.0, 0.0, 1.0],
                [1.0, -7.8e-05, 1e-05, -3e-06, 5.7e-05, 0.635289, -0.772275, 0.394283, 5.4e-05, 0.772275, 0.635289, 0.022566, 0.0, 0.0, 0.0, 1.0],
                [1.0, -7.8e-05, 1e-05, -2e-06, 5.7e-05, 0.635289, -0.772275, 0.394283, 5.4e-05, 0.772275, 0.635289, 0.022565, 0.0, 0.0, 0.0, 1.0],
                [1.0, -7.8e-05, 1e-05, -2e-06, 5.7e-05, 0.635289, -0.772275, 0.394283, 5.4e-05, 0.772275, 0.635289, 0.022566, 0.0, 0.0, 0.0, 1.0],
                [1.0, -7.8e-05, 1e-05, -3e-06, 5.7e-05, 0.635289, -0.772275, 0.394283, 5.4e-05, 0.772275, 0.635289, 0.022567, 0.0, 0.0, 0.0, 1.0]
            ]
        },
        {
            "name": "Thigh_L",
            "time": [0.0, 0.0417, 0.0833, 0.125, 0.1667, 0.2083, 0.25, 0.2917, 0.3333, 0.375, 0.4167, 0.4583, 0.5, 0.5417, 0.5833, 0.625, 0.6667, 0.7083, 0.75, 0.7917, 0.8333, 0.875, 0.9167, 0.9583, 1.0, 1.0417, 1.0833, 1.125, 1.1667, 1.2083, 1.25, 1.2917, 1.3333, 1.375, 1.4167, 1.4583, 1.5, 1.5417, 1.5833, 1.625, 1.6667, 1.7083, 1.75, 1.7917, 1.8333],
            "transform": [
                [0.997111, -0.074287, -0.015852, -0.125006, -0.000634, -0.216851, 0.976176, -0.002831, -0.075958, -0.973362, -0.216238, -1.2e-05, 0.0, 0.0, 0.0, 1.0],
                [0.998011, -0.062816, -0.00525, -0.122307, -0.011654, -0.265745, 0.963945, -0.003301, -0.061949, -0.961983, -0.265914, -0.001405, 0.0, 0.0, 0.0, 1.0],
                [0.998425, -0.051998, 0.021084, -0.113955, -0.038921, -0.371154, 0.92773, -0.00471, -0.040416, -0.927104, -0.372557, -0.005714, 0.0, 0.0, 0.0, 1.0],
                [0.995484, -0.068965, 0.065232, -0.099842, -0.088346, -0.421609, 0.902439, -0.006988, -0.034736, -0.904141, -0.425761, -0.01299, 0.0, 0.0, 0.0, 1.0],
                [0.987294, -0.140846, 0.073565, -0.080416, -0.13378, -0.486948, 0.8631, -0.009943, -0.085746, -0.861991, -0.499566, -0.022997, 0.0, 0.0, 0.0, 1.0],
                [0.9653, -0.260896, 0.011373, -0.056835, -0.173707, -0.60898, 0.773907, -0.013252, -0.194992, -0.749045, -0.633129, -0.035131, 0.0, 0.0, 0.0, 1.0],
                [0.897409, -0.437207, -0.0592, -0.030884, -0.248224, -0.611272, 0.751464, -0.016503, -0.36475, -0.659688, -0.657047, -0.048468, 0.0, 0.0, 0.0, 1.0],
                [0.814268, -0.580238, -0.016868, -0.004584, -0.358125, -0.525028, 0.772053, -0.019288, -0.456852, -0.622616, -0.635276, -0.06196, 0.0, 0.0, 0.0, 1.0],
                [0.910317, 0.123385, 0.395077, 0.020284, -0.154342, -0.784488, 0.600619, -0.0213, 0.384059, -0.607716, -0.695062, -0.074689, 0.0, 0.0, 0.0, 1.0],
                [0.594328, 0.781337, 0.190402, 0.042479, 0.271419, -0.417766, 0.867051, -0.022366, 0.757038, -0.463624, -0.460341, -0.086016, 0.0, 0.0, 0.0, 1.0],
                [0.67483, 0.734729, -0.069035, 0.061331, 0.330543, -0.217321, 0.918406, -0.022437, 0.659807, -0.642586, -0.389488, -0.095598, 0.0, 0.0, 0.0, 1.0],
                [0.712785, 0.701357, 0.004995, 0.079927, 0.26388, -0.274786, 0.92456, -0.01919, 0.64985, -0.6577, -0.38091, -0.105209, 0.0, 0.0, 0.0, 1.0],
                [0.625292, 0.706996, 0.330363, 0.100144, 0.096767, -0.490342, 0.866117, -0.010252, 0.774369, -0.509614, -0.374996, -0.115806, 0.0, 0.0, 0.0, 1.0],
                [0.509171, 0.585119, 0.631136, 0.118698, 0.009361, -0.737075, 0.675726, 0.002617, 0.860615, -0.338159, -0.380754, -0.125209, 0.0, 0.0, 0.0, 1.0],
                [0.320308, 0.824303, 0.466771, 0.132029, 0.11007, -0.521816, 0.845909, 0.015682, 0.940898, -0.219571, -0.257861, -0.131096, 0.0, 0.0, 0.0, 1.0],
                [0.007503, 0.97439, 0.224622, 0.138908, 0.2482, -0.219445, 0.943505, 0.025952, 0.968679, 0.048681, -0.243491, -0.132691, 0.0, 0.0, 0.0, 1.0],
                [-0.1665, 0.965124, 0.201897, 0.142401, 0.183952, -0.170788, 0.967963, 0.035931, 0.968731, 0.198311, -0.149107, -0.13056, 0.0, 0.0, 0.0, 1.0],
                [-0.253586, 0.95209, 0.170795, 0.145087, 0.047995, -0.163995, 0.985271, 0.046651, 0.966121, 0.258051, -0.004117, -0.126701, 0.0, 0.0, 0.0, 1.0],
                [-0.280991, 0.944331, 0.170991, 0.147311, -0.107828, -0.208137, 0.972117, 0.057218, 0.953634, 0.254717, 0.160299, -0.122108, 0.0, 0.0, 0.0, 1.0],
                [-0.332346, 0.923383, 0.192005, 0.149197, -0.229846, -0.276764, 0.933025, 0.067268, 0.914723, 0.265949, 0.304204, -0.117155, 0.0, 0.0, 0.0, 1.0],
                [-0.428484, 0.884144, 0.186149, 0.150806, -0.352865, -0.353432, 0.86634, 0.07658, 0.831798, 0.305516, 0.463407, -0.112048, 0.0, 0.0, 0.0, 1.0],
                [-0.517789, 0.83835, 0.170376, 0.152167, -0.443009, -0.433149, 0.784923, 0.084977, 0.731873, 0.330932, 0.595659, -0.106911, 0.0, 0.0, 0.0, 1.0],
                [-0.530062, 0.816833, 0.227548, 0.153295, -0.418584, -0.485456, 0.767529, 0.092293, 0.737442, 0.311576, 0.599219, -0.101844, 0.0, 0.0, 0.0, 1.0],
                [-0.386452, 0.814711, 0.432254, 0.154193, -0.246569, -0.542896, 0.802775, 0.098353, 0.88874, 0.203643, 0.410676, -0.09693, 0.0, 0.0, 0.0, 1.0],
                [-0.513692, 0.765244, 0.387908, 0.154856, -0.089424, -0.497442, 0.862862, 0.102959, 0.853302, 0.408551, 0.323948, -0.092246, 0.0, 0.0, 0.0, 1.0],
                [-0.741316, 0.670986, -0.014509, 0.155271, -0.216213, -0.218318, 0.951604, 0.105874, 0.635376, 0.708573, 0.306893, -0.087873, 0.0, 0.0, 0.0, 1.0],
                [-0.683674, 0.694886, -0.222967, 0.155413, -0.396027, -0.096656, 0.913113, 0.106803, 0.612988, 0.712572, 0.341246, -0.083908, 0.0, 0.0, 0.0, 1.0],
                [-0.660936, 0.743651, -0.100682, 0.155101, -0.47513, -0.310847, 0.823161, 0.104304, 0.580875, 0.59189, 0.558749, -0.07978, 0.0, 0.0, 0.0, 1.0],
                [-0.65339, 0.749663, 0.105222, 0.153827, -0.498779, -0.530899, 0.685089, 0.099028, 0.569475, 0.39514, 0.720767, -0.075248, 0.0, 0.0, 0.0, 1.0],
                [-0.637121, 0.756994, 0.144983, 0.15127, -0.524732, -0.563805, 0.63778, 0.092687, 0.564565, 0.330257, 0.756397, -0.070812, 0.0, 0.0, 0.0, 1.0],
                [-0.629614, 0.76289, 0.146866, 0.147211, -0.536225, -0.563535, 0.62839, 0.086274, 0.562183, 0.316882, 0.763856, -0.066775, 0.0, 0.0, 0.0, 1.0],
                [-0.62402, 0.768015, 0.144004, 0.141465, -0.544604, -0.559635, 0.624658, 0.080469, 0.560363, 0.311365, 0.767454, -0.063349, 0.0, 0.0, 0.0, 1.0],
                [-0.619894, 0.772163, 0.139574, 0.133857, -0.550685, -0.554829, 0.623613, 0.075791, 0.558998, 0.309703, 0.76912, -0.060709, 0.0, 0.0, 0.0, 1.0],
                [-0.618734, 0.773757, 0.135847, 0.124204, -0.55238, -0.551471, 0.625091, 0.072686, 0.55861, 0.311718, 0.768587, -0.059012, 0.0, 0.0, 0.0, 1.0],
                [-0.620609, 0.772, 0.137285, 0.11231, -0.549637, -0.553188, 0.62599, 0.071561, 0.559236, 0.313031, 0.767598, -0.05841, 0.0, 0.0, 0.0, 1.0],
                [-0.589595, 0.783672, 0.195495, 0.089792, -0.543893, -0.564176, 0.621182, 0.073379, 0.597126, 0.25991, 0.758835, -0.060231, 0.0, 0.0, 0.0, 1.0],
                [-0.476319, 0.807094, 0.348843, 0.06163, -0.534218, -0.580786, 0.61423, 0.07704, 0.698378, 0.106201, 0.707774, -0.063896, 0.0, 0.0, 0.0, 1.0],
                [-0.290396, 0.791082, 0.538343, 0.032299, -0.523961, -0.602241, 0.602288, 0.081353, 0.800709, -0.107184, 0.589363, -0.068213, 0.0, 0.0, 0.0, 1.0],
                [-0.095943, 0.713323, 0.694194, 0.003759, -0.517463, -0.631542, 0.577379, 0.085806, 0.85031, -0.303843, 0.429696, -0.072671, 0.0, 0.0, 0.0, 1.0],
                [0.142034, 0.563518, 0.813757, -0.022793, -0.511324, -0.662185, 0.547759, 0.0901, 0.84757, -0.493918, 0.194085, -0.076969, 0.0, 0.0, 0.0, 1.0],
                [0.410106, 0.352223, 0.841237, -0.046456, -0.50224, -0.68274, 0.530663, 0.094021, 0.761294, -0.640157, -0.103084, -0.080894, 0.0, 0.0, 0.0, 1.0],
                [0.63328, 0.12334, 0.763995, -0.066423, -0.495673, -0.693528, 0.522791, 0.097388, 0.594361, -0.70979, -0.378036, -0.084265, 0.0, 0.0, 0.0, 1.0],
                [0.767833, -0.0779, 0.635868, -0.081883, -0.494857, -0.702505, 0.511456, 0.100032, 0.406877, -0.707399, -0.577922, -0.086912, 0.0, 0.0, 0.0, 1.0],
                [0.824942, -0.209704, 0.524854, -0.091945, -0.49732, -0.710588, 0.497718, 0.101771, 0.268595, -0.671628, -0.690446, -0.088653, 0.0, 0.0, 0.0, 1.0],
                [0.838624, -0.253918, 0.48189, -0.095569, -0.498662, -0.713888, 0.491616, 0.102403, 0.219197, -0.652599, -0.725263, -0.089285, 0.0, 0.0, 0.0, 1.0]
            ]
        },
        {
            "name": "Leg_L",
            "time": [0.0, 0.0417, 0.0833, 0.125, 0.1667, 0.2083, 0.25, 0.2917, 0.3333, 0.375, 0.4167, 0.4583, 0.5, 0.5417, 0.5833, 0.625, 0.6667, 0.7083, 0.75, 0.7917, 0.8333, 0.875, 0.9167, 0.9583, 1.0, 1.0417, 1.0833, 1.125, 1.1667, 1.2083, 1.25, 1.2917, 1.3333, 1.375, 1.4167, 1.4583, 1.5, 1.5417, 1.5833, 1.625, 1.6667, 1.7083, 1.75, 1.7917, 1.8333],
            "transform": [
                [1.0, 2e-06, 3e-06, -0.0, -3e-06, 0.241585, 0.97036, 0.375166, 2e-06, -0.970404, 0.241598, 0.0, 0.0, 0.0, 0.0, 1.0],
                [1.0, 2e-06, 2e-06, -0.0, -3e-06, 0.28624, 0.958138, 0.375166, 1e-06, -0.958183, 0.286253, -0.0, 0.0, 0.0, 0.0, 1.0],
                [1.0, 2e-06, 2e-06, 0.0, -3e-06, 0.390103, 0.92075, 0.375166, 1e-06, -0.920796, 0.390117, 0.0, 0.0, 0.0, 0.0, 1.0],
                [1.0, 2e-06, 2e-06, -0.0, -3e-06, 0.438907, 0.898512, 0.375166, 1e-06, -0.898557, 0.438921, -0.0, 0.0, 0.0, 0.0, 1.0],
                [1.0, 2e-06, 2e-06, 0.0, -3e-06, 0.550774, 0.834632, 0.375166, 1e-06, -0.834677, 0.550789, -0.0, 0.0, 0.0, 0.0, 1.0],
                [1.0, 2e-06, 1e-06, 0.0, -2e-06, 0.757773, 0.652496, 0.375166, 0.0, -0.652535, 0.757785, 0.0, 0.0, 0.0, 0.0, 1.0],
                [1.0, 2e-06, 1e-06, -0.0, -2e-06, 0.760994, 0.648737, 0.375167, 0.0, -0.648776, 0.761006, 0.0, 0.0, 0.0, 0.0, 1.0],
                [1.0, 2e-06, 2e-06, -0.0, -3e-06, 0.389317, 0.921084, 0.375166, 1e-06, -0.921129, 0.389331, -0.0, 0.0, 0.0, 0.0, 1.0],
                [1.0, 2e-06, 3e-06, -0.0, -3e-06, -0.11026, 0.993885, 0.375166, 3e-06, -0.993921, -0.11025, 0.0, 0.0, 0.0, 0.0, 1.0],
                [1.0, 2e-06, 4e-06, -0.0, -3e-06, -0.201869, 0.979395, 0.375166, 3e-06, -0.979429, -0.201859, -0.0, 0.0, 0.0, 0.0, 1.0],
                [1.0, 2e-06, 3e-06, 0.0, -3e-06, 0.046798, 0.998886, 0.375166, 2e-06, -0.998927, 0.046809, 0.0, 0.0, 0.0, 0.0, 1.0],
                [1.0, 2e-06, 2e-06, 0.0, -3e-06, 0.30908, 0.951016, 0.375166, 2e-06, -0.951061, 0.309093, -0.0, 0.0, 0.0, 0.0, 1.0],
                [1.0, 2e-06, 2e-06, -0.0, -3e-06, 0.547919, 0.836509, 0.375167, 1e-06, -0.836555, 0.547934, 0.0, 0.0, 0.0, 0.0, 1.0],
                [1.0, 1e-06, 1e-06, -0.0, -2e-06, 0.850198, 0.526444, 0.375167, -0.0, -0.526476, 0.850206, -0.0, 0.0, 0.0, 0.0, 1.0],
                [1.0, 2e-06, 2e-06, 0.0, -3e-06, 0.285836, 0.958258, 0.375166, 2e-06, -0.958304, 0.28585, -0.0, 0.0, 0.0, 0.0, 1.0],
                [1.0, 2e-06, 4e-06, -0.0, -3e-06, -0.23987, 0.970788, 0.375167, 3e-06, -0.970821, -0.239861, -0.0, 0.0, 0.0, 0.0, 1.0],
                [1.0, 2e-06, 4e-06, -0.0, -3e-06, -0.318954, 0.947754, 0.375167, 3e-06, -0.947784, -0.318944, -0.0, 0.0, 0.0, 0.0, 1.0],
                [1.0, 2e-06, 4e-06, -1e-06, -3e-06, -0.31661, 0.948539, 0.375166, 3e-06, -0.94857, -0.3166, 0.0, 0.0, 0.0, 0.0, 1.0],
                [1.0, 2e-06, 4e-06, 0.0, -3e-06, -0.257004, 0.966393, 0.375166, 3e-06, -0.966426, -0.256994, -0.0, 0.0, 0.0, 0.0, 1.0],
                [1.0, 2e-06, 4e-06, -0.0, -3e-06, -0.205264, 0.978689, 0.375166, 3e-06, -0.978724, -0.205254, -0.0, 0.0, 0.0, 0.0, 1.0],
                [1.0, 2e-06, 4e-06, 0.0, -3e-06, -0.168618, 0.985663, 0.375166, 3e-06, -0.985699, -0.168609, 0.0, 0.0, 0.0, 0.0, 1.0],
                [1.0, 2e-06, 3e-06, 0.0, -3e-06, -0.157355, 0.987523, 0.375166, 3e-06, -0.987561, -0.157345, 0.0, 0.0, 0.0, 0.0, 1.0],
