{
    "animation": [
        {
            "name": "Root",
            "time": [0.0, 0.0167, 0.0333, 0.05, 0.0667, 0.0833, 0.1, 0.1167, 0.1333, 0.15, 0.1667, 0.1833, 0.2, 0.2167, 0.2333, 0.25, 0.2667, 0.2833, 0.3, 0.3167, 0.3333, 0.35, 0.3667, 0.3833, 0.4, 0.4167, 0.4333, 0.45, 0.4667, 0.4833, 0.5, 0.5167, 0.5333, 0.55, 0.5667, 0.5833, 0.6, 0.6167, 0.6333, 0.65, 0.6667, 0.6833],
            "transform": [
                [1.0, 0.0, -0.0, 0.130371, -0.0, 0.0, -1.0, 0.000946, 0.0, 1.0, 0.0, 0.588334, 0.0, 0.0, 0.0, 1.0],
                [1.0, 0.0, -0.0, 0.165573, -0.0, 0.0, -1.0, 0.021318, 0.0, 1.0, 0.0, 0.56158, 0.0, 0.0, 0.0, 1.0],
                [1.0, 0.0, -0.0, 0.200774, -0.0, 0.0, -1.0, 0.041689, 0.0, 1.0, 0.0, 0.534827, 0.0, 0.0, 0.0, 1.0],
                [1.0, 0.0, -0.0, 0.235976, -0.0, 0.0, -1.0, 0.06206, 0.0, 1.0, 0.0, 0.508074, 0.0, 0.0, 0.0, 1.0],
                [1.0, 0.0, -0.0, 0.271177, -0.0, 0.0, -1.0, 0.082431, 0.0, 1.0, 0.0, 0.481321, 0.0, 0.0, 0.0, 1.0],
                [1.0, 0.0, -0.0, 0.01643, -0.0, 0.0, -1.0, 0.069394, 0.0, 1.0, 0.0, 0.41658, 0.0, 0.0, 0.0, 1.0],
                [1.0, 0.0, -0.0, -0.238317, -0.0, 0.0, -1.0, 0.056356, 0.0, 1.0, 0.0, 0.35184, 0.0, 0.0, 0.0, 1.0],
                [1.0, 0.0, -0.0, -0.493065, -0.0, 0.0, -1.0, 0.043319, 0.0, 1.0, 0.0, 0.287099, 0.0, 0.0, 0.0, 1.0],
                [1.0, 0.0, -0.0, -1.029334, -0.0, 0.0, -1.0, 0.043319, 0.0, 1.0, 0.0, 0.261517, 0.0, 0.0, 0.0, 1.0],
                [1.0, 0.0, -0.0, -1.565604, -0.0, 0.0, -1.0, 0.043319, 0.0, 1.0, 0.0, 0.235935, 0.0, 0.0, 0.0, 1.0],
                [1.0, 0.0, -0.0, -2.101873, -0.0, 0.0, -1.0, 0.043319, 0.0, 1.0, 0.0, 0.210353, 0.0, 0.0, 0.0, 1.0],
                [1.0, 0.0, -0.0, -2.32839, -0.0, 0.0, -1.0, 0.043319, 0.0, 1.0, 0.0, 0.225076, 0.0, 0.0, 0.0, 1.0],
                [1.0, 0.0, -0.0, -2.554907, -0.0, 0.0, -1.0, 0.043319, 0.0, 1.0, 0.0, 0.239798, 0.0, 0.0, 0.0, 1.0],
                [1.0, 0.0, -0.0, -2.781425, -0.0, 0.0, -1.0, 0.043319, 0.0, 1.0, 0.0, 0.254521, 0.0, 0.0, 0.0, 1.0],
                [1.0, 0.0, -0.0, -2.877687, -0.0, 0.0, -1.0, 0.043319, 0.0, 1.0, 0.0, 0.267261, 0.0, 0.0, 0.0, 1.0],
                [1.0, 0.0, -0.0, -2.973949, -0.0, 0.0, -1.0, 0.043319, 0.0, 1.0, 0.0, 0.280002, 0.0, 0.0, 0.0, 1.0],
                [1.0, 0.0, -0.0, -3.070211, -0.0, 0.0, -1.0, 0.043319, 0.0, 1.0, 0.0, 0.292743, 0.0, 0.0, 0.0, 1.0],
                [1.0, 0.0, -0.0, -3.166474, -0.0, 0.0, -1.0, 0.043319, 0.0, 1.0, 0.0, 0.305483, 0.0, 0.0, 0.0, 1.0],
                [1.0, 0.0, -0.0, -3.207527, -0.0, 0.0, -1.0, 0.043319, 0.0, 1.0, 0.0, 0.319639, 0.0, 0.0, 0.0, 1.0],
                [1.0, 0.0, -0.0, -3.24858, -0.0, 0.0, -1.0, 0.043319, 0.0, 1.0, 0.0, 0.333796, 0.0, 0.0, 0.0, 1.0],
                [1.0, 0.0, -0.0, -3.289633, -0.0, 0.0, -1.0, 0.043319, 0.0, 1.0, 0.0, 0.347952, 0.0, 0.0, 0.0, 1.0],
                [1.0, 0.0, -0.0, -3.330686, -0.0, 0.0, -1.0, 0.043319, 0.0, 1.0, 0.0, 0.362108, 0.0, 0.0, 0.0, 1.0],
                [1.0, 0.0, -0.0, -3.349818, -0.0, 0.0, -1.0, 0.043319, 0.0, 1.0, 0.0, 0.376903, 0.0, 0.0, 0.0, 1.0],
                [1.0, 0.0, -0.0, -3.36895, -0.0, 0.0, -1.0, 0.043319, 0.0, 1.0, 0.0, 0.391698, 0.0, 0.0, 0.0, 1.0],
                [1.0, 0.0, -0.0, -3.388082, -0.0, 0.0, -1.0, 0.043319, 0.0, 1.0, 0.0, 0.406493, 0.0, 0.0, 0.0, 1.0],
                [1.0, 0.0, -0.0, -3.407213, -0.0, 0.0, -1.0, 0.043319, 0.0, 1.0, 0.0, 0.421287, 0.0, 0.0, 0.0, 1.0],
                [1.0, 0.0, -0.0, -3.426345, -0.0, 0.0, -1.0, 0.043319, 0.0, 1.0, 0.0, 0.436082, 0.0, 0.0, 0.0, 1.0],
                [1.0, 0.0, -0.0, -3.432416, -0.0, 0.0, -1.0, 0.043319, 0.0, 1.0, 0.0, 0.443318, 0.0, 0.0, 0.0, 1.0],
                [1.0, 0.0, -0.0, -3.438487, -0.0, 0.0, -1.0, 0.043319, 0.0, 1.0, 0.0, 0.450555, 0.0, 0.0, 0.0, 1.0],
                [1.0, 0.0, -0.0, -3.444557, -0.0, 0.0, -1.0, 0.043319, 0.0, 1.0, 0.0, 0.457791, 0.0, 0.0, 0.0, 1.0],
                [1.0, 0.0, -0.0, -3.450628, -0.0, 0.0, -1.0, 0.043319, 0.0, 1.0, 0.0, 0.465027, 0.0, 0.0, 0.0, 1.0],
                [1.0, 0.0, -0.0, -3.456699, -0.0, 0.0, -1.0, 0.043319, 0.0, 1.0, 0.0, 0.472263, 0.0, 0.0, 0.0, 1.0],
                [1.0, 0.0, -0.0, -3.46277, -0.0, 0.0, -1.0, 0.043319, 0.0, 1.0, 0.0, 0.479499, 0.0, 0.0, 0.0, 1.0],
                [1.0, 0.0, -0.0, -3.46884, -0.0, 0.0, -1.0, 0.043319, 0.0, 1.0, 0.0, 0.486735, 0.0, 0.0, 0.0, 1.0],
                [1.0, 0.0, -0.0, -3.468267, -0.0, 0.0, -1.0, 0.043319, 0.0, 1.0, 0.0, 0.489232, 0.0, 0.0, 0.0, 1.0],
                [1.0, 0.0, -0.0, -3.467693, -0.0, 0.0, -1.0, 0.043319, 0.0, 1.0, 0.0, 0.491728, 0.0, 0.0, 0.0, 1.0],
                [1.0, 0.0, -0.0, -3.46712, -0.0, 0.0, -1.0, 0.043319, 0.0, 1.0, 0.0, 0.494224, 0.0, 0.0, 0.0, 1.0],
                [1.0, 0.0, -0.0, -3.466546, -0.0, 0.0, -1.0, 0.043319, 0.0, 1.0, 0.0, 0.496721, 0.0, 0.0, 0.0, 1.0],
                [1.0, 0.0, -0.0, -3.465973, -0.0, 0.0, -1.0, 0.043319, 0.0, 1.0, 0.0, 0.499217, 0.0, 0.0, 0.0, 1.0],
                [1.0, 0.0, -0.0, -3.4654, -0.0, 0.0, -1.0, 0.043319, 0.0, 1.0, 0.0, 0.501713, 0.0, 0.0, 0.0, 1.0],
                [1.0, 0.0, -0.0, -3.464826, -0.0, 0.0, -1.0, 0.043319, 0.0, 1.0, 0.0, 0.50421, 0.0, 0.0, 0.0, 1.0],
                [1.0, 0.0, -0.0, -3.464252, -0.0, 0.0, -1.0, 0.043319, 0.0, 1.0, 0.0, 0.506706, 0.0, 0.0, 0.0, 1.0]
            ]
        },
        {
            "name": "Thigh_R",
            "time": [0.0, 0.0167, 0.0333, 0.05, 0.0667, 0.0833, 0.1, 0.1167, 0.1333, 0.15, 0.1667, 0.1833, 0.2, 0.2167, 0.2333, 0.25, 0.2667, 0.2833, 0.3, 0.3167, 0.3333, 0.35, 0.3667, 0.3833, 0.4, 0.4167, 0.4333, 0.45, 0.4667, 0.4833, 0.5, 0.5167, 0.5333, 0.55, 0.5667, 0.5833, 0.6, 0.6167, 0.6333, 0.65, 0.6667, 0.6833],
            "transform": [
                [0.931759, 0.049293, 0.359703, 0.133195, -0.251807, -0.626013, 0.738027, -0.00283, 0.261569, -0.778242, -0.57085, -0.050767, 0.0, 0.0, 0.0, 1.0],
                [0.969857, 0.097819, 0.223169, 0.130551, -0.126262, -0.5816, 0.803603, 0.013862, 0.208411, -0.80756, -0.551688, -0.040861, 0.0, 0.0, 0.0, 1.0],
                [0.988837, 0.130343, 0.072192, 0.127907, 0.012002, -0.552632, 0.833325, 0.030554, 0.148519, -0.823157, -0.547997, -0.030955, 0.0, 0.0, 0.0, 1.0],
                [0.984307, 0.156792, -0.080967, 0.125263, 0.154436, -0.543414, 0.825124, 0.047245, 0.085377, -0.824679, -0.55907, -0.021049, 0.0, 0.0, 0.0, 1.0],
                [0.956427, 0.188316, -0.223122, 0.122618, 0.291022, -0.553262, 0.780505, 0.063937, 0.023537, -0.811429, -0.583929, -0.011143, 0.0, 0.0, 0.0, 1.0],
                [0.77182, 0.563866, -0.293847, 0.119974, 0.600936, -0.495868, 0.626877, 0.080629, 0.207773, -0.660423, -0.721535, -0.001237, 0.0, 0.0, 0.0, 1.0],
                [0.574411, 0.818505, -0.010087, 0.11733, 0.755983, -0.525728, 0.389984, 0.097321, 0.313912, -0.231646, -0.920725, 0.008669, 0.0, 0.0, 0.0, 1.0],
                [0.427131, 0.903567, -0.03354, 0.114686, 0.825346, -0.374468, 0.42257, 0.114013, 0.369274, -0.208183, -0.905667, 0.018575, 0.0, 0.0, 0.0, 1.0],
                [0.483886, 0.868623, -0.106522, 0.117563, 0.494652, -0.171071, 0.852059, 0.059135, 0.721923, -0.464998, -0.512422, 0.001825, 0.0, 0.0, 0.0, 1.0],
                [0.45399, 0.765838, -0.455379, 0.125337, -0.101486, 0.552184, 0.827488, -0.058297, 0.885209, -0.329464, 0.328414, -0.034017, 0.0, 0.0, 0.0, 1.0],
                [0.271959, 0.805898, 0.525849, 0.133201, -0.870256, -0.027261, 0.491838, -0.113174, 0.410723, -0.591386, 0.693937, -0.050766, 0.0, 0.0, 0.0, 1.0],
                [0.310906, 0.93814, -0.15229, 0.141936, -0.683765, 0.332059, 0.649753, -0.108294, 0.660154, -0.097891, 0.744714, -0.05002, 0.0, 0.0, 0.0, 1.0],
                [0.318494, 0.837851, -0.443332, 0.151703, -0.438305, 0.544838, 0.71484, -0.098794, 0.840506, -0.033368, 0.540765, -0.048568, 0.0, 0.0, 0.0, 1.0],
                [0.302731, 0.823976, -0.478959, 0.161489, -0.221068, 0.549523, 0.805665, -0.087721, 0.927083, -0.138026, 0.348514, -0.046875, 0.0, 0.0, 0.0, 1.0],
                [0.310272, 0.846228, -0.433146, 0.170891, -0.150718, 0.493639, 0.856472, -0.076257, 0.938624, -0.200465, 0.280707, -0.045122, 0.0, 0.0, 0.0, 1.0],
                [0.318046, 0.866959, -0.383687, 0.179666, -0.089191, 0.430247, 0.89826, -0.065052, 0.943871, -0.251474, 0.214167, -0.04341, 0.0, 0.0, 0.0, 1.0],
                [0.326226, 0.885047, -0.332049, 0.18763, -0.033657, 0.361898, 0.931576, -0.054556, 0.944692, -0.292736, 0.147853, -0.041805, 0.0, 0.0, 0.0, 1.0],
                [0.334823, 0.900205, -0.278412, 0.194614, 0.018181, 0.289219, 0.957057, -0.045133, 0.942105, -0.325514, 0.080477, -0.040365, 0.0, 0.0, 0.0, 1.0],
                [0.352367, 0.905859, -0.235045, 0.200444, 0.043529, 0.234997, 0.970988, -0.037123, 0.934849, -0.352382, 0.043381, -0.03914, 0.0, 0.0, 0.0, 1.0],
                [0.371471, 0.907518, -0.195981, 0.204925, 0.071275, 0.182566, 0.980575, -0.030874, 0.925705, -0.37823, 0.003143, -0.038185, 0.0, 0.0, 0.0, 1.0],
                [0.392097, 0.905387, -0.162859, 0.207829, 0.102436, 0.132942, 0.985785, -0.026775, 0.914203, -0.403212, -0.040608, -0.037558, 0.0, 0.0, 0.0, 1.0],
                [0.414066, 0.899824, -0.137314, 0.208872, 0.138168, 0.086952, 0.986554, -0.025288, 0.899699, -0.427477, -0.088312, -0.037331, 0.0, 0.0, 0.0, 1.0],
                [0.426576, 0.898235, -0.10581, 0.208872, 0.170947, 0.034786, 0.984636, -0.025288, 0.88815, -0.438115, -0.138699, -0.037331, 0.0, 0.0, 0.0, 1.0],
                [0.439783, 0.895085, -0.073518, 0.208872, 0.203718, -0.019718, 0.978802, -0.025288, 0.874694, -0.445442, -0.191003, -0.037331, 0.0, 0.0, 0.0, 1.0],
                [0.453694, 0.890248, -0.040134, 0.208872, 0.236638, -0.076952, 0.968517, -0.025288, 0.859165, -0.448913, -0.245564, -0.037331, 0.0, 0.0, 0.0, 1.0],
                [0.468303, 0.883546, -0.005416, 0.208872, 0.269838, -0.137198, 0.953053, -0.025288, 0.841356, -0.447784, -0.302648, -0.037331, 0.0, 0.0, 0.0, 1.0],
                [0.483585, 0.874733, 0.031275, 0.208872, 0.303418, -0.201059, 0.931376, -0.025288, 0.821025, -0.440916, -0.362621, -0.037331, 0.0, 0.0, 0.0, 1.0],
                [0.500052, 0.865202, 0.036955, 0.208872, 0.329239, -0.229427, 0.915923, -0.025288, 0.800968, -0.445848, -0.399564, -0.037331, 0.0, 0.0, 0.0, 1.0],
                [0.517093, 0.854935, 0.041151, 0.208872, 0.356006, -0.258564, 0.897974, -0.025288, 0.778379, -0.449691, -0.438043, -0.037331, 0.0, 0.0, 0.0, 1.0],
                [0.534627, 0.843951, 0.04375, 0.208872, 0.383687, -0.288549, 0.877199, -0.025288, 0.752966, -0.452193, -0.478056, -0.037331, 0.0, 0.0, 0.0, 1.0],
                [0.552537, 0.832288, 0.04465, 0.208872, 0.412211, -0.319446, 0.853226, -0.025288, 0.72442, -0.453039, -0.51956, -0.037331, 0.0, 0.0, 0.0, 1.0],
                [0.570664, 0.820019, 0.04366, 0.208872, 0.441463, -0.351196, 0.82567, -0.025288, 0.692425, -0.451911, -0.562398, -0.037331, 0.0, 0.0, 0.0, 1.0],
                [0.5888, 0.807247, 0.040787, 0.208872, 0.471271, -0.383875, 0.794045, -0.025288, 0.656672, -0.448317, -0.60643, -0.037331, 0.0, 0.0, 0.0, 1.0],
                [0.60668, 0.794132, 0.035922, 0.208872, 0.501394, -0.417336, 0.757893, -0.025288, 0.616881, -0.441793, -0.651334, -0.037331, 0.0, 0.0, 0.0, 1.0],
                [0.610993, 0.790789, 0.036581, 0.208872, 0.505621, -0.425393, 0.75057, -0.025288, 0.609127, -0.440102, -0.659722, -0.037331, 0.0, 0.0, 0.0, 1.0],
                [0.61531, 0.787407, 0.03715, 0.208872, 0.509853, -0.433486, 0.74304, -0.025288, 0.601202, -0.438264, -0.668161, -0.037331, 0.0, 0.0, 0.0, 1.0],
                [0.619628, 0.783987, 0.0377, 0.208872, 0.514089, -0.44168, 0.735254, -0.025288, 0.593104, -0.436208, -0.676688, -0.037331, 0.0, 0.0, 0.0, 1.0],
                [0.623946, 0.780538, 0.038073, 0.208872, 0.518328, -0.449827, 0.727297, -0.025288, 0.584831, -0.434065, -0.685213, -0.037331, 0.0, 0.0, 0.0, 1.0],
                [0.62826, 0.777055, 0.038362, 0.208872, 0.522567, -0.458014, 0.719109, -0.025288, 0.576379, -0.431746, -0.693785, -0.037331, 0.0, 0.0, 0.0, 1.0],
                [0.632567, 0.773542, 0.038592, 0.208872, 0.526803, -0.46626, 0.710669, -0.025288, 0.567748, -0.42922, -0.702415, -0.037331, 0.0, 0.0, 0.0, 1.0],
                [0.636865, 0.77, 0.038739, 0.208872, 0.531033, -0.474543, 0.701986, -0.025288, 0.558933, -0.426503, -0.711085, -0.037331, 0.0, 0.0, 0.0, 1.0],
                [0.64115, 0.766432, 0.03881, 0.208872, 0.535256, -0.482865, 0.693047, -0.025288, 0.549934, -0.423579, -0.719796, -0.037331, 0.0, 0.0, 0.0, 1.0]
            ]
        },
        {
            "name": "Leg_R",
            "time": [0.0, 0.0167, 0.0333, 0.05, 0.0667, 0.0833, 0.1, 0.1167, 0.1333, 0.15, 0.1667, 0.1833, 0.2, 0.2167, 0.2333, 0.25, 0.2667, 0.2833, 0.3, 0.3167, 0.3333, 0.35, 0.3667, 0.3833, 0.4, 0.4167, 0.4333, 0.45, 0.4667, 0.4833, 0.5, 0.5167, 0.5333, 0.55, 0.5667, 0.5833, 0.6, 0.6167, 0.6333, 0.65, 0.6667, 0.6833],
            "transform": [
                [0.999999, -0.001055, -0.000863, 0.0, 0.001164, 0.3315, 0.943439, 0.375166, -0.000709, -0.943475, 0.331512, 0.0, 0.0, 0.0, 0.0, 1.0],
                [0.999999, -0.001084, -0.00096, -0.0, 0.001196, 0.244285, 0.969687, 0.375166, -0.000817, -0.969723, 0.244297, 0.0, 0.0, 0.0, 0.0, 1.0],
                [0.999999, -0.001098, -0.00102, -0.0, 0.001211, 0.190557, 0.98166, 0.375166, -0.000883, -0.981695, 0.190568, -0.0, 0.0, 0.0, 0.0, 1.0],
                [0.999999, -0.001102, -0.001043, -0.0, 0.001215, 0.170336, 0.98537, 0.375166, -0.000908, -0.985405, 0.170347, 0.0, 0.0, 0.0, 0.0, 1.0],
                [0.999999, -0.001099, -0.001028, -0.0, 0.001212, 0.183632, 0.982979, 0.375166, -0.000892, -0.983014, 0.183643, 0.0, 0.0, 0.0, 0.0, 1.0],
                [0.999999, -0.000917, -0.000593, -0.0, 0.001011, 0.572796, 0.819679, 0.375166, -0.000412, -0.819717, 0.572809, 0.0, 0.0, 0.0, 0.0, 1.0],
                [1.0, -5e-06, -0.000115, 0.0, 6e-06, 0.99999, 0.004576, 0.375166, 0.000115, -0.004565, 0.99999, 0.0, 0.0, 0.0, 0.0, 1.0],
                [1.0, -5e-06, -0.000115, 0.0, 6e-06, 0.99999, 0.004663, 0.375166, 0.000115, -0.004651, 0.999989, 0.0, 0.0, 0.0, 0.0, 1.0],
                [1.0, -0.000678, -0.000344, -0.0, 0.000747, 0.795526, 0.605901, 0.375166, -0.000137, -0.605932, 0.795535, -0.0, 0.0, 0.0, 0.0, 1.0],
                [0.999998, -0.000942, -0.001836, 0.0, 0.001039, -0.538974, 0.842312, 0.375166, -0.001783, -0.842329, -0.538962, -0.0, 0.0, 0.0, 0.0, 1.0],
                [0.999997, -0.000514, -0.002227, 0.0, 0.000566, -0.888318, 0.45923, 0.375166, -0.002214, -0.459229, -0.888308, -0.0, 0.0, 0.0, 0.0, 1.0],
                [0.999997, -0.00056, -0.002201, -0.0, 0.000618, -0.865493, 0.500921, 0.375167, -0.002186, -0.500921, -0.865482, 0.0, 0.0, 0.0, 0.0, 1.0],
                [0.999998, -0.000786, -0.002029, -0.0, 0.000867, -0.711265, 0.702918, 0.375166, -0.001995, -0.702927, -0.711252, -0.0, 0.0, 0.0, 0.0, 1.0],
                [0.999998, -0.001011, -0.001711, -0.0, 0.001115, -0.427585, 0.903962, 0.375166, -0.001646, -0.903984, -0.427574, -0.0, 0.0, 0.0, 0.0, 1.0],
                [0.999998, -0.001055, -0.001605, 0.0, 0.001163, -0.33201, 0.943262, 0.375166, -0.001528, -0.943287, -0.332, -0.0, 0.0, 0.0, 0.0, 1.0],
                [0.999998, -0.001089, -0.001486, 0.0, 0.001201, -0.22593, 0.974128, 0.375166, -0.001397, -0.974157, -0.22592, 0.0, 0.0, 0.0, 0.0, 1.0],
                [0.999999, -0.001111, -0.001356, -0.0, 0.001226, -0.109848, 0.993933, 0.375167, -0.001254, -0.993964, -0.109838, -0.0, 0.0, 0.0, 0.0, 1.0],
                [0.999999, -0.001118, -0.001215, -0.0, 0.001233, 0.016696, 0.999844, 0.375166, -0.001098, -0.999878, 0.016706, -0.0, 0.0, 0.0, 0.0, 1.0],
                [0.999999, -0.001117, -0.001173, -0.0, 0.001232, 0.053911, 0.998529, 0.375167, -0.001052, -0.998564, 0.053921, 0.0, 0.0, 0.0, 0.0, 1.0],
                [0.999999, -0.001113, -0.001127, 0.0, 0.001228, 0.094938, 0.995467, 0.375166, -0.001001, -0.995502, 0.094949, 0.0, 0.0, 0.0, 0.0, 1.0],
                [0.999999, -0.001107, -0.001078, -0.0, 0.001221, 0.138805, 0.990303, 0.375166, -0.000947, -0.990339, 0.138816, 0.0, 0.0, 0.0, 0.0, 1.0],
                [0.999999, -0.001099, -0.001027, 0.0, 0.001212, 0.184676, 0.982782, 0.375166, -0.000891, -0.982819, 0.184687, 0.0, 0.0, 0.0, 0.0, 1.0],
                [0.999999, -0.001079, -0.000939, -0.0, 0.00119, 0.263284, 0.964701, 0.375166, -0.000794, -0.964739, 0.263296, 0.0, 0.0, 0.0, 0.0, 1.0],
                [0.999999, -0.00105, -0.000848, -0.0, 0.001158, 0.344706, 0.938693, 0.375166, -0.000693, -0.938731, 0.344718, -0.0, 0.0, 0.0, 0.0, 1.0],
                [0.999999, -0.00101, -0.000753, -0.0, 0.001114, 0.429135, 0.903222, 0.375166, -0.000589, -0.903261, 0.429148, -0.0, 0.0, 0.0, 0.0, 1.0],
                [0.999999, -0.000958, -0.000656, 0.0, 0.001056, 0.516347, 0.856361, 0.375166, -0.000481, -0.856399, 0.51636, 0.0, 0.0, 0.0, 0.0, 1.0],
                [1.0, -0.000889, -0.000555, 0.0, 0.000981, 0.606304, 0.795213, 0.375166, -0.000371, -0.795251, 0.606317, 0.0, 0.0, 0.0, 0.0, 1.0],
                [1.0, -0.000864, -0.000524, -0.0, 0.000953, 0.634523, 0.772885, 0.375166, -0.000336, -0.772922, 0.634535, -0.0, 0.0, 0.0, 0.0, 1.0],
                [1.0, -0.000837, -0.000492, -0.0, 0.000923, 0.663066, 0.748541, 0.375166, -0.000301, -0.748578, 0.663079, 0.0, 0.0, 0.0, 0.0, 1.0],
                [1.0, -0.000807, -0.000459, -0.0, 0.00089, 0.692005, 0.721873, 0.375166, -0.000265, -0.721909, 0.692016, 0.0, 0.0, 0.0, 0.0, 1.0],
                [1.0, -0.000774, -0.000427, -0.0, 0.000854, 0.721401, 0.692498, 0.375166, -0.000228, -0.692533, 0.721412, 0.0, 0.0, 0.0, 0.0, 1.0],
                [1.0, -0.000738, -0.000393, -0.0, 0.000814, 0.751146, 0.660116, 0.375166, -0.000192, -0.66015, 0.751157, -0.0, 0.0, 0.0, 0.0, 1.0],
                [1.0, -0.000698, -0.00036, 0.0, 0.00077, 0.781366, 0.624055, 0.375167, -0.000155, -0.624086, 0.781376, -0.0, 0.0, 0.0, 0.0, 1.0],
                [1.0, -0.000653, -0.000325, 0.0, 0.00072, 0.811875, 0.583814, 0.375166, -0.000117, -0.583843, 0.811884, 0.0, 0.0, 0.0, 0.0, 1.0],
                [1.0, -0.000644, -0.000319, -0.0, 0.00071, 0.817703, 0.575622, 0.375166, -0.00011, -0.575651, 0.817712, 0.0, 0.0, 0.0, 0.0, 1.0],
                [1.0, -0.000634, -0.000312, 0.0, 0.000699, 0.823575, 0.56719, 0.375167, -0.000102, -0.567218, 0.823584, -0.0, 0.0, 0.0, 0.0, 1.0],
                [1.0, -0.000624, -0.000306, 0.0, 0.000689, 0.82959, 0.558355, 0.375166, -9.5e-05, -0.558383, 0.829599, -0.0, 0.0, 0.0, 0.0, 1.0],
                [1.0, -0.000614, -0.000299, -0.0, 0.000678, 0.835524, 0.549436, 0.375166, -8.8e-05, -0.549464, 0.835532, 0.0, 0.0, 0.0, 0.0, 1.0],
                [1.0, -0.000604, -0.000292, 0.0, 0.000666, 0.841509, 0.540226, 0.375166, -8e-05, -0.540253, 0.841517, 0.0, 0.0, 0.0, 0.0, 1.0],
                [1.0, -0.000593, -0.000285, 0.0, 0.000655, 0.847573, 0.530662, 0.375166, -7.3e-05, -0.530688, 0.847581, -0.0, 0.0, 0.0, 0.0, 1.0],
                [1.0, -0.000582, -0.000279, -0.0, 0.000642, 0.85368, 0.520782, 0.375166, -6.5e-05, -0.520808, 0.853687, -0.0, 0.0, 0.0, 0.0, 1.0],
                [1.0, -0.000571, -0.000272, 0.0, 0.00063, 0.859834, 0.510558, 0.375166, -5.8e-05, -0.510583, 0.859841, 0.0, 0.0, 0.0, 0.0, 1.0]
            ]
        },
        {
            "name": "Knee_R",
            "time": [0.0, 0.0167, 0.0333, 0.05, 0.0667, 0.0833, 0.1, 0.1167, 0.1333, 0.15, 0.1667, 0.1833, 0.2, 0.2167, 0.2333, 0.25, 0.2667, 0.2833, 0.3, 0.3167, 0.3333, 0.35, 0.3667, 0.3833, 0.4, 0.4167, 0.4333, 0.45, 0.4667, 0.4833, 0.5, 0.5167, 0.5333, 0.55, 0.5667, 0.5833, 0.6, 0.6167, 0.6333, 0.65, 0.6667, 0.6833],
            "transform": [
                [1.0, -7.5e-05, 2.5e-05, 0.0, 5.7e-05, 0.471162, -0.882047, 0.375166, 5.4e-05, 0.882047, 0.471162, 0.0, 0.0, 0.0, 0.0, 1.0],
                [1.0, -7.5e-05, 2.5e-05, -0.0, 5.7e-05, 0.471162, -0.882047, 0.375166, 5.4e-05, 0.882047, 0.471162, 0.0, 0.0, 0.0, 0.0, 1.0],
                [1.0, -7.5e-05, 2.5e-05, -0.0, 5.7e-05, 0.471162, -0.882047, 0.375166, 5.4e-05, 0.882047, 0.471162, -0.0, 0.0, 0.0, 0.0, 1.0],
                [1.0, -7.5e-05, 2.5e-05, -0.0, 5.7e-05, 0.471162, -0.882047, 0.375166, 5.4e-05, 0.882047, 0.471162, 0.0, 0.0, 0.0, 0.0, 1.0],
                [1.0, -7.5e-05, 2.5e-05, -0.0, 5.7e-05, 0.471162, -0.882047, 0.375166, 5.4e-05, 0.882047, 0.471162, 0.0, 0.0, 0.0, 0.0, 1.0],
                [1.0, -7.5e-05, 2.5e-05, -0.0, 5.7e-05, 0.471162, -0.882047, 0.375166, 5.4e-05, 0.882047, 0.471162, 0.0, 0.0, 0.0, 0.0, 1.0],
                [1.0, -7.5e-05, 2.5e-05, 0.0, 5.7e-05, 0.471162, -0.882047, 0.375166, 5.4e-05, 0.882047, 0.471162, 0.0, 0.0, 0.0, 0.0, 1.0],
                [1.0, -7.5e-05, 2.5e-05, 0.0, 5.7e-05, 0.471162, -0.882047, 0.375166, 5.4e-05, 0.882047, 0.471162, 0.0, 0.0, 0.0, 0.0, 1.0],
                [1.0, -7.5e-05, 2.5e-05, -0.0, 5.7e-05, 0.471162, -0.882047, 0.375166, 5.4e-05, 0.882047, 0.471162, -0.0, 0.0, 0.0, 0.0, 1.0],
                [1.0, -7.5e-05, 2.5e-05, 0.0, 5.7e-05, 0.471162, -0.882047, 0.375166, 5.4e-05, 0.882047, 0.471162, -0.0, 0.0, 0.0, 0.0, 1.0],
                [1.0, -7.5e-05, 2.5e-05, 0.0, 5.7e-05, 0.471162, -0.882047, 0.375166, 5.4e-05, 0.882047, 0.471162, -0.0, 0.0, 0.0, 0.0, 1.0],
                [1.0, -7.5e-05, 2.5e-05, -0.0, 5.7e-05, 0.471162, -0.882047, 0.375167, 5.4e-05, 0.882047, 0.471162, 0.0, 0.0, 0.0, 0.0, 1.0],
                [1.0, -7.5e-05, 2.5e-05, -0.0, 5.7e-05, 0.471162, -0.882047, 0.375166, 5.4e-05, 0.882047, 0.471162, -0.0, 0.0, 0.0, 0.0, 1.0],
                [1.0, -7.5e-05, 2.5e-05, -0.0, 5.7e-05, 0.471162, -0.882047, 0.375166, 5.4e-05, 0.882047, 0.471162, -0.0, 0.0, 0.0, 0.0, 1.0],
                [1.0, -7.5e-05, 2.5e-05, 0.0, 5.7e-05, 0.471162, -0.882047, 0.375166, 5.4e-05, 0.882047, 0.471162, -0.0, 0.0, 0.0, 0.0, 1.0],
                [1.0, -7.5e-05, 2.5e-05, 0.0, 5.7e-05, 0.471162, -0.882047, 0.375166, 5.4e-05, 0.882047, 0.471162, 0.0, 0.0, 0.0, 0.0, 1.0],
                [1.0, -7.5e-05, 2.5e-05, -0.0, 5.7e-05, 0.471162, -0.882047, 0.375167, 5.4e-05, 0.882047, 0.471162, -0.0, 0.0, 0.0, 0.0, 1.0],
                [1.0, -7.5e-05, 2.5e-05, -0.0, 5.7e-05, 0.471162, -0.882047, 0.375166, 5.4e-05, 0.882047, 0.471162, -0.0, 0.0, 0.0, 0.0, 1.0],
                [1.0, -7.5e-05, 2.5e-05, -0.0, 5.7e-05, 0.471162, -0.882047, 0.375167, 5.4e-05, 0.882047, 0.471162, 0.0, 0.0, 0.0, 0.0, 1.0],
                [1.0, -7.5e-05, 2.5e-05, 0.0, 5.7e-05, 0.471162, -0.882047, 0.375166, 5.4e-05, 0.882047, 0.471162, 0.0, 0.0, 0.0, 0.0, 1.0],
                [1.0, -7.5e-05, 2.5e-05, -0.0, 5.7e-05, 0.471162, -0.882047, 0.375166, 5.4e-05, 0.882047, 0.471162, 0.0, 0.0, 0.0, 0.0, 1.0],
                [1.0, -7.5e-05, 2.5e-05, 0.0, 5.7e-05, 0.471162, -0.882047, 0.375166, 5.4e-05, 0.882047, 0.471162, 0.0, 0.0, 0.0, 0.0, 1.0],
                [1.0, -7.5e-05, 2.5e-05, -0.0, 5.7e-05, 0.471162, -0.882047, 0.375166, 5.4e-05, 0.882047, 0.471162, 0.0, 0.0, 0.0, 0.0, 1.0],
                [1.0, -7.5e-05, 2.5e-05, -0.0, 5.7e-05, 0.471162, -0.882047, 0.375166, 5.4e-05, 0.882047, 0.471162, -0.0, 0.0, 0.0, 0.0, 1.0],
                [1.0, -7.5e-05, 2.5e-05, -0.0, 5.7e-05, 0.471162, -0.882047, 0.375166, 5.4e-05, 0.882047, 0.471162, -0.0, 0.0, 0.0, 0.0, 1.0],
                [1.0, -7.5e-05, 2.5e-05, 0.0, 5.7e-05, 0.471162, -0.882047, 0.375166, 5.4e-05, 0.882047, 0.471162, 0.0, 0.0, 0.0, 0.0, 1.0],
                [1.0, -7.5e-05, 2.5e-05, 0.0, 5.7e-05, 0.471162, -0.882047, 0.375166, 5.4e-05, 0.882047, 0.471162, 0.0, 0.0, 0.0, 0.0, 1.0],
                [1.0, -7.5e-05, 2.5e-05, -0.0, 5.7e-05, 0.471162, -0.882047, 0.375166, 5.4e-05, 0.882047, 0.471162, -0.0, 0.0, 0.0, 0.0, 1.0],
                [1.0, -7.5e-05, 2.5e-05, -0.0, 5.7e-05, 0.471162, -0.882047, 0.375166, 5.4e-05, 0.882047, 0.471162, 0.0, 0.0, 0.0, 0.0, 1.0],
                [1.0, -7.5e-05, 2.5e-05, -0.0, 5.7e-05, 0.471162, -0.882047, 0.375166, 5.4e-05, 0.882047, 0.471162, 0.0, 0.0, 0.0, 0.0, 1.0],
                [1.0, -7.5e-05, 2.5e-05, -0.0, 5.7e-05, 0.471162, -0.882047, 0.375166, 5.4e-05, 0.882047, 0.471162, 0.0, 0.0, 0.0, 0.0, 1.0],
                [1.0, -7.5e-05, 2.5e-05, -0.0, 5.7e-05, 0.471162, -0.882047, 0.375166, 5.4e-05, 0.882047, 0.471162, -0.0, 0.0, 0.0, 0.0, 1.0],
                [1.0, -7.5e-05, 2.5e-05, 0.0, 5.7e-05, 0.471162, -0.882047, 0.375167, 5.4e-05, 0.882047, 0.471162, -0.0, 0.0, 0.0, 0.0, 1.0],
                [1.0, -7.5e-05, 2.5e-05, 0.0, 5.7e-05, 0.471162, -0.882047, 0.375166, 5.4e-05, 0.882047, 0.471162, 0.0, 0.0, 0.0, 0.0, 1.0],
                [1.0, -7.5e-05, 2.5e-05, -0.0, 5.7e-05, 0.471162, -0.882047, 0.375166, 5.4e-05, 0.882047, 0.471162, 0.0, 0.0, 0.0, 0.0, 1.0],
                [1.0, -7.5e-05, 2.5e-05, 0.0, 5.7e-05, 0.471162, -0.882047, 0.375167, 5.4e-05, 0.882047, 0.471162, -0.0, 0.0, 0.0, 0.0, 1.0],
                [1.0, -7.5e-05, 2.5e-05, 0.0, 5.7e-05, 0.471162, -0.882047, 0.375166, 5.4e-05, 0.882047, 0.471162, -0.0, 0.0, 0.0, 0.0, 1.0],
                [1.0, -7.5e-05, 2.5e-05, -0.0, 5.7e-05, 0.471162, -0.882046, 0.375166, 5.4e-05, 0.882047, 0.471162, 0.0, 0.0, 0.0, 0.0, 1.0],
                [1.0, -7.5e-05, 2.5e-05, 0.0, 5.7e-05, 0.471162, -0.882047, 0.375166, 5.4e-05, 0.882047, 0.471162, 0.0, 0.0, 0.0, 0.0, 1.0],
                [1.0, -7.5e-05, 2.5e-05, 0.0, 5.7e-05, 0.471162, -0.882047, 0.375166, 5.4e-05, 0.882047, 0.471162, -0.0, 0.0, 0.0, 0.0, 1.0],
                [1.0, -7.5e-05, 2.5e-05, -0.0, 5.7e-05, 0.471162, -0.882047, 0.375166, 5.4e-05, 0.882047, 0.471162, -0.0, 0.0, 0.0, 0.0, 1.0],
                [1.0, -7.5e-05, 2.5e-05, 0.0, 5.7e-05, 0.471162, -0.882047, 0.375166, 5.4e-05, 0.882047, 0.471162, 0.0, 0.0, 0.0, 0.0, 1.0]
            ]
        },
        {
            "name": "Thigh_L",
            "time": [0.0, 0.0167, 0.0333, 0.05, 0.0667, 0.0833, 0.1, 0.1167, 0.1333, 0.15, 0.1667, 0.1833, 0.2, 0.2167, 0.2333, 0.25, 0.2667, 0.2833, 0.3, 0.3167, 0.3333, 0.35, 0.3667, 0.3833, 0.4, 0.4167, 0.4333, 0.45, 0.4667, 0.4833, 0.5, 0.5167, 0.5333, 0.55, 0.5667, 0.5833, 0.6, 0.6167, 0.6333, 0.65, 0.6667, 0.6833],
            "transform": [
                [0.950399, -0.308226, 0.041675, -0.114703, -0.303483, -0.889627, 0.341257, 0.00307, -0.068111, -0.336959, -0.939006, 0.087006, 0.0, 0.0, 0.0, 1.0],
                [0.913903, -0.405448, -0.01977, -0.114703, -0.381072, -0.873697, 0.302378, 0.018919, -0.139877, -0.26879, -0.952943, 0.07723, 0.0, 0.0, 0.0, 1.0],
                [0.86489, -0.49416, -0.088115, -0.114704, -0.457458, -0.848235, 0.266879, 0.034768, -0.206632, -0.190491, -0.959653, 0.067455, 0.0, 0.0, 0.0, 1.0],
                [0.805708, -0.569649, -0.162245, -0.114704, -0.529359, -0.815425, 0.234217, 0.050617, -0.265732, -0.102802, -0.958509, 0.057679, 0.0, 0.0, 0.0, 1.0],
                [0.739759, -0.627858, -0.24194, -0.114704, -0.594341, -0.778298, 0.202506, 0.066466, -0.31546, -0.005987, -0.94888, 0.047903, 0.0, 0.0, 0.0, 1.0],
                [0.751048, -0.659108, -0.038634, -0.114705, -0.631931, -0.734558, 0.247152, 0.082315, -0.191286, -0.161184, -0.968169, 0.038127, 0.0, 0.0, 0.0, 1.0],
                [0.740249, -0.660651, 0.124752, -0.114705, -0.669282, -0.70643, 0.23024, 0.098165, -0.063981, -0.253902, -0.965071, 0.028351, 0.0, 0.0, 0.0, 1.0],
                [0.699223, -0.67079, 0.247221, -0.114705, -0.71298, -0.679659, 0.172369, 0.114014, 0.052406, -0.29676, -0.953475, 0.018576, 0.0, 0.0, 0.0, 1.0],
                [0.591575, -0.620894, 0.514316, -0.122416, -0.790875, -0.570865, 0.220508, 0.113391, 0.156702, -0.537188, -0.828731, 0.002766, 0.0, 0.0, 0.0, 1.0],
                [0.478287, -0.609911, 0.631851, -0.141217, -0.852142, -0.496288, 0.165981, 0.109242, 0.212358, -0.617805, -0.757063, -0.014834, 0.0, 0.0, 0.0, 1.0],
                [0.3778, -0.741382, 0.554621, -0.156029, -0.900578, -0.433347, 0.034194, 0.102016, 0.215004, -0.512403, -0.831347, -0.02312, 0.0, 0.0, 0.0, 1.0],
                [0.385004, -0.635809, 0.668952, -0.164996, -0.890057, -0.44748, 0.086947, 0.089158, 0.244073, -0.628886, -0.738146, -0.026713, 0.0, 0.0, 0.0, 1.0],
                [0.388532, -0.531889, 0.752402, -0.17282, -0.881919, -0.451223, 0.136433, 0.07337, 0.266947, -0.716573, -0.644359, -0.029231, 0.0, 0.0, 0.0, 1.0],
                [0.390272, -0.428368, 0.814957, -0.179816, -0.874667, -0.448886, 0.182915, 0.057008, 0.287482, -0.784209, -0.549828, -0.031178, 0.0, 0.0, 0.0, 1.0],
                [0.41951, -0.354039, 0.835842, -0.186086, -0.867025, -0.428986, 0.253448, 0.041, 0.268848, -0.831026, -0.486888, -0.032743, 0.0, 0.0, 0.0, 1.0],
                [0.457144, -0.289088, 0.841078, -0.191664, -0.85643, -0.398156, 0.328628, 0.025883, 0.23989, -0.870559, -0.429563, -0.034016, 0.0, 0.0, 0.0, 1.0],
                [0.500292, -0.232038, 0.834165, -0.196548, -0.840595, -0.361174, 0.403667, 0.012049, 0.207624, -0.903151, -0.375709, -0.03505, 0.0, 0.0, 0.0, 1.0],
                [0.546126, -0.181181, 0.817855, -0.200711, -0.818422, -0.32366, 0.474785, -0.000158, 0.178694, -0.928647, -0.325008, -0.035875, 0.0, 0.0, 0.0, 1.0],
                [0.587793, -0.189633, 0.786454, -0.204108, -0.799558, -0.284348, 0.529002, -0.010399, 0.123317, -0.939762, -0.318727, -0.036511, 0.0, 0.0, 0.0, 1.0],
                [0.62314, -0.196856, 0.756913, -0.206669, -0.777652, -0.259142, 0.572792, -0.018302, 0.083395, -0.945547, -0.314534, -0.036965, 0.0, 0.0, 0.0, 1.0],
                [0.649165, -0.196044, 0.734933, -0.208302, -0.757416, -0.255576, 0.600822, -0.023441, 0.070048, -0.946686, -0.314365, -0.037241, 0.0, 0.0, 0.0, 1.0],
                [0.662963, -0.180591, 0.726527, -0.20888, -0.742785, -0.279925, 0.608192, -0.025293, 0.093545, -0.942865, -0.319688, -0.037336, 0.0, 0.0, 0.0, 1.0],
                [0.682248, -0.167309, 0.711702, -0.204183, -0.718539, -0.333254, 0.610434, -0.013976, 0.135054, -0.927856, -0.347547, -0.036072, 0.0, 0.0, 0.0, 1.0],
                [0.701884, -0.174852, 0.690478, -0.19095, -0.685917, -0.427263, 0.589026, 0.017898, 0.192033, -0.887043, -0.419788, -0.032513, 0.0, 0.0, 0.0, 1.0],
                [0.715974, -0.198142, 0.669399, -0.173959, -0.651433, -0.534401, 0.538554, 0.058825, 0.251029, -0.821665, -0.511657, -0.027943, 0.0, 0.0, 0.0, 1.0],
                [0.723994, -0.221026, 0.653418, -0.160727, -0.621869, -0.619065, 0.479613, 0.090699, 0.298516, -0.753584, -0.58561, -0.024384, 0.0, 0.0, 0.0, 1.0],
                [0.729279, -0.222142, 0.647131, -0.156029, -0.599441, -0.663447, 0.447775, 0.102016, 0.329884, -0.714476, -0.61696, -0.02312, 0.0, 0.0, 0.0, 1.0],
                [0.735884, -0.222553, 0.639467, -0.156029, -0.590791, -0.672466, 0.445813, 0.102016, 0.330819, -0.705866, -0.6263, -0.02312, 0.0, 0.0, 0.0, 1.0],
                [0.748677, -0.227863, 0.622524, -0.156029, -0.580907, -0.677962, 0.450453, 0.102016, 0.319422, -0.69888, -0.639902, -0.02312, 0.0, 0.0, 0.0, 1.0],
                [0.764777, -0.236102, 0.599456, -0.156029, -0.569959, -0.681781, 0.4586, 0.102016, 0.300436, -0.6924, -0.65594, -0.02312, 0.0, 0.0, 0.0, 1.0],
                [0.781938, -0.245783, 0.572837, -0.156029, -0.558138, -0.685284, 0.467824, 0.102016, 0.277587, -0.68554, -0.672991, -0.02312, 0.0, 0.0, 0.0, 1.0],
                [0.798439, -0.255531, 0.545142, -0.156029, -0.545802, -0.689425, 0.476219, 0.102016, 0.254159, -0.677779, -0.689893, -0.02312, 0.0, 0.0, 0.0, 1.0],
                [0.813034, -0.264234, 0.518785, -0.156029, -0.533486, -0.694969, 0.482081, 0.102016, 0.233169, -0.668721, -0.705958, -0.02312, 0.0, 0.0, 0.0, 1.0],
                [0.824887, -0.270943, 0.49612, -0.156029, -0.521841, -0.702421, 0.484021, 0.102016, 0.217354, -0.658167, -0.720767, -0.02312, 0.0, 0.0, 0.0, 1.0],
                [0.832725, -0.281325, 0.476877, -0.156029, -0.51709, -0.703073, 0.488156, 0.102016, 0.197959, -0.653096, -0.730895, -0.02312, 0.0, 0.0, 0.0, 1.0],
                [0.840323, -0.291656, 0.456925, -0.156029, -0.51204, -0.703787, 0.492432, 0.102016, 0.177966, -0.647774, -0.740706, -0.02312, 0.0, 0.0, 0.0, 1.0],
                [0.84718, -0.30151, 0.437453, -0.156029, -0.506998, -0.70497, 0.495944, 0.102016, 0.158868, -0.641951, -0.750059, -0.02312, 0.0, 0.0, 0.0, 1.0],
                [0.853051, -0.310534, 0.419359, -0.156029, -0.502224, -0.706779, 0.49822, 0.102016, 0.141688, -0.635628, -0.758834, -0.02312, 0.0, 0.0, 0.0, 1.0],
                [0.857813, -0.318487, 0.403377, -0.156029, -0.497959, -0.709334, 0.498869, 0.102016, 0.127252, -0.62881, -0.767027, -0.02312, 0.0, 0.0, 0.0, 1.0],
                [0.861402, -0.325187, 0.390168, -0.156029, -0.494434, -0.712716, 0.497554, 0.102016, 0.116287, -0.621515, -0.774676, -0.02312, 0.0, 0.0, 0.0, 1.0],
                [0.863763, -0.330532, 0.380332, -0.156029, -0.491863, -0.717032, 0.493887, 0.102016, 0.109471, -0.613682, -0.78188, -0.02312, 0.0, 0.0, 0.0, 1.0],
                [0.864826, -0.334326, 0.374559, -0.156029, -0.490438, -0.722212, 0.48772, 0.102016, 0.107459, -0.605499, -0.78851, -0.02312, 0.0, 0.0, 0.0, 1.0]
            ]
        },
        {
            "name": "Leg_L",
            "time": [0.0, 0.0167, 0.0333, 0.05, 0.0667, 0.0833, 0.1, 0.1167, 0.1333, 0.15, 0.1667, 0.1833, 0.2, 0.2167, 0.2333, 0.25, 0.2667, 0.2833, 0.3, 0.3167, 0.3333, 0.35, 0.3667, 0.3833, 0.4, 0.4167, 0.4333, 0.45, 0.4667, 0.4833, 0.5, 0.5167, 0.5333, 0.55, 0.5667, 0.5833, 0.6, 0.6167, 0.6333, 0.65, 0.6667, 0.6833],
            "transform": [
                [1.0, 2e-06, 2e-06, 0.0, -3e-06, 0.382912, 0.923764, 0.375166, 1e-06, -0.92381, 0.382927, 0.0, 0.0, 0.0, 0.0, 1.0],
                [1.0, 2e-06, 2e-06, -0.0, -3e-06, 0.421888, 0.906627, 0.375166, 1e-06, -0.906673, 0.421903, -0.0, 0.0, 0.0, 0.0, 1.0],
                [1.0, 2e-06, 2e-06, -0.0, -3e-06, 0.47693, 0.87892, 0.375166, 1e-06, -0.878966, 0.476946, -0.0, 0.0, 0.0, 0.0, 1.0],
                [1.0, 2e-06, 2e-06, 0.0, -3e-06, 0.548169, 0.836346, 0.375166, 1e-06, -0.836392, 0.548184, -0.0, 0.0, 0.0, 0.0, 1.0],
                [1.0, 2e-06, 2e-06, 0.0, -2e-06, 0.63545, 0.772119, 0.375166, 0.0, -0.772165, 0.635465, -0.0, 0.0, 0.0, 0.0, 1.0],
                [1.0, 2e-06, 2e-06, -0.0, -3e-06, 0.299904, 0.953949, 0.375166, 1e-06, -0.953995, 0.299918, -0.0, 0.0, 0.0, 0.0, 1.0],
                [1.0, 2e-06, 3e-06, 0.0, -3e-06, 0.021887, 0.999742, 0.375166, 2e-06, -0.999783, 0.021898, 0.0, 0.0, 0.0, 0.0, 1.0],
                [1.0, 2e-06, 4e-06, 0.0, -3e-06, -0.198801, 0.980022, 0.375166, 3e-06, -0.980057, -0.198791, -0.0, 0.0, 0.0, 0.0, 1.0],
                [1.0, 2e-06, 3e-06, 0.0, -3e-06, -0.068252, 0.99765, 0.375166, 3e-06, -0.997688, -0.068242, -0.0, 0.0, 0.0, 0.0, 1.0],
                [1.0, 2e-06, 2e-06, -0.0, -3e-06, 0.2499, 0.968252, 0.375166, 2e-06, -0.968297, 0.249913, -0.0, 0.0, 0.0, 0.0, 1.0],
                [1.0, 1e-06, 1e-06, -0.0, -2e-06, 0.803527, 0.595246, 0.375166, -0.0, -0.595283, 0.803538, -0.0, 0.0, 0.0, 0.0, 1.0],
                [1.0, 2e-06, 2e-06, -0.0, -2e-06, 0.65665, 0.754173, 0.375166, 0.0, -0.754217, 0.656664, -0.0, 0.0, 0.0, 0.0, 1.0],
                [1.0, 2e-06, 2e-06, 0.0, -3e-06, 0.524551, 0.851357, 0.375166, 1e-06, -0.851403, 0.524567, -0.0, 0.0, 0.0, 0.0, 1.0],
                [1.0, 2e-06, 2e-06, -0.0, -3e-06, 0.409842, 0.912136, 0.375166, 1e-06, -0.912182, 0.409856, -0.0, 0.0, 0.0, 0.0, 1.0],
                [1.0, 2e-06, 2e-06, -0.0, -3e-06, 0.275994, 0.96114, 0.375166, 2e-06, -0.961184, 0.276008, -0.0, 0.0, 0.0, 0.0, 1.0],
                [1.0, 2e-06, 3e-06, 0.0, -3e-06, 0.155412, 0.987831, 0.375166, 2e-06, -0.987874, 0.155424, 0.0, 0.0, 0.0, 0.0, 1.0],
                [1.0, 2e-06, 3e-06, 0.0, -3e-06, 0.048011, 0.998829, 0.375166, 2e-06, -0.998869, 0.048021, 0.0, 0.0, 0.0, 0.0, 1.0],
                [1.0, 2e-06, 3e-06, -0.0, -3e-06, -0.045724, 0.998936, 0.375166, 2e-06, -0.998974, -0.045714, -0.0, 0.0, 0.0, 0.0, 1.0],
                [1.0, 2e-06, 3e-06, 0.0, -3e-06, -0.06588, 0.99781, 0.375166, 3e-06, -0.997847, -0.06587, -0.0, 0.0, 0.0, 0.0, 1.0],
                [1.0, 2e-06, 3e-06, -0.0, -3e-06, -0.077577, 0.996969, 0.375166, 3e-06, -0.997006, -0.077567, -0.0, 0.0, 0.0, 0.0, 1.0],
                [1.0, 2e-06, 3e-06, 0.0, -3e-06, -0.079696, 0.996801, 0.375166, 3e-06, -0.996839, -0.079686, -0.0, 0.0, 0.0, 0.0, 1.0],
                [1.0, 2e-06, 3e-06, 0.0, -3e-06, -0.07037, 0.997503, 0.375166, 3e-06, -0.997541, -0.070361, -0.0, 0.0, 0.0, 0.0, 1.0],
                [1.0, 2e-06, 3e-06, -0.0, -3e-06, -0.0209, 0.999764, 0.375166, 2e-06, -0.999802, -0.02089, 0.0, 0.0, 0.0, 0.0, 1.0],
                [1.0, 2e-06, 3e-06, -0.0, -3e-06, 0.11327, 0.993546, 0.375166, 2e-06, -0.993587, 0.113281, -0.0, 0.0, 0.0, 0.0, 1.0],
                [1.0, 2e-06, 2e-06, 0.0, -3e-06, 0.302524, 0.953122, 0.375166, 1e-06, -0.953167, 0.302538, -0.0, 0.0, 0.0, 0.0, 1.0],
                [1.0, 2e-06, 2e-06, -0.0, -3e-06, 0.471044, 0.882088, 0.375166, 1e-06, -0.882134, 0.47106, 0.0, 0.0, 0.0, 0.0, 1.0],
                [1.0, 2e-06, 2e-06, -0.0, -3e-06, 0.552805, 0.833289, 0.375166, 1e-06, -0.833334, 0.55282, 0.0, 0.0, 0.0, 0.0, 1.0],
                [1.0, 2e-06, 2e-06, -0.0, -2e-06, 0.571491, 0.820586, 0.375166, 1e-06, -0.820632, 0.571507, 0.0, 0.0, 0.0, 0.0, 1.0],
                [1.0, 2e-06, 2e-06, -0.0, -3e-06, 0.59064, 0.806913, 0.375166, 1e-06, -0.806958, 0.590655, 0.0, 0.0, 0.0, 0.0, 1.0],
                [1.0, 2e-06, 2e-06, 0.0, -2e-06, 0.610252, 0.792185, 0.375166, 1e-06, -0.79223, 0.610267, -0.0, 0.0, 0.0, 0.0, 1.0],
                [1.0, 2e-06, 2e-06, 0.0, -2e-06, 0.630416, 0.776235, 0.375166, 0.0, -0.77628, 0.630431, -0.0, 0.0, 0.0, 0.0, 1.0],
                [1.0, 2e-06, 1e-06, 0.0, -2e-06, 0.650969, 0.759081, 0.375166, 0.0, -0.759125, 0.650984, -0.0, 0.0, 0.0, 0.0, 1.0],
                [1.0, 2e-06, 1e-06, 0.0, -2e-06, 0.671985, 0.740542, 0.375166, 0.0, -0.740586, 0.671999, -0.0, 0.0, 0.0, 0.0, 1.0],
                [1.0, 2e-06, 1e-06, 0.0, -2e-06, 0.693461, 0.720471, 0.375166, 0.0, -0.720514, 0.693475, 0.0, 0.0, 0.0, 0.0, 1.0],
                [1.0, 2e-06, 1e-06, -0.0, -2e-06, 0.705081, 0.709104, 0.375166, 0.0, -0.709146, 0.705095, -0.0, 0.0, 0.0, 0.0, 1.0],
                [1.0, 2e-06, 1e-06, -0.0, -2e-06, 0.716551, 0.697512, 0.375166, 0.0, -0.697554, 0.716565, -0.0, 0.0, 0.0, 0.0, 1.0],
                [1.0, 2e-06, 1e-06, 0.0, -2e-06, 0.728136, 0.68541, 0.375166, 0.0, -0.685451, 0.72815, 0.0, 0.0, 0.0, 0.0, 1.0],
                [1.0, 2e-06, 1e-06, -0.0, -2e-06, 0.73977, 0.672838, 0.375166, 0.0, -0.672878, 0.739783, 0.0, 0.0, 0.0, 0.0, 1.0],
                [1.0, 2e-06, 1e-06, -0.0, -2e-06, 0.751449, 0.659769, 0.375166, 0.0, -0.659809, 0.751461, -0.0, 0.0, 0.0, 0.0, 1.0],
                [1.0, 2e-06, 1e-06, 0.0, -2e-06, 0.763171, 0.646175, 0.375166, 0.0, -0.646214, 0.763183, 0.0, 0.0, 0.0, 0.0, 1.0],
                [1.0, 2e-06, 1e-06, 0.0, -2e-06, 0.775053, 0.631874, 0.375166, 0.0, -0.631912, 0.775065, 0.0, 0.0, 0.0, 0.0, 1.0],
                [1.0, 1e-06, 1e-06, 0.0, -2e-06, 0.786802, 0.617184, 0.375166, -0.0, -0.617222, 0.786813, 0.0, 0.0, 0.0, 0.0, 1.0]
            ]
        },
        {
            "name": "Knee_L",
            "time": [0.0, 0.0167, 0.0333, 0.05, 0.0667, 0.0833, 0.1, 0.1167, 0.1333, 0.15, 0.1667, 0.1833, 0.2, 0.2167, 0.2333, 0.25, 0.2667, 0.2833, 0.3, 0.3167, 0.3333, 0.35, 0.3667, 0.3833, 0.4, 0.4167, 0.4333, 0.45, 0.4667, 0.4833, 0.5, 0.5167, 0.5333, 0.55, 0.5667, 0.5833, 0.6, 0.6167, 0.6333, 0.65, 0.6667, 0.6833],
            "transform": [
                [1.0, 0.0, -0.0, 0.0, -0.0, 0.087098, -0.9962, 0.375166, -0.0, 0.9962, 0.087098, 0.0, 0.0, 0.0, 0.0, 1.0],
                [1.0, 0.0, -0.0, -0.0, -0.0, 0.087098, -0.9962, 0.375166, -0.0, 0.9962, 0.087098, -0.0, 0.0, 0.0, 0.0, 1.0],
                [1.0, 0.0, -0.0, -0.0, -0.0, 0.087098, -0.9962, 0.375166, -0.0, 0.9962, 0.087098, -0.0, 0.0, 0.0, 0.0, 1.0],
                [1.0, 0.0, -0.0, 0.0, -0.0, 0.087098, -0.9962, 0.375166, -0.0, 0.9962, 0.087098, -0.0, 0.0, 0.0, 0.0, 1.0],
                [1.0, 0.0, -0.0, 0.0, -0.0, 0.087098, -0.9962, 0.375166, -0.0, 0.9962, 0.087098, -0.0, 0.0, 0.0, 0.0, 1.0],
