{
    "animation": [
        {
            "name": "Root",
            "time": [0.0, 0.0167, 0.0333, 0.05, 0.0667, 0.0833, 0.1, 0.1167, 0.1333, 0.15, 0.1667, 0.1833, 0.2, 0.2167, 0.2333, 0.25, 0.2667, 0.2833, 0.3, 0.3167, 0.3333, 0.35, 0.3667, 0.3833, 0.4, 0.4167, 0.4333, 0.45, 0.4667, 0.4833, 0.5, 0.5167, 0.5333, 0.55, 0.5667, 0.5833, 0.6, 0.6167, 0.6333, 0.65, 0.6667, 0.6833, 0.7, 0.7167, 0.7333, 0.75, 0.7667, 0.7833, 0.8, 0.8167, 0.8333, 0.85, 0.8667, 0.8833, 0.9, 0.9167, 0.9333, 0.95, 0.9667, 0.9833, 1.0, 1.0167, 1.0333, 1.05, 1.0667, 1.0833, 1.1, 1.1167, 1.1333, 1.15, 1.1667, 1.1833, 1.2, 1.2167, 1.2333, 1.25, 1.2667, 1.2833, 1.3, 1.3167, 1.3333, 1.35, 1.3667, 1.3833, 1.4, 1.4167, 1.4333, 1.45, 1.4667, 1.4833, 1.5, 1.5167, 1.5333, 1.55, 1.5667, 1.5833, 1.6, 1.6167, 1.6333, 1.65, 1.6667, 1.6833, 1.7, 1.7167, 1.7333, 1.75, 1.7667, 1.7833, 1.8, 1.8167, 1.8333, 1.85, 1.8667, 1.8833, 1.9, 1.9167, 1.9333, 1.95, 1.9667, 1.9833, 2.0, 2.0167, 2.0333],
            "transform": [
                [1.0, 0.0, -0.0, -0.01162, -0.0, 0.0, -1.0, -0.001589, 0.0, 1.0, 0.0, 0.597825, 0.0, 0.0, 0.0, 1.0],
                [1.0, 0.0, -0.0, -0.012078, -0.0, 0.0, -1.0, -0.001531, 0.0, 1.0, 0.0, 0.595969, 0.0, 0.0, 0.0, 1.0],
                [1.0, 0.0, -0.0, -0.013553, -0.0, 0.0, -1.0, -0.001065, 0.0, 1.0, 0.0, 0.590181, 0.0, 0.0, 0.0, 1.0],
                [1.0, 0.0, -0.0, -0.016179, -0.0, 0.0, -1.0, 0.000369, 0.0, 1.0, 0.0, 0.580293, 0.0, 0.0, 0.0, 1.0],
                [1.0, 0.0, -0.0, -0.020024, -0.0, 0.0, -1.0, 0.003471, 0.0, 1.0, 0.0, 0.566494, 0.0, 0.0, 0.0, 1.0],
                [1.0, 0.0, -0.0, -0.025049, -0.0, 0.0, -1.0, 0.008984, 0.0, 1.0, 0.0, 0.549456, 0.0, 0.0, 0.0, 1.0],
                [1.0, 0.0, -0.0, -0.031082, -0.0, 0.0, -1.0, 0.017504, 0.0, 1.0, 0.0, 0.530297, 0.0, 0.0, 0.0, 1.0],
                [1.0, 0.0, -0.0, -0.037848, -0.0, 0.0, -1.0, 0.029329, 0.0, 1.0, 0.0, 0.510352, 0.0, 0.0, 0.0, 1.0],
                [1.0, 0.0, -0.0, -0.045045, -0.0, 0.0, -1.0, 0.04441, 0.0, 1.0, 0.0, 0.490847, 0.0, 0.0, 0.0, 1.0],
                [1.0, 0.0, -0.0, -0.052404, -0.0, 0.0, -1.0, 0.062442, 0.0, 1.0, 0.0, 0.47268, 0.0, 0.0, 0.0, 1.0],
                [1.0, 0.0, -0.0, -0.059727, -0.0, 0.0, -1.0, 0.082996, 0.0, 1.0, 0.0, 0.456381, 0.0, 0.0, 0.0, 1.0],
                [1.0, 0.0, -0.0, -0.070143, -0.0, 0.0, -1.0, 0.149834, 0.0, 1.0, 0.0, 0.439358, 0.0, 0.0, 0.0, 1.0],
                [1.0, 0.0, -0.0, -0.083416, -0.0, 0.0, -1.0, 0.244555, 0.0, 1.0, 0.0, 0.421389, 0.0, 0.0, 0.0, 1.0],
                [1.0, 0.0, -0.0, -0.096427, -0.0, 0.0, -1.0, 0.356865, 0.0, 1.0, 0.0, 0.403732, 0.0, 0.0, 0.0, 1.0],
                [1.0, 0.0, -0.0, -0.105304, -0.0, 0.0, -1.0, 0.466957, 0.0, 1.0, 0.0, 0.387868, 0.0, 0.0, 0.0, 1.0],
                [1.0, 0.0, -0.0, -0.108243, -0.0, 0.0, -1.0, 0.559948, 0.0, 1.0, 0.0, 0.374425, 0.0, 0.0, 0.0, 1.0],
                [1.0, 0.0, -0.0, -0.104887, -0.0, 0.0, -1.0, 0.637274, 0.0, 1.0, 0.0, 0.363065, 0.0, 0.0, 0.0, 1.0],
                [1.0, 0.0, -0.0, -0.094737, -0.0, 0.0, -1.0, 0.706936, 0.0, 1.0, 0.0, 0.351439, 0.0, 0.0, 0.0, 1.0],
                [1.0, 0.0, -0.0, -0.079834, -0.0, 0.0, -1.0, 0.771751, 0.0, 1.0, 0.0, 0.341623, 0.0, 0.0, 0.0, 1.0],
                [1.0, 0.0, -0.0, -0.064589, -0.0, 0.0, -1.0, 0.837148, 0.0, 1.0, 0.0, 0.33557, 0.0, 0.0, 0.0, 1.0],
                [1.0, 0.0, -0.0, -0.052563, -0.0, 0.0, -1.0, 0.907216, 0.0, 1.0, 0.0, 0.333692, 0.0, 0.0, 0.0, 1.0],
                [1.0, 0.0, -0.0, -0.042337, -0.0, 0.0, -1.0, 0.988361, 0.0, 1.0, 0.0, 0.334986, 0.0, 0.0, 0.0, 1.0],
                [1.0, 0.0, -0.0, -0.032567, -0.0, 0.0, -1.0, 1.080994, 0.0, 1.0, 0.0, 0.338946, 0.0, 0.0, 0.0, 1.0],
                [1.0, 0.0, -0.0, -0.023739, -0.0, 0.0, -1.0, 1.171551, 0.0, 1.0, 0.0, 0.344871, 0.0, 0.0, 0.0, 1.0],
                [1.0, 0.0, -0.0, -0.016115, -0.0, 0.0, -1.0, 1.243536, 0.0, 1.0, 0.0, 0.351123, 0.0, 0.0, 0.0, 1.0],
                [1.0, 0.0, -0.0, -0.009541, -0.0, 0.0, -1.0, 1.28955, 0.0, 1.0, 0.0, 0.356316, 0.0, 0.0, 0.0, 1.0],
                [1.0, 0.0, -0.0, -0.004122, -0.0, 0.0, -1.0, 1.309591, 0.0, 1.0, 0.0, 0.359454, 0.0, 0.0, 0.0, 1.0],
                [1.0, 0.0, -0.0, 0.001381, -0.0, 0.0, -1.0, 1.319993, 0.0, 1.0, 0.0, 0.361176, 0.0, 0.0, 0.0, 1.0],
                [1.0, 0.0, -0.0, 0.006654, -0.0, 0.0, -1.0, 1.326923, 0.0, 1.0, 0.0, 0.362718, 0.0, 0.0, 0.0, 1.0],
                [1.0, 0.0, -0.0, 0.01155, -0.0, 0.0, -1.0, 1.333028, 0.0, 1.0, 0.0, 0.36463, 0.0, 0.0, 0.0, 1.0],
                [1.0, 0.0, -0.0, 0.015966, -0.0, 0.0, -1.0, 1.339849, 0.0, 1.0, 0.0, 0.367249, 0.0, 0.0, 0.0, 1.0],
                [1.0, 0.0, -0.0, 0.019815, -0.0, 0.0, -1.0, 1.348487, 0.0, 1.0, 0.0, 0.370836, 0.0, 0.0, 0.0, 1.0],
                [1.0, 0.0, -0.0, 0.023008, -0.0, 0.0, -1.0, 1.359864, 0.0, 1.0, 0.0, 0.37563, 0.0, 0.0, 0.0, 1.0],
                [1.0, 0.0, -0.0, 0.025448, -0.0, 0.0, -1.0, 1.374853, 0.0, 1.0, 0.0, 0.381873, 0.0, 0.0, 0.0, 1.0],
                [1.0, 0.0, -0.0, 0.027018, -0.0, 0.0, -1.0, 1.394369, 0.0, 1.0, 0.0, 0.389837, 0.0, 0.0, 0.0, 1.0],
                [1.0, 0.0, -0.0, 0.027579, -0.0, 0.0, -1.0, 1.419445, 0.0, 1.0, 0.0, 0.399841, 0.0, 0.0, 0.0, 1.0],
                [1.0, 0.0, -0.0, 0.02729, -0.0, 0.0, -1.0, 1.445381, 0.0, 1.0, 0.0, 0.430161, 0.0, 0.0, 0.0, 1.0],
                [1.0, 0.0, -0.0, 0.024792, -0.0, 0.0, -1.0, 1.461581, 0.0, 1.0, 0.0, 0.474704, 0.0, 0.0, 0.0, 1.0],
                [1.0, 0.0, -0.0, 0.017063, -0.0, 0.0, -1.0, 1.487258, 0.0, 1.0, 0.0, 0.521648, 0.0, 0.0, 0.0, 1.0],
                [1.0, 0.0, -0.0, 0.002245, -0.0, 0.0, -1.0, 1.543288, 0.0, 1.0, 0.0, 0.555015, 0.0, 0.0, 0.0, 1.0],
                [1.0, 0.0, -0.0, -0.019007, -0.0, 0.0, -1.0, 1.636993, 0.0, 1.0, 0.0, 0.566319, 0.0, 0.0, 0.0, 1.0],
                [1.0, 0.0, -0.0, -0.066197, -0.0, 0.0, -1.0, 1.913396, 0.0, 1.0, 0.0, 0.518556, 0.0, 0.0, 0.0, 1.0],
                [1.0, 0.0, -0.0, -0.123065, -0.0, 0.0, -1.0, 2.262203, 0.0, 1.0, 0.0, 0.416351, 0.0, 0.0, 0.0, 1.0],
                [1.0, 0.0, -0.0, -0.145957, -0.0, 0.0, -1.0, 2.404943, 0.0, 1.0, 0.0, 0.368589, 0.0, 0.0, 0.0, 1.0],
                [1.0, 0.0, -0.0, -0.145062, -0.0, 0.0, -1.0, 2.398236, 0.0, 1.0, 0.0, 0.380816, 0.0, 0.0, 0.0, 1.0],
                [1.0, 0.0, -0.0, -0.142886, -0.0, 0.0, -1.0, 2.381579, 0.0, 1.0, 0.0, 0.409379, 0.0, 0.0, 0.0, 1.0],
                [1.0, 0.0, -0.0, -0.140031, -0.0, 0.0, -1.0, 2.35911, 0.0, 1.0, 0.0, 0.44465, 0.0, 0.0, 0.0, 1.0],
                [1.0, 0.0, -0.0, -0.136944, -0.0, 0.0, -1.0, 2.333897, 0.0, 1.0, 0.0, 0.479558, 0.0, 0.0, 0.0, 1.0],
                [1.0, 0.0, -0.0, -0.133959, -0.0, 0.0, -1.0, 2.308256, 0.0, 1.0, 0.0, 0.508837, 0.0, 0.0, 0.0, 1.0],
                [1.0, 0.0, -0.0, -0.131331, -0.0, 0.0, -1.0, 2.283953, 0.0, 1.0, 0.0, 0.528527, 0.0, 0.0, 0.0, 1.0],
                [1.0, 0.0, -0.0, -0.129253, -0.0, 0.0, -1.0, 2.262346, 0.0, 1.0, 0.0, 0.535631, 0.0, 0.0, 0.0, 1.0],
                [1.0, 0.0, -0.0, -0.127614, -0.0, 0.0, -1.0, 2.242198, 0.0, 1.0, 0.0, 0.534936, 0.0, 0.0, 0.0, 1.0],
                [1.0, 0.0, -0.0, -0.126009, -0.0, 0.0, -1.0, 2.222758, 0.0, 1.0, 0.0, 0.532339, 0.0, 0.0, 0.0, 1.0],
                [1.0, 0.0, -0.0, -0.124703, -0.0, 0.0, -1.0, 2.203775, 0.0, 1.0, 0.0, 0.52729, 0.0, 0.0, 0.0, 1.0],
                [1.0, 0.0, -0.0, -0.123922, -0.0, 0.0, -1.0, 2.184757, 0.0, 1.0, 0.0, 0.520021, 0.0, 0.0, 0.0, 1.0],
                [1.0, 0.0, -0.0, -0.123685, -0.0, 0.0, -1.0, 2.165329, 0.0, 1.0, 0.0, 0.511376, 0.0, 0.0, 0.0, 1.0],
                [1.0, 0.0, -0.0, -0.123685, -0.0, 0.0, -1.0, 2.14233, 0.0, 1.0, 0.0, 0.50033, 0.0, 0.0, 0.0, 1.0],
                [1.0, 0.0, -0.0, -0.123685, -0.0, 0.0, -1.0, 2.114727, 0.0, 1.0, 0.0, 0.488701, 0.0, 0.0, 0.0, 1.0],
                [1.0, 0.0, -0.0, -0.123685, -0.0, 0.0, -1.0, 2.08861, 0.0, 1.0, 0.0, 0.475792, 0.0, 0.0, 0.0, 1.0],
                [1.0, 0.0, -0.0, -0.123685, -0.0, 0.0, -1.0, 2.071176, 0.0, 1.0, 0.0, 0.461204, 0.0, 0.0, 0.0, 1.0],
                [1.0, 0.0, -0.0, -0.123685, -0.0, 0.0, -1.0, 2.06548, 0.0, 1.0, 0.0, 0.445125, 0.0, 0.0, 0.0, 1.0],
                [1.0, 0.0, -0.0, -0.122947, -0.0, 0.0, -1.0, 2.074389, 0.0, 1.0, 0.0, 0.423218, 0.0, 0.0, 0.0, 1.0],
                [1.0, 0.0, -0.0, -0.120407, -0.0, 0.0, -1.0, 2.102849, 0.0, 1.0, 0.0, 0.395657, 0.0, 0.0, 0.0, 1.0],
                [1.0, 0.0, -0.0, -0.11591, -0.0, 0.0, -1.0, 2.148424, 0.0, 1.0, 0.0, 0.368834, 0.0, 0.0, 0.0, 1.0],
                [1.0, 0.0, -0.0, -0.110001, -0.0, 0.0, -1.0, 2.2015, 0.0, 1.0, 0.0, 0.350613, 0.0, 0.0, 0.0, 1.0],
                [1.0, 0.0, -0.0, -0.10353, -0.0, 0.0, -1.0, 2.252292, 0.0, 1.0, 0.0, 0.344598, 0.0, 0.0, 0.0, 1.0],
                [1.0, 0.0, -0.0, -0.095038, -0.0, 0.0, -1.0, 2.309744, 0.0, 1.0, 0.0, 0.364208, 0.0, 0.0, 0.0, 1.0],
                [1.0, 0.0, -0.0, -0.085271, -0.0, 0.0, -1.0, 2.372112, 0.0, 1.0, 0.0, 0.420806, 0.0, 0.0, 0.0, 1.0],
                [1.0, 0.0, -0.0, -0.075139, -0.0, 0.0, -1.0, 2.435039, 0.0, 1.0, 0.0, 0.497131, 0.0, 0.0, 0.0, 1.0],
                [1.0, 0.0, -0.0, -0.065941, -0.0, 0.0, -1.0, 2.492757, 0.0, 1.0, 0.0, 0.563688, 0.0, 0.0, 0.0, 1.0],
                [1.0, 0.0, -0.0, -0.058417, -0.0, 0.0, -1.0, 2.542298, 0.0, 1.0, 0.0, 0.600242, 0.0, 0.0, 0.0, 1.0],
                [1.0, 0.0, -0.0, -0.052804, -0.0, 0.0, -1.0, 2.581787, 0.0, 1.0, 0.0, 0.61742, 0.0, 0.0, 0.0, 1.0],
                [1.0, 0.0, -0.0, -0.047895, -0.0, 0.0, -1.0, 2.617343, 0.0, 1.0, 0.0, 0.629398, 0.0, 0.0, 0.0, 1.0],
                [1.0, 0.0, -0.0, -0.043786, -0.0, 0.0, -1.0, 2.648896, 0.0, 1.0, 0.0, 0.635646, 0.0, 0.0, 0.0, 1.0],
                [1.0, 0.0, -0.0, -0.040293, -0.0, 0.0, -1.0, 2.677879, 0.0, 1.0, 0.0, 0.637665, 0.0, 0.0, 0.0, 1.0],
                [1.0, 0.0, -0.0, -0.037089, -0.0, 0.0, -1.0, 2.706184, 0.0, 1.0, 0.0, 0.637899, 0.0, 0.0, 0.0, 1.0],
                [1.0, 0.0, -0.0, -0.034561, -0.0, 0.0, -1.0, 2.73271, 0.0, 1.0, 0.0, 0.635031, 0.0, 0.0, 0.0, 1.0],
                [1.0, 0.0, -0.0, -0.032275, -0.0, 0.0, -1.0, 2.759289, 0.0, 1.0, 0.0, 0.625515, 0.0, 0.0, 0.0, 1.0],
                [1.0, 0.0, -0.0, -0.030279, -0.0, 0.0, -1.0, 2.784481, 0.0, 1.0, 0.0, 0.609433, 0.0, 0.0, 0.0, 1.0],
                [1.0, 0.0, -0.0, -0.028524, -0.0, 0.0, -1.0, 2.806979, 0.0, 1.0, 0.0, 0.589388, 0.0, 0.0, 0.0, 1.0],
                [1.0, 0.0, -0.0, -0.026899, -0.0, 0.0, -1.0, 2.826562, 0.0, 1.0, 0.0, 0.568605, 0.0, 0.0, 0.0, 1.0],
                [1.0, 0.0, -0.0, -0.025651, -0.0, 0.0, -1.0, 2.837039, 0.0, 1.0, 0.0, 0.537744, 0.0, 0.0, 0.0, 1.0],
                [1.0, 0.0, -0.0, -0.024546, -0.0, 0.0, -1.0, 2.842479, 0.0, 1.0, 0.0, 0.500685, 0.0, 0.0, 0.0, 1.0],
                [1.0, 0.0, -0.0, -0.023491, -0.0, 0.0, -1.0, 2.846946, 0.0, 1.0, 0.0, 0.46264, 0.0, 0.0, 0.0, 1.0],
                [1.0, 0.0, -0.0, -0.022447, -0.0, 0.0, -1.0, 2.852223, 0.0, 1.0, 0.0, 0.425907, 0.0, 0.0, 0.0, 1.0],
                [1.0, 0.0, -0.0, -0.021391, -0.0, 0.0, -1.0, 2.8594, 0.0, 1.0, 0.0, 0.391897, 0.0, 0.0, 0.0, 1.0],
                [1.0, 0.0, -0.0, -0.020306, -0.0, 0.0, -1.0, 2.869303, 0.0, 1.0, 0.0, 0.361694, 0.0, 0.0, 0.0, 1.0],
                [1.0, 0.0, -0.0, -0.019179, -0.0, 0.0, -1.0, 2.882676, 0.0, 1.0, 0.0, 0.336274, 0.0, 0.0, 0.0, 1.0],
                [1.0, 0.0, -0.0, -0.017996, -0.0, 0.0, -1.0, 2.900263, 0.0, 1.0, 0.0, 0.316633, 0.0, 0.0, 0.0, 1.0],
                [1.0, 0.0, -0.0, -0.016744, -0.0, 0.0, -1.0, 2.922889, 0.0, 1.0, 0.0, 0.303869, 0.0, 0.0, 0.0, 1.0],
                [1.0, 0.0, -0.0, -0.015407, -0.0, 0.0, -1.0, 2.95152, 0.0, 1.0, 0.0, 0.299279, 0.0, 0.0, 0.0, 1.0],
                [1.0, 0.0, -0.0, -0.013556, -0.0, 0.0, -1.0, 3.076222, 0.0, 1.0, 0.0, 0.302438, 0.0, 0.0, 0.0, 1.0],
                [1.0, 0.0, -0.0, -0.011327, -0.0, 0.0, -1.0, 3.259267, 0.0, 1.0, 0.0, 0.309993, 0.0, 0.0, 0.0, 1.0],
                [1.0, 0.0, -0.0, -0.009054, -0.0, 0.0, -1.0, 3.459885, 0.0, 1.0, 0.0, 0.320207, 0.0, 0.0, 0.0, 1.0],
                [1.0, 0.0, -0.0, -0.006934, -0.0, 0.0, -1.0, 3.654172, 0.0, 1.0, 0.0, 0.3321, 0.0, 0.0, 0.0, 1.0],
                [1.0, 0.0, -0.0, -0.005107, -0.0, 0.0, -1.0, 3.825669, 0.0, 1.0, 0.0, 0.345041, 0.0, 0.0, 0.0, 1.0],
                [1.0, 0.0, -0.0, -0.003683, -0.0, 0.0, -1.0, 3.961533, 0.0, 1.0, 0.0, 0.358581, 0.0, 0.0, 0.0, 1.0],
                [1.0, 0.0, -0.0, -0.00276, -0.0, 0.0, -1.0, 4.050673, 0.0, 1.0, 0.0, 0.372373, 0.0, 0.0, 0.0, 1.0],
                [1.0, 0.0, -0.0, -0.002432, -0.0, 0.0, -1.0, 4.082686, 0.0, 1.0, 0.0, 0.386129, 0.0, 0.0, 0.0, 1.0],
                [1.0, 0.0, -0.0, -0.002432, -0.0, 0.0, -1.0, 4.168522, 0.0, 1.0, 0.0, 0.403324, 0.0, 0.0, 0.0, 1.0],
                [1.0, 0.0, -0.0, -0.002432, -0.0, 0.0, -1.0, 4.34966, 0.0, 1.0, 0.0, 0.421771, 0.0, 0.0, 0.0, 1.0],
                [1.0, 0.0, -0.0, -0.002432, -0.0, 0.0, -1.0, 4.427671, 0.0, 1.0, 0.0, 0.435466, 0.0, 0.0, 0.0, 1.0],
                [1.0, 0.0, -0.0, -0.002432, -0.0, 0.0, -1.0, 4.415298, 0.0, 1.0, 0.0, 0.444001, 0.0, 0.0, 0.0, 1.0],
                [1.0, 0.0, -0.0, -0.002432, -0.0, 0.0, -1.0, 4.402187, 0.0, 1.0, 0.0, 0.45126, 0.0, 0.0, 0.0, 1.0],
                [1.0, 0.0, -0.0, -0.002432, -0.0, 0.0, -1.0, 4.389133, 0.0, 1.0, 0.0, 0.4572, 0.0, 0.0, 0.0, 1.0],
                [1.0, 0.0, -0.0, -0.002432, -0.0, 0.0, -1.0, 4.376715, 0.0, 1.0, 0.0, 0.461806, 0.0, 0.0, 0.0, 1.0],
                [1.0, 0.0, -0.0, -0.002432, -0.0, 0.0, -1.0, 4.365357, 0.0, 1.0, 0.0, 0.465077, 0.0, 0.0, 0.0, 1.0],
                [1.0, 0.0, -0.0, -0.002432, -0.0, 0.0, -1.0, 4.355373, 0.0, 1.0, 0.0, 0.467025, 0.0, 0.0, 0.0, 1.0],
                [1.0, 0.0, -0.0, -0.002432, -0.0, 0.0, -1.0, 4.346997, 0.0, 1.0, 0.0, 0.467669, 0.0, 0.0, 0.0, 1.0],
                [1.0, 0.0, -0.0, -0.002432, -0.0, 0.0, -1.0, 4.341217, 0.0, 1.0, 0.0, 0.467196, 0.0, 0.0, 0.0, 1.0],
                [1.0, 0.0, -0.0, -0.002432, -0.0, 0.0, -1.0, 4.335743, 0.0, 1.0, 0.0, 0.466342, 0.0, 0.0, 0.0, 1.0],
                [1.0, 0.0, -0.0, -0.002432, -0.0, 0.0, -1.0, 4.330566, 0.0, 1.0, 0.0, 0.465371, 0.0, 0.0, 0.0, 1.0],
                [1.0, 0.0, -0.0, -0.002432, -0.0, 0.0, -1.0, 4.325689, 0.0, 1.0, 0.0, 0.464364, 0.0, 0.0, 0.0, 1.0],
                [1.0, 0.0, -0.0, -0.002432, -0.0, 0.0, -1.0, 4.321117, 0.0, 1.0, 0.0, 0.463361, 0.0, 0.0, 0.0, 1.0],
                [1.0, 0.0, -0.0, -0.002432, -0.0, 0.0, -1.0, 4.316864, 0.0, 1.0, 0.0, 0.462387, 0.0, 0.0, 0.0, 1.0],
                [1.0, 0.0, -0.0, -0.002432, -0.0, 0.0, -1.0, 4.31295, 0.0, 1.0, 0.0, 0.461461, 0.0, 0.0, 0.0, 1.0],
                [1.0, 0.0, -0.0, -0.002432, -0.0, 0.0, -1.0, 4.309399, 0.0, 1.0, 0.0, 0.460599, 0.0, 0.0, 0.0, 1.0],
                [1.0, 0.0, -0.0, -0.002432, -0.0, 0.0, -1.0, 4.30624, 0.0, 1.0, 0.0, 0.459816, 0.0, 0.0, 0.0, 1.0],
                [1.0, 0.0, -0.0, -0.002432, -0.0, 0.0, -1.0, 4.303513, 0.0, 1.0, 0.0, 0.459128, 0.0, 0.0, 0.0, 1.0],
                [1.0, 0.0, -0.0, -0.002432, -0.0, 0.0, -1.0, 4.301262, 0.0, 1.0, 0.0, 0.458552, 0.0, 0.0, 0.0, 1.0],
                [1.0, 0.0, -0.0, -0.002432, -0.0, 0.0, -1.0, 4.299548, 0.0, 1.0, 0.0, 0.458108, 0.0, 0.0, 0.0, 1.0],
                [1.0, 0.0, -0.0, -0.002432, -0.0, 0.0, -1.0, 4.298446, 0.0, 1.0, 0.0, 0.457819, 0.0, 0.0, 0.0, 1.0],
                [1.0, 0.0, -0.0, -0.002432, -0.0, 0.0, -1.0, 4.298052, 0.0, 1.0, 0.0, 0.457714, 0.0, 0.0, 0.0, 1.0]
            ]
        },
        {
            "name": "Thigh_R",
            "time": [0.0, 0.0167, 0.0333, 0.05, 0.0667, 0.0833, 0.1, 0.1167, 0.1333, 0.15, 0.1667, 0.1833, 0.2, 0.2167, 0.2333, 0.25, 0.2667, 0.2833, 0.3, 0.3167, 0.3333, 0.35, 0.3667, 0.3833, 0.4, 0.4167, 0.4333, 0.45, 0.4667, 0.4833, 0.5, 0.5167, 0.5333, 0.55, 0.5667, 0.5833, 0.6, 0.6167, 0.6333, 0.65, 0.6667, 0.6833, 0.7, 0.7167, 0.7333, 0.75, 0.7667, 0.7833, 0.8, 0.8167, 0.8333, 0.85, 0.8667, 0.8833, 0.9, 0.9167, 0.9333, 0.95, 0.9667, 0.9833, 1.0, 1.0167, 1.0333, 1.05, 1.0667, 1.0833, 1.1, 1.1167, 1.1333, 1.15, 1.1667, 1.1833, 1.2, 1.2167, 1.2333, 1.25, 1.2667, 1.2833, 1.3, 1.3167, 1.3333, 1.35, 1.3667, 1.3833, 1.4, 1.4167, 1.4333, 1.45, 1.4667, 1.4833, 1.5, 1.5167, 1.5333, 1.55, 1.5667, 1.5833, 1.6, 1.6167, 1.6333, 1.65, 1.6667, 1.6833, 1.7, 1.7167, 1.7333, 1.75, 1.7667, 1.7833, 1.8, 1.8167, 1.8333, 1.85, 1.8667, 1.8833, 1.9, 1.9167, 1.9333, 1.95, 1.9667, 1.9833, 2.0, 2.0167, 2.0333],
            "transform": [
                [0.406377, -0.322076, -0.855022, -0.011869, 0.513413, -0.693617, 0.505264, -0.002831, -0.755821, -0.644327, -0.116499, -0.198196, 0.0, 0.0, 0.0, 1.0],
                [0.407216, -0.327541, -0.852544, -0.01188, 0.514451, -0.689053, 0.510427, -0.002838, -0.754663, -0.646465, -0.112077, -0.198172, 0.0, 0.0, 0.0, 1.0],
                [0.40841, -0.344316, -0.845332, -0.011963, 0.518078, -0.675064, 0.525235, -0.002897, -0.75153, -0.652479, -0.097308, -0.197983, 0.0, 0.0, 0.0, 1.0],
                [0.407315, -0.371016, -0.834494, -0.01222, 0.525173, -0.652425, 0.546373, -0.003077, -0.747187, -0.660819, -0.070882, -0.197401, 0.0, 0.0, 0.0, 1.0],
                [0.400595, -0.405191, -0.821757, -0.012777, 0.536571, -0.623276, 0.568864, -0.003467, -0.742708, -0.668835, -0.032255, -0.196142, 0.0, 0.0, 0.0, 1.0],
                [0.384948, -0.443929, -0.809124, -0.013766, 0.552617, -0.591324, 0.587314, -0.004161, -0.739209, -0.67324, 0.017706, -0.193905, 0.0, 0.0, 0.0, 1.0],
                [0.358291, -0.484724, -0.797878, -0.015295, 0.572598, -0.560944, 0.59788, -0.005233, -0.7374, -0.671098, 0.076583, -0.190447, 0.0, 0.0, 0.0, 1.0],
                [0.32072, -0.524908, -0.788383, -0.017417, 0.594555, -0.536397, 0.598975, -0.00672, -0.737322, -0.660859, 0.140064, -0.185649, 0.0, 0.0, 0.0, 1.0],
                [0.274481, -0.562216, -0.780071, -0.020124, 0.615785, -0.520326, 0.591658, -0.008618, -0.73856, -0.642773, 0.203395, -0.179529, 0.0, 0.0, 0.0, 1.0],
                [0.222938, -0.594722, -0.77236, -0.023359, 0.633737, -0.513633, 0.578402, -0.010886, -0.740727, -0.618439, 0.262398, -0.172212, 0.0, 0.0, 0.0, 1.0],
                [0.169347, -0.621487, -0.76486, -0.027048, 0.646629, -0.515632, 0.562126, -0.013472, -0.743769, -0.589792, 0.31456, -0.163871, 0.0, 0.0, 0.0, 1.0],
                [0.050963, -0.676352, -0.734769, -0.032013, 0.616836, -0.557324, 0.555784, -0.018275, -0.785441, -0.481572, 0.388802, -0.148376, 0.0, 0.0, 0.0, 1.0],
                [-0.098043, -0.715356, -0.691803, -0.036845, 0.525772, -0.627469, 0.574314, -0.024809, -0.844956, -0.307436, 0.437637, -0.127297, 0.0, 0.0, 0.0, 1.0],
                [-0.254161, -0.713571, -0.652811, -0.042759, 0.337939, -0.69797, 0.631365, -0.031445, -0.906201, -0.060151, 0.41854, -0.105894, 0.0, 0.0, 0.0, 1.0],
                [-0.381372, -0.669423, -0.637477, -0.050896, 0.061035, -0.70634, 0.705224, -0.036065, -0.922404, 0.230038, 0.310231, -0.090989, 0.0, 0.0, 0.0, 1.0],
                [-0.448681, -0.617676, -0.645844, -0.061485, -0.218473, -0.624947, 0.749463, -0.037613, -0.866576, 0.477366, 0.145446, -0.085997, 0.0, 0.0, 0.0, 1.0],
                [-0.446731, -0.500269, -0.741698, -0.078524, -0.311577, -0.690138, 0.653157, -0.026163, -0.83866, 0.522879, 0.152421, -0.085478, 0.0, 0.0, 0.0, 1.0],
                [-0.411499, -0.30281, -0.859609, -0.100963, -0.221535, -0.881657, 0.416637, 0.006101, -0.884076, 0.361874, 0.295708, -0.084242, 0.0, 0.0, 0.0, 1.0],
                [-0.352367, -0.095142, -0.930987, -0.123365, -0.029991, -0.993146, 0.112868, 0.047557, -0.935381, 0.067686, 0.347093, -0.083264, 0.0, 0.0, 0.0, 1.0],
                [-0.280122, 0.120329, -0.952367, -0.138813, 0.17871, -0.968225, -0.174866, 0.079903, -0.943183, -0.219191, 0.249717, -0.08369, 0.0, 0.0, 0.0, 1.0],
                [-0.211312, 0.364011, -0.907081, -0.143958, 0.352351, -0.83729, -0.418049, 0.091491, -0.9117, -0.407963, 0.048676, -0.085997, 0.0, 0.0, 0.0, 1.0],
                [-0.164851, 0.697197, -0.697641, -0.137081, 0.453184, -0.574719, -0.681387, 0.0848, -0.876042, -0.428502, -0.221207, -0.096744, 0.0, 0.0, 0.0, 1.0],
                [-0.143508, 0.721137, -0.67774, -0.117711, 0.488872, -0.543805, -0.682089, 0.065282, -0.860471, -0.429229, -0.274493, -0.113299, 0.0, 0.0, 0.0, 1.0],
                [-0.13933, 0.744709, -0.652658, -0.092841, 0.480852, -0.525307, -0.701995, 0.040053, -0.865661, -0.411656, -0.284892, -0.131116, 0.0, 0.0, 0.0, 1.0],
                [-0.144365, 0.762903, -0.630165, -0.073471, 0.446697, -0.518031, -0.729428, 0.020352, -0.882961, -0.386811, -0.26599, -0.143921, 0.0, 0.0, 0.0, 1.0],
                [-0.158219, 0.705326, -0.690978, -0.066594, 0.383092, -0.601148, -0.701298, 0.013349, -0.910059, -0.375679, -0.175083, -0.148284, 0.0, 0.0, 0.0, 1.0],
                [-0.166577, 0.647924, -0.743245, -0.066594, 0.334714, -0.671882, -0.660681, 0.013349, -0.92748, -0.35884, -0.104942, -0.148284, 0.0, 0.0, 0.0, 1.0],
                [-0.17156, 0.615493, -0.769221, -0.066594, 0.308856, -0.707853, -0.635225, 0.013349, -0.935508, -0.346569, -0.068652, -0.148284, 0.0, 0.0, 0.0, 1.0],
                [-0.17577, 0.590959, -0.787297, -0.066594, 0.290586, -0.732986, -0.615021, 0.013349, -0.940566, -0.336891, -0.042881, -0.148284, 0.0, 0.0, 0.0, 1.0],
                [-0.18021, 0.570873, -0.800994, -0.066594, 0.273208, -0.753254, -0.598269, 0.013349, -0.944925, -0.326662, -0.020218, -0.148284, 0.0, 0.0, 0.0, 1.0],
                [-0.185399, 0.554043, -0.811559, -0.066594, 0.252736, -0.771229, -0.584201, 0.013349, -0.949606, -0.31343, 0.002964, -0.148284, 0.0, 0.0, 0.0, 1.0],
                [-0.191629, 0.540124, -0.819455, -0.066594, 0.226331, -0.788126, -0.572356, 0.013349, -0.955015, -0.295157, 0.028785, -0.148284, 0.0, 0.0, 0.0, 1.0],
                [-0.199017, 0.529098, -0.82487, -0.066594, 0.191706, -0.804446, -0.562206, 0.013349, -0.961063, -0.27003, 0.05867, -0.148284, 0.0, 0.0, 0.0, 1.0],
                [-0.207495, 0.521311, -0.827734, -0.066594, 0.146928, -0.819963, -0.553203, 0.013349, -0.967139, -0.236413, 0.093544, -0.148284, 0.0, 0.0, 0.0, 1.0],
                [-0.216757, 0.517205, -0.827936, -0.066594, 0.090432, -0.833834, -0.544521, 0.013349, -0.972028, -0.192908, 0.133966, -0.148284, 0.0, 0.0, 0.0, 1.0],
                [-0.226197, 0.518012, -0.824901, -0.066594, 0.021248, -0.844045, -0.535816, 0.013349, -0.97385, -0.138734, 0.17991, -0.148284, 0.0, 0.0, 0.0, 1.0],
                [-0.22401, 0.550008, -0.804533, -0.066594, -0.032181, -0.829258, -0.557905, 0.013349, -0.974055, -0.09909, 0.203457, -0.148284, 0.0, 0.0, 0.0, 1.0],
                [-0.209904, 0.72298, -0.658184, -0.066594, -0.046359, -0.67981, -0.731894, 0.013349, -0.976622, -0.123119, 0.176205, -0.148284, 0.0, 0.0, 0.0, 1.0],
                [-0.172857, 0.700085, -0.692794, -0.066594, -0.05287, -0.708991, -0.703206, 0.013349, -0.983527, -0.084928, 0.159563, -0.148284, 0.0, 0.0, 0.0, 1.0],
                [-0.099374, 0.691446, -0.715533, -0.066594, -0.076936, -0.722307, -0.687254, 0.013349, -0.992071, -0.013245, 0.124972, -0.148284, 0.0, 0.0, 0.0, 1.0],
                [0.018077, 0.694516, -0.719222, -0.066594, -0.118938, -0.712766, -0.691217, 0.013349, -0.992737, 0.098043, 0.069718, -0.148284, 0.0, 0.0, 0.0, 1.0],
                [0.402797, 0.613454, -0.679259, -0.012453, -0.131927, -0.695492, -0.706292, 0.014156, -0.905732, 0.37412, -0.199202, -0.08803, 0.0, 0.0, 0.0, 1.0],
                [0.863376, 0.40988, 0.29423, 0.103402, 0.502817, -0.747389, -0.434236, 0.015883, 0.04192, 0.522882, -0.851348, 0.040906, 0.0, 0.0, 0.0, 1.0],
                [0.718688, 0.294175, 0.630012, 0.157543, 0.633071, -0.651594, -0.417885, 0.01669, 0.28759, 0.699204, -0.654509, 0.10116, 0.0, 0.0, 0.0, 1.0],
                [0.732722, 0.284458, 0.618199, 0.157543, 0.615662, -0.664158, -0.424069, 0.01669, 0.289962, 0.691359, -0.661755, 0.10116, 0.0, 0.0, 0.0, 1.0],
                [0.762703, 0.260824, 0.591799, 0.157543, 0.575689, -0.6908, -0.437444, 0.01669, 0.29473, 0.674364, -0.677008, 0.10116, 0.0, 0.0, 0.0, 1.0],
                [0.794813, 0.227552, 0.562554, 0.157543, 0.527911, -0.71648, -0.456012, 0.01669, 0.299303, 0.659452, -0.689572, 0.10116, 0.0, 0.0, 0.0, 1.0],
                [0.822231, 0.187069, 0.537511, 0.157543, 0.482004, -0.73111, -0.482835, 0.01669, 0.302667, 0.656113, -0.691285, 0.10116, 0.0, 0.0, 0.0, 1.0],
                [0.842959, 0.141059, 0.519135, 0.157543, 0.443303, -0.728872, -0.521735, 0.01669, 0.304798, 0.669962, -0.676915, 0.10116, 0.0, 0.0, 0.0, 1.0],
                [0.857114, 0.166507, 0.487455, 0.157543, 0.41446, -0.784876, -0.460624, 0.01669, 0.305906, 0.596864, -0.741711, 0.10116, 0.0, 0.0, 0.0, 1.0],
                [0.865328, 0.211571, 0.454345, 0.157543, 0.396651, -0.843252, -0.362739, 0.01669, 0.306393, 0.49413, -0.813582, 0.10116, 0.0, 0.0, 0.0, 1.0],
                [0.870459, 0.247574, 0.425433, 0.157543, 0.38506, -0.880899, -0.275194, 0.01669, 0.306644, 0.403388, -0.862091, 0.10116, 0.0, 0.0, 0.0, 1.0],
                [0.874829, 0.273165, 0.400049, 0.157543, 0.374867, -0.904822, -0.201891, 0.01669, 0.306835, 0.326611, -0.89394, 0.10116, 0.0, 0.0, 0.0, 1.0],
                [0.87827, 0.29528, 0.376083, 0.157543, 0.366626, -0.920776, -0.13321, 0.01669, 0.306965, 0.254901, -0.916922, 0.10116, 0.0, 0.0, 0.0, 1.0],
                [0.880868, 0.315911, 0.352504, 0.157543, 0.360265, -0.930483, -0.066342, 0.01669, 0.307052, 0.185458, -0.933419, 0.10116, 0.0, 0.0, 0.0, 1.0],
                [0.882926, 0.335063, 0.32888, 0.157543, 0.355136, -0.934809, -0.001001, 0.01669, 0.307116, 0.117705, -0.944336, 0.10116, 0.0, 0.0, 0.0, 1.0],
                [0.885049, 0.354784, 0.301339, 0.157543, 0.349757, -0.934029, 0.072461, 0.01669, 0.307179, 0.041287, -0.950726, 0.10116, 0.0, 0.0, 0.0, 1.0],
                [0.888047, 0.372129, 0.269965, 0.157543, 0.341998, -0.92715, 0.153044, 0.01669, 0.307261, -0.04356, -0.950598, 0.10116, 0.0, 0.0, 0.0, 1.0],
                [0.890509, 0.386598, 0.239842, 0.157543, 0.335479, -0.91408, 0.227821, 0.01669, 0.307322, -0.122393, -0.943671, 0.10116, 0.0, 0.0, 0.0, 1.0],
                [0.890819, 0.399431, 0.216532, 0.157543, 0.334635, -0.899162, 0.281989, 0.01669, 0.307344, -0.178721, -0.934634, 0.10116, 0.0, 0.0, 0.0, 1.0],
                [0.888172, 0.412582, 0.202277, 0.157543, 0.341629, -0.887301, 0.309802, 0.01669, 0.30731, -0.206033, -0.929006, 0.10116, 0.0, 0.0, 0.0, 1.0],
                [0.89563, 0.415616, 0.158434, 0.157515, 0.357051, -0.884203, 0.301145, 0.017591, 0.265259, -0.213123, -0.940297, 0.096182, 0.0, 0.0, 0.0, 1.0],
                [0.898197, 0.429866, 0.09192, 0.157426, 0.395076, -0.881079, 0.259999, 0.01897, 0.19276, -0.197191, -0.9612, 0.08871, 0.0, 0.0, 0.0, 1.0],
                [0.889288, 0.456857, 0.020998, 0.15728, 0.444924, -0.874836, 0.19153, 0.020489, 0.105875, -0.160959, -0.981241, 0.080631, 0.0, 0.0, 0.0, 1.0],
                [0.881664, 0.466183, -0.073034, 0.157083, 0.471621, -0.865457, 0.168917, 0.022079, 0.015539, -0.18335, -0.982902, 0.072321, 0.0, 0.0, 0.0, 1.0],
                [0.893174, 0.388639, -0.226261, 0.156834, 0.443869, -0.842679, 0.304707, 0.023711, -0.072248, -0.372568, -0.925163, 0.063936, 0.0, 0.0, 0.0, 1.0],
                [0.874342, -0.039034, -0.483731, 0.156536, 0.443203, -0.34188, 0.828656, 0.02537, -0.197732, -0.938907, -0.281609, 0.05556, 0.0, 0.0, 0.0, 1.0],
                [0.662804, -0.429782, -0.613142, 0.156189, 0.630343, -0.121748, 0.766697, 0.027046, -0.404177, -0.894668, 0.190235, 0.047242, 0.0, 0.0, 0.0, 1.0],
                [0.236483, 0.14926, -0.960066, 0.155791, 0.802796, -0.586659, 0.106529, 0.028734, -0.547353, -0.795959, -0.258551, 0.039021, 0.0, 0.0, 0.0, 1.0],
                [-0.016726, 0.117658, -0.992875, 0.155344, 0.81728, -0.570467, -0.081364, 0.030429, -0.575999, -0.812849, -0.086615, 0.030922, 0.0, 0.0, 0.0, 1.0],
                [-0.061489, 0.108139, -0.992194, 0.154846, 0.797313, -0.592701, -0.114002, 0.032126, -0.600426, -0.79813, -0.049774, 0.022968, 0.0, 0.0, 0.0, 1.0],
                [-0.034883, 0.106019, -0.993714, 0.154295, 0.773707, -0.626531, -0.093998, 0.033825, -0.632583, -0.772151, -0.06017, 0.015178, 0.0, 0.0, 0.0, 1.0],
                [-0.009808, 0.104373, -0.994451, 0.153691, 0.751083, -0.655792, -0.076231, 0.035522, -0.660136, -0.747691, -0.071959, 0.007569, 0.0, 0.0, 0.0, 1.0],
                [0.014412, 0.103449, -0.994492, 0.153031, 0.730655, -0.680091, -0.060152, 0.037215, -0.682595, -0.725791, -0.085384, 0.000158, 0.0, 0.0, 0.0, 1.0],
                [0.037309, 0.103178, -0.993924, 0.152315, 0.711646, -0.701026, -0.046056, 0.038902, -0.701547, -0.705631, -0.099578, -0.007039, 0.0, 0.0, 0.0, 1.0],
                [0.058393, 0.103246, -0.992902, 0.151539, 0.692155, -0.720935, -0.034257, 0.040583, -0.719383, -0.685267, -0.113556, -0.014006, 0.0, 0.0, 0.0, 1.0],
                [0.078661, 0.104152, -0.991407, 0.1507, 0.673827, -0.738495, -0.024117, 0.042255, -0.73469, -0.666166, -0.128267, -0.020725, 0.0, 0.0, 0.0, 1.0],
                [0.098562, 0.105986, -0.989432, 0.149798, 0.657831, -0.753013, -0.015131, 0.043917, -0.746689, -0.649413, -0.143935, -0.027182, 0.0, 0.0, 0.0, 1.0],
                [0.118368, 0.108832, -0.98695, 0.148827, 0.645379, -0.763832, -0.006826, 0.045568, -0.754636, -0.636173, -0.160645, -0.033356, 0.0, 0.0, 0.0, 1.0],
                [0.137977, 0.112415, -0.983997, 0.147785, 0.636329, -0.771417, 0.001097, 0.047205, -0.758979, -0.626321, -0.177964, -0.039227, 0.0, 0.0, 0.0, 1.0],
                [0.157172, 0.115901, -0.980709, 0.146667, 0.629353, -0.777067, 0.009027, 0.048828, -0.76106, -0.618654, -0.195068, -0.044775, 0.0, 0.0, 0.0, 1.0],
                [0.17736, -0.02493, -0.983793, 0.145469, 0.635992, -0.759987, 0.133912, 0.050434, -0.751038, -0.649458, -0.118927, -0.049975, 0.0, 0.0, 0.0, 1.0],
                [0.197278, -0.198608, -0.959981, 0.144187, 0.651653, -0.705036, 0.27977, 0.052023, -0.732414, -0.680789, -0.009654, -0.054802, 0.0, 0.0, 0.0, 1.0],
                [0.215999, -0.298955, -0.929462, 0.142813, 0.670093, -0.647001, 0.363815, 0.053592, -0.710155, -0.701431, 0.060588, -0.059226, 0.0, 0.0, 0.0, 1.0],
                [0.233385, -0.37167, -0.898512, 0.141342, 0.688455, -0.589418, 0.422623, 0.055139, -0.686703, -0.71724, 0.118329, -0.063214, 0.0, 0.0, 0.0, 1.0],
                [0.249648, -0.427739, -0.868705, 0.139765, 0.704793, -0.53495, 0.465929, 0.056661, -0.664036, -0.728595, 0.167931, -0.066729, 0.0, 0.0, 0.0, 1.0],
                [0.265263, -0.472206, -0.84059, 0.138075, 0.717442, -0.485789, 0.499278, 0.058157, -0.644137, -0.735534, 0.209933, -0.069728, 0.0, 0.0, 0.0, 1.0],
                [0.28098, -0.508009, -0.814195, 0.136261, 0.724702, -0.443885, 0.527034, 0.059623, -0.629173, -0.738152, 0.243447, -0.072163, 0.0, 0.0, 0.0, 1.0],
                [0.297864, -0.536431, -0.789593, 0.134311, 0.724546, -0.411518, 0.552881, 0.061056, -0.621539, -0.736796, 0.266108, -0.073976, 0.0, 0.0, 0.0, 1.0],
                [0.317327, -0.558164, -0.766614, 0.132211, 0.71426, -0.391107, 0.580395, 0.062452, -0.623808, -0.731752, 0.274581, -0.075098, 0.0, 0.0, 0.0, 1.0],
                [0.341102, -0.57246, -0.745574, 0.129944, 0.689953, -0.386236, 0.61219, 0.063806, -0.638447, -0.723244, 0.26324, -0.07545, 0.0, 0.0, 0.0, 1.0],
                [0.43386, -0.584417, -0.68569, 0.12497, 0.555798, -0.425399, 0.71422, 0.064699, -0.709122, -0.690983, 0.140269, -0.060065, 0.0, 0.0, 0.0, 1.0],
                [0.622659, -0.492509, -0.608023, 0.118463, 0.310664, -0.557589, 0.769784, 0.064974, -0.718181, -0.6682, -0.194168, -0.026309, 0.0, 0.0, 0.0, 1.0],
                [0.860502, -0.218229, -0.460323, 0.111609, 0.127649, -0.782401, 0.60954, 0.064916, -0.493196, -0.583256, -0.645386, 0.014581, 0.0, 0.0, 0.0, 1.0],
                [0.956343, 0.278642, -0.088118, 0.105105, 0.292078, -0.901093, 0.320478, 0.064684, 0.009895, -0.332202, -0.943124, 0.056067, 0.0, 0.0, 0.0, 1.0],
                [0.719566, 0.59651, 0.355493, 0.099435, 0.582326, -0.797235, 0.159071, 0.064386, 0.378313, 0.092577, -0.921014, 0.093697, 0.0, 0.0, 0.0, 1.0],
                [0.51175, 0.586875, 0.62741, 0.094981, 0.717723, -0.693447, 0.06325, 0.064099, 0.472213, 0.417967, -0.776075, 0.124051, 0.0, 0.0, 0.0, 1.0],
                [0.417282, 0.458591, 0.784547, 0.092075, 0.766939, -0.640853, -0.033305, 0.063888, 0.487524, 0.615628, -0.619116, 0.144223, 0.0, 0.0, 0.0, 1.0],
                [0.397878, 0.341514, 0.85147, 0.091033, 0.773428, -0.624073, -0.111087, 0.063806, 0.49346, 0.70278, -0.512429, 0.151533, 0.0, 0.0, 0.0, 1.0],
                [0.411042, 0.289931, 0.864248, 0.091031, 0.761404, -0.630545, -0.150583, 0.060602, 0.501307, 0.719968, -0.479921, 0.148329, 0.0, 0.0, 0.0, 1.0],
                [0.421442, 0.260928, 0.868472, 0.09103, 0.751222, -0.636927, -0.173165, 0.052289, 0.507988, 0.725425, -0.464428, 0.140017, 0.0, 0.0, 0.0, 1.0],
                [0.428667, 0.259804, 0.865267, 0.091031, 0.743946, -0.644943, -0.174896, 0.044595, 0.512628, 0.718715, -0.469732, 0.132322, 0.0, 0.0, 0.0, 1.0],
                [0.432608, 0.288337, 0.854198, 0.091031, 0.740031, -0.654759, -0.153756, 0.037454, 0.514979, 0.698679, -0.496618, 0.125181, 0.0, 0.0, 0.0, 1.0],
                [0.435237, 0.319201, 0.841796, 0.091032, 0.737436, -0.662799, -0.129935, 0.029807, 0.516485, 0.677354, -0.523851, 0.117534, 0.0, 0.0, 0.0, 1.0],
                [0.437258, 0.348982, 0.82883, 0.091032, 0.735441, -0.669213, -0.106199, 0.022519, 0.517621, 0.656022, -0.549261, 0.110247, 0.0, 0.0, 0.0, 1.0],
                [0.439184, 0.376584, 0.815626, 0.091033, 0.73351, -0.674526, -0.083516, 0.016215, 0.518729, 0.634978, -0.572456, 0.103942, 0.0, 0.0, 0.0, 1.0],
                [0.441401, 0.401676, 0.80235, 0.091033, 0.73123, -0.679288, -0.062192, 0.011348, 0.520064, 0.614184, -0.593543, 0.099076, 0.0, 0.0, 0.0, 1.0],
                [0.444202, 0.424192, 0.789107, 0.091033, 0.728279, -0.683974, -0.04227, 0.008255, 0.521817, 0.593497, -0.61274, 0.095982, 0.0, 0.0, 0.0, 1.0],
                [0.447809, 0.444102, 0.776007, 0.091033, 0.724399, -0.68897, -0.023722, 0.007181, 0.52413, 0.572791, -0.630221, 0.094908, 0.0, 0.0, 0.0, 1.0],
                [0.446557, 0.45982, 0.767527, 0.091033, 0.722457, -0.691388, -0.006116, 0.007181, 0.527866, 0.557265, -0.640931, 0.094908, 0.0, 0.0, 0.0, 1.0],
                [0.441882, 0.475331, 0.760754, 0.091033, 0.721733, -0.692044, 0.013197, 0.007181, 0.532768, 0.543259, -0.648851, 0.094908, 0.0, 0.0, 0.0, 1.0],
                [0.436093, 0.489905, 0.754825, 0.091033, 0.721416, -0.691752, 0.03219, 0.007181, 0.537941, 0.530534, -0.655082, 0.094908, 0.0, 0.0, 0.0, 1.0],
                [0.429906, 0.503367, 0.749499, 0.091033, 0.721264, -0.690832, 0.050267, 0.007181, 0.543101, 0.519005, -0.660042, 0.094908, 0.0, 0.0, 0.0, 1.0],
                [0.423662, 0.515843, 0.744554, 0.091033, 0.721173, -0.689474, 0.067336, 0.007181, 0.548106, 0.508453, -0.664105, 0.094908, 0.0, 0.0, 0.0, 1.0],
                [0.417567, 0.527161, 0.740057, 0.091033, 0.721093, -0.687835, 0.083105, 0.007181, 0.552867, 0.498977, -0.667338, 0.094908, 0.0, 0.0, 0.0, 1.0],
                [0.411762, 0.537389, 0.735942, 0.091033, 0.721006, -0.686028, 0.097546, 0.007181, 0.557317, 0.490481, -0.66993, 0.094908, 0.0, 0.0, 0.0, 1.0],
                [0.406359, 0.546517, 0.732214, 0.091033, 0.720903, -0.684157, 0.110575, 0.007181, 0.561401, 0.48295, -0.671988, 0.094908, 0.0, 0.0, 0.0, 1.0],
                [0.401458, 0.5545, 0.728908, 0.091033, 0.720787, -0.68232, 0.122082, 0.007181, 0.565064, 0.476405, -0.673588, 0.094908, 0.0, 0.0, 0.0, 1.0],
                [0.397156, 0.561374, 0.725997, 0.091033, 0.720667, -0.680592, 0.132032, 0.007181, 0.568248, 0.470792, -0.674854, 0.094908, 0.0, 0.0, 0.0, 1.0],
                [0.39356, 0.566941, 0.723625, 0.091033, 0.720552, -0.679086, 0.140165, 0.007181, 0.57089, 0.466274, -0.675761, 0.094908, 0.0, 0.0, 0.0, 1.0],
                [0.390788, 0.57115, 0.721816, 0.091033, 0.720456, -0.677883, 0.146343, 0.007181, 0.572911, 0.462875, -0.676387, 0.094908, 0.0, 0.0, 0.0, 1.0],
                [0.388984, 0.573845, 0.720652, 0.091033, 0.720393, -0.677081, 0.150313, 0.007181, 0.574218, 0.460711, -0.676757, 0.094908, 0.0, 0.0, 0.0, 1.0],
                [0.388332, 0.574806, 0.720237, 0.091033, 0.72037, -0.676788, 0.151734, 0.007181, 0.574687, 0.459941, -0.676882, 0.094908, 0.0, 0.0, 0.0, 1.0]
            ]
        },
        {
            "name": "Leg_R",
            "time": [0.0, 0.0167, 0.0333, 0.05, 0.0667, 0.0833, 0.1, 0.1167, 0.1333, 0.15, 0.1667, 0.1833, 0.2, 0.2167, 0.2333, 0.25, 0.2667, 0.2833, 0.3, 0.3167, 0.3333, 0.35, 0.3667, 0.3833, 0.4, 0.4167, 0.4333, 0.45, 0.4667, 0.4833, 0.5, 0.5167, 0.5333, 0.55, 0.5667, 0.5833, 0.6, 0.6167, 0.6333, 0.65, 0.6667, 0.6833, 0.7, 0.7167, 0.7333, 0.75, 0.7667, 0.7833, 0.8, 0.8167, 0.8333, 0.85, 0.8667, 0.8833, 0.9, 0.9167, 0.9333, 0.95, 0.9667, 0.9833, 1.0, 1.0167, 1.0333, 1.05, 1.0667, 1.0833, 1.1, 1.1167, 1.1333, 1.15, 1.1667, 1.1833, 1.2, 1.2167, 1.2333, 1.25, 1.2667, 1.2833, 1.3, 1.3167, 1.3333, 1.35, 1.3667, 1.3833, 1.4, 1.4167, 1.4333, 1.45, 1.4667, 1.4833, 1.5, 1.5167, 1.5333, 1.55, 1.5667, 1.5833, 1.6, 1.6167, 1.6333, 1.65, 1.6667, 1.6833, 1.7, 1.7167, 1.7333, 1.75, 1.7667, 1.7833, 1.8, 1.8167, 1.8333, 1.85, 1.8667, 1.8833, 1.9, 1.9167, 1.9333, 1.95, 1.9667, 1.9833, 2.0, 2.0167, 2.0333],
            "transform": [
                [1.0, -0.000615, -0.000299, 0.0, 0.000678, 0.83513, 0.550035, 0.375166, -8.8e-05, -0.550063, 0.835138, 0.0, 0.0, 0.0, 0.0, 1.0],
                [1.0, -0.000628, -0.000308, -0.0, 0.000693, 0.827239, 0.561833, 0.375166, -9.8e-05, -0.561861, 0.827247, -0.0, 0.0, 0.0, 0.0, 1.0],
                [1.0, -0.000668, -0.000337, -0.0, 0.000737, 0.801877, 0.597471, 0.375166, -0.000129, -0.597501, 0.801886, 0.0, 0.0, 0.0, 0.0, 1.0],
                [1.0, -0.00073, -0.000386, 0.0, 0.000805, 0.757785, 0.652485, 0.375166, -0.000184, -0.652518, 0.757795, -0.0, 0.0, 0.0, 0.0, 1.0],
                [1.0, -0.000804, -0.000456, 0.0, 0.000887, 0.694987, 0.719003, 0.375166, -0.000261, -0.719038, 0.694999, -0.0, 0.0, 0.0, 0.0, 1.0],
                [0.999999, -0.000881, -0.000545, 0.0, 0.000971, 0.615921, 0.787789, 0.375166, -0.000359, -0.787826, 0.615934, 0.0, 0.0, 0.0, 0.0, 1.0],
                [0.999999, -0.000952, -0.000647, 0.0, 0.00105, 0.524671, 0.851286, 0.375166, -0.000471, -0.851324, 0.524685, -0.0, 0.0, 0.0, 0.0, 1.0],
                [0.999999, -0.001011, -0.000756, -0.0, 0.001115, 0.427035, 0.904217, 0.375166, -0.000592, -0.904255, 0.427048, -0.0, 0.0, 0.0, 0.0, 1.0],
                [0.999999, -0.001056, -0.000866, 0.0, 0.001165, 0.328192, 0.944594, 0.375166, -0.000714, -0.944631, 0.328205, -0.0, 0.0, 0.0, 0.0, 1.0],
                [0.999999, -0.001088, -0.000973, -0.0, 0.0012, 0.232375, 0.972609, 0.375166, -0.000832, -0.972646, 0.232387, 0.0, 0.0, 0.0, 0.0, 1.0],
                [0.999999, -0.001107, -0.001075, 0.0, 0.001221, 0.14177, 0.989883, 0.375166, -0.000943, -0.989918, 0.141781, 0.0, 0.0, 0.0, 0.0, 1.0],
                [0.999999, -0.001117, -0.001284, 0.0, 0.001232, -0.04544, 0.998951, 0.375166, -0.001174, -0.998983, -0.04543, -0.0, 0.0, 0.0, 0.0, 1.0],
                [0.999998, -0.001081, -0.001519, -0.0, 0.001192, -0.255856, 0.9667, 0.375166, -0.001434, -0.966727, -0.255846, 0.0, 0.0, 0.0, 0.0, 1.0],
                [0.999998, -0.001004, -0.001725, 0.0, 0.001107, -0.440178, 0.897898, 0.375166, -0.001661, -0.897919, -0.440167, 0.0, 0.0, 0.0, 0.0, 1.0],
                [0.999998, -0.000932, -0.001852, -0.0, 0.001028, -0.552995, 0.833174, 0.375166, -0.0018, -0.83319, -0.552983, -0.0, 0.0, 0.0, 0.0, 1.0],
                [0.999998, -0.000904, -0.001891, -0.0, 0.000998, -0.588085, 0.808789, 0.375166, -0.001844, -0.808805, -0.588072, -0.0, 0.0, 0.0, 0.0, 1.0],
                [0.999998, -0.000943, -0.001835, -0.0, 0.00104, -0.538162, 0.84283, 0.375166, -0.001782, -0.842848, -0.53815, -0.0, 0.0, 0.0, 0.0, 1.0],
                [0.999998, -0.001036, -0.001655, -0.0, 0.001142, -0.377242, 0.926101, 0.375166, -0.001584, -0.926125, -0.377231, -0.0, 0.0, 0.0, 0.0, 1.0],
