{
    "animation": [
        {
            "name": "Root",
            "time": [0.0, 0.0167, 0.0333, 0.05, 0.0667, 0.0833, 0.1, 0.1167, 0.1333, 0.15, 0.1667, 0.1833, 0.2, 0.2167, 0.2333, 0.25, 0.2667, 0.2833, 0.3, 0.3167, 0.3333, 0.35, 0.3667, 0.3833, 0.4, 0.4167, 0.4333, 0.45, 0.4667, 0.4833, 0.5, 0.5167, 0.5333, 0.55, 0.5667, 0.5833, 0.6, 0.6167, 0.6333, 0.65, 0.6667, 0.6833, 0.7, 0.7167, 0.7333, 0.75, 0.7667, 0.7833, 0.8, 0.8167, 0.8333, 0.85, 0.8667, 0.8833, 0.9, 0.9167, 0.9333, 0.95, 0.9667, 0.9833, 1.0, 1.0167, 1.0333, 1.05, 1.0667, 1.0833, 1.1, 1.1167, 1.1333, 1.15, 1.1667, 1.1833, 1.2, 1.2167, 1.2333, 1.25, 1.2667, 1.2833, 1.3, 1.3167, 1.3333, 1.35, 1.3667, 1.3833, 1.4, 1.4167, 1.4333, 1.45, 1.4667, 1.4833, 1.5, 1.5167, 1.5333, 1.55, 1.5667, 1.5833, 1.6, 1.6167, 1.6333, 1.65, 1.6667],
            "transform": [
                [1.0, 0.0, -0.0, -5e-06, -0.0, 0.0, -1.0, 0.000946, 0.0, 1.0, 0.0, 0.728985, 0.0, 0.0, 0.0, 1.0],
                [0.999999, 0.0, -0.001298, -5e-06, -0.001298, 0.0, -0.999999, -0.009617, 0.0, 1.0, 0.0, 0.732556, 0.0, 0.0, 0.0, 1.0],
                [0.999983, 0.0, -0.005805, -5e-06, -0.005805, 0.0, -0.999983, -0.037114, 0.0, 1.0, 0.0, 0.740197, 0.0, 0.0, 0.0, 1.0],
                [0.999923, 0.0, -0.012438, -5e-06, -0.012438, 0.0, -0.999923, -0.062756, 0.0, 1.0, 0.0, 0.743768, 0.0, 0.0, 0.0, 1.0],
                [0.999787, 0.0, -0.020625, -5e-06, -0.020625, 0.0, -0.999787, -0.084991, 0.0, 1.0, 0.0, 0.733798, 0.0, 0.0, 0.0, 1.0],
                [0.999519, 0.0, -0.031026, -5e-06, -0.031026, 0.0, -0.999519, -0.110398, 0.0, 1.0, 0.0, 0.704074, 0.0, 0.0, 0.0, 1.0],
                [0.999098, 0.0, -0.042457, -5e-06, -0.042457, 0.0, -0.999098, -0.133683, 0.0, 1.0, 0.0, 0.661505, 0.0, 0.0, 0.0, 1.0],
                [0.998594, 0.0, -0.053013, -5e-06, -0.053013, 0.0, -0.998594, -0.148907, 0.0, 1.0, 0.0, 0.619782, 0.0, 0.0, 0.0, 1.0],
                [0.998109, 0.0, -0.061465, -5e-06, -0.061465, 0.0, -0.998109, -0.153819, 0.0, 1.0, 0.0, 0.589395, 0.0, 0.0, 0.0, 1.0],
                [0.997637, 0.0, -0.068706, -5e-06, -0.068706, 0.0, -0.997637, -0.125534, 0.0, 1.0, 0.0, 0.574294, 0.0, 0.0, 0.0, 1.0],
                [0.997251, 0.0, -0.074094, -5e-06, -0.074094, 0.0, -0.997251, -0.054136, 0.0, 1.0, 0.0, 0.565825, 0.0, 0.0, 0.0, 1.0],
                [0.997126, 0.0, -0.075768, -5e-06, -0.075768, 0.0, -0.997126, 0.007664, 0.0, 1.0, 0.0, 0.542559, 0.0, 0.0, 0.0, 1.0],
                [0.997126, 0.0, -0.075768, -0.010184, -0.075768, 0.0, -0.997126, 0.049753, 0.0, 1.0, 0.0, 0.495022, 0.0, 0.0, 0.0, 1.0],
                [0.997126, 0.0, -0.075768, -0.039083, -0.075768, 0.0, -0.997126, 0.087483, 0.0, 1.0, 0.0, 0.425146, 0.0, 0.0, 0.0, 1.0],
                [0.997126, 0.0, -0.075768, -0.076798, -0.075768, 0.0, -0.997126, 0.120326, 0.0, 1.0, 0.0, 0.351487, 0.0, 0.0, 0.0, 1.0],
                [0.997126, 0.0, -0.075768, -0.107354, -0.075768, 0.0, -0.997126, 0.149468, 0.0, 1.0, 0.0, 0.299124, 0.0, 0.0, 0.0, 1.0],
                [0.997126, 0.0, -0.075768, -0.120354, -0.075768, 0.0, -0.997126, 0.176944, 0.0, 1.0, 0.0, 0.281384, 0.0, 0.0, 0.0, 1.0],
                [0.997126, 0.0, -0.075768, -0.123356, -0.075768, 0.0, -0.997126, 0.199657, 0.0, 1.0, 0.0, 0.281472, 0.0, 0.0, 0.0, 1.0],
                [0.997126, 0.0, -0.075768, -0.12587, -0.075768, 0.0, -0.997126, 0.214023, 0.0, 1.0, 0.0, 0.282186, 0.0, 0.0, 0.0, 1.0],
                [0.997126, 0.0, -0.075768, -0.127806, -0.075768, 0.0, -0.997126, 0.22242, 0.0, 1.0, 0.0, 0.284422, 0.0, 0.0, 0.0, 1.0],
                [0.997126, 0.0, -0.075768, -0.12913, -0.075768, 0.0, -0.997126, 0.229364, 0.0, 1.0, 0.0, 0.289244, 0.0, 0.0, 0.0, 1.0],
                [0.997126, 0.0, -0.075768, -0.129899, -0.075768, 0.0, -0.997126, 0.240703, 0.0, 1.0, 0.0, 0.297542, 0.0, 0.0, 0.0, 1.0],
                [0.997126, 0.0, -0.075768, -0.130255, -0.075768, 0.0, -0.997126, 0.261617, 0.0, 1.0, 0.0, 0.309681, 0.0, 0.0, 0.0, 1.0],
                [0.997126, 0.0, -0.075768, -0.130369, -0.075768, 0.0, -0.997126, 0.295, 0.0, 1.0, 0.0, 0.325441, 0.0, 0.0, 0.0, 1.0],
                [0.997126, 0.0, -0.075768, -0.130383, -0.075768, 0.0, -0.997126, 0.341388, 0.0, 1.0, 0.0, 0.34426, 0.0, 0.0, 0.0, 1.0],
                [0.997126, 0.0, -0.075768, -0.122941, -0.075768, 0.0, -0.997126, 0.457981, 0.0, 1.0, 0.0, 0.384293, 0.0, 0.0, 0.0, 1.0],
                [0.997126, 0.0, -0.075768, -0.104737, -0.075768, 0.0, -0.997126, 0.645223, 0.0, 1.0, 0.0, 0.457845, 0.0, 0.0, 0.0, 1.0],
                [0.997126, 0.0, -0.075768, -0.090267, -0.075768, 0.0, -0.997126, 0.754915, 0.0, 1.0, 0.0, 0.531274, 0.0, 0.0, 0.0, 1.0],
                [0.997126, 0.0, -0.075768, -0.082604, -0.075768, 0.0, -0.997126, 0.793894, 0.0, 1.0, 0.0, 0.608417, 0.0, 0.0, 0.0, 1.0],
                [0.997126, 0.0, -0.075768, -0.077903, -0.075768, 0.0, -0.997126, 0.826389, 0.0, 1.0, 0.0, 0.699233, 0.0, 0.0, 0.0, 1.0],
                [0.997126, 0.0, -0.075768, -0.074528, -0.075768, 0.0, -0.997126, 0.865452, 0.0, 1.0, 0.0, 0.768843, 0.0, 0.0, 0.0, 1.0],
                [0.997126, 0.0, -0.075768, -0.070209, -0.075768, 0.0, -0.997126, 0.923877, 0.0, 1.0, 0.0, 0.792449, 0.0, 0.0, 0.0, 1.0],
                [0.997126, 0.0, -0.075768, -0.064968, -0.075768, 0.0, -0.997126, 0.994831, 0.0, 1.0, 0.0, 0.792437, 0.0, 0.0, 0.0, 1.0],
                [0.997126, 0.0, -0.075768, -0.059662, -0.075768, 0.0, -0.997126, 1.067975, 0.0, 1.0, 0.0, 0.792347, 0.0, 0.0, 0.0, 1.0],
                [0.997126, 0.0, -0.075768, -0.05429, -0.075768, 0.0, -0.997126, 1.141573, 0.0, 1.0, 0.0, 0.792074, 0.0, 0.0, 0.0, 1.0],
                [0.997126, 0.0, -0.075768, -0.048859, -0.075768, 0.0, -0.997126, 1.213868, 0.0, 1.0, 0.0, 0.791489, 0.0, 0.0, 0.0, 1.0],
                [0.997126, 0.0, -0.075768, -0.04338, -0.075768, 0.0, -0.997126, 1.283175, 0.0, 1.0, 0.0, 0.790444, 0.0, 0.0, 0.0, 1.0],
                [0.997126, 0.0, -0.075768, -0.037868, -0.075768, 0.0, -0.997126, 1.347957, 0.0, 1.0, 0.0, 0.788785, 0.0, 0.0, 0.0, 1.0],
                [0.997126, 0.0, -0.075768, -0.032345, -0.075768, 0.0, -0.997126, 1.406875, 0.0, 1.0, 0.0, 0.786373, 0.0, 0.0, 0.0, 1.0],
                [0.997126, 0.0, -0.075768, -0.026834, -0.075768, 0.0, -0.997126, 1.458818, 0.0, 1.0, 0.0, 0.783114, 0.0, 0.0, 0.0, 1.0],
                [0.997126, 0.0, -0.075768, -0.021354, -0.075768, 0.0, -0.997126, 1.502914, 0.0, 1.0, 0.0, 0.778966, 0.0, 0.0, 0.0, 1.0],
                [0.997126, 0.0, -0.075768, -0.015923, -0.075768, 0.0, -0.997126, 1.53852, 0.0, 1.0, 0.0, 0.773942, 0.0, 0.0, 0.0, 1.0],
                [0.997126, 0.0, -0.075768, -0.010551, -0.075768, 0.0, -0.997126, 1.565207, 0.0, 1.0, 0.0, 0.7681, 0.0, 0.0, 0.0, 1.0],
                [0.997126, 0.0, -0.075768, -0.005245, -0.075768, 0.0, -0.997126, 1.582738, 0.0, 1.0, 0.0, 0.76152, 0.0, 0.0, 0.0, 1.0],
                [0.997126, 0.0, -0.075768, -5e-06, -0.075768, 0.0, -0.997126, 1.591036, 0.0, 1.0, 0.0, 0.754294, 0.0, 0.0, 0.0, 1.0],
                [0.997126, 0.0, -0.075768, 0.005298, -0.075768, 0.0, -0.997126, 1.601409, 0.0, 1.0, 0.0, 0.71145, 0.0, 0.0, 0.0, 1.0],
                [0.997126, 0.0, -0.075768, 0.010627, -0.075768, 0.0, -0.997126, 1.622121, 0.0, 1.0, 0.0, 0.603727, 0.0, 0.0, 0.0, 1.0],
                [0.997126, 0.0, -0.075768, 0.015614, -0.075768, 0.0, -0.997126, 1.641606, 0.0, 1.0, 0.0, 0.474955, 0.0, 0.0, 0.0, 1.0],
                [0.997126, 0.0, -0.075768, 0.020054, -0.075768, 0.0, -0.997126, 1.648882, 0.0, 1.0, 0.0, 0.378975, 0.0, 0.0, 0.0, 1.0],
                [0.997126, 0.0, -0.075768, 0.024126, -0.075768, 0.0, -0.997126, 1.645588, 0.0, 1.0, 0.0, 0.307439, 0.0, 0.0, 0.0, 1.0],
                [0.997126, 0.0, -0.075768, 0.027571, -0.075768, 0.0, -0.997126, 1.636491, 0.0, 1.0, 0.0, 0.252699, 0.0, 0.0, 0.0, 1.0],
                [0.997126, 0.0, -0.075768, 0.030083, -0.075768, 0.0, -0.997126, 1.626882, 0.0, 1.0, 0.0, 0.235329, 0.0, 0.0, 0.0, 1.0],
                [0.997126, 0.0, -0.075768, 0.031504, -0.075768, 0.0, -0.997126, 1.618246, 0.0, 1.0, 0.0, 0.240196, 0.0, 0.0, 0.0, 1.0],
                [0.997126, 0.0, -0.075768, 0.031799, -0.075768, 0.0, -0.997126, 1.608918, 0.0, 1.0, 0.0, 0.255926, 0.0, 0.0, 0.0, 1.0],
                [0.997126, 0.0, -0.075768, 0.032177, -0.075768, 0.0, -0.997126, 1.599354, 0.0, 1.0, 0.0, 0.279745, 0.0, 0.0, 0.0, 1.0],
                [0.997126, 0.0, -0.075768, 0.033805, -0.075768, 0.0, -0.997126, 1.590119, 0.0, 1.0, 0.0, 0.305036, 0.0, 0.0, 0.0, 1.0],
                [0.997126, 0.0, -0.075768, 0.037844, -0.075768, 0.0, -0.997126, 1.81638, 0.0, 1.0, 0.0, 0.332995, 0.0, 0.0, 0.0, 1.0],
                [0.997126, 0.0, -0.075768, 0.044939, -0.075768, 0.0, -0.997126, 2.310703, 0.0, 1.0, 0.0, 0.367513, 0.0, 0.0, 0.0, 1.0],
                [0.997126, 0.0, -0.075768, 0.053817, -0.075768, 0.0, -0.997126, 2.536631, 0.0, 1.0, 0.0, 0.405579, 0.0, 0.0, 0.0, 1.0],
                [0.997126, 0.0, -0.075768, 0.062151, -0.075768, 0.0, -0.997126, 2.527614, 0.0, 1.0, 0.0, 0.441893, 0.0, 0.0, 0.0, 1.0],
                [0.997126, 0.0, -0.075768, 0.067754, -0.075768, 0.0, -0.997126, 2.519506, 0.0, 1.0, 0.0, 0.471597, 0.0, 0.0, 0.0, 1.0],
                [0.997126, 0.0, -0.075768, 0.069642, -0.075768, 0.0, -0.997126, 2.512387, 0.0, 1.0, 0.0, 0.49262, 0.0, 0.0, 0.0, 1.0],
                [0.997126, 0.0, -0.075768, 0.065093, -0.075768, 0.0, -0.997126, 2.506124, 0.0, 1.0, 0.0, 0.508072, 0.0, 0.0, 0.0, 1.0],
                [0.997126, 0.0, -0.075768, 0.051335, -0.075768, 0.0, -0.997126, 2.500669, 0.0, 1.0, 0.0, 0.52087, 0.0, 0.0, 0.0, 1.0],
                [0.997126, 0.0, -0.075768, 0.028979, -0.075768, 0.0, -0.997126, 2.495998, 0.0, 1.0, 0.0, 0.530761, 0.0, 0.0, 0.0, 1.0],
                [0.997126, 0.0, -0.075768, 4.9e-05, -0.075768, 0.0, -0.997126, 2.49197, 0.0, 1.0, 0.0, 0.537757, 0.0, 0.0, 0.0, 1.0],
                [0.997126, 0.0, -0.075768, -0.031968, -0.075768, 0.0, -0.997126, 2.488317, 0.0, 1.0, 0.0, 0.542259, 0.0, 0.0, 0.0, 1.0],
                [0.997126, 0.0, -0.075768, -0.062863, -0.075768, 0.0, -0.997126, 2.4847, 0.0, 1.0, 0.0, 0.545025, 0.0, 0.0, 0.0, 1.0],
                [0.997126, 0.0, -0.075768, -0.088922, -0.075768, 0.0, -0.997126, 2.480804, 0.0, 1.0, 0.0, 0.54695, 0.0, 0.0, 0.0, 1.0],
                [0.997126, 0.0, -0.075768, -0.107763, -0.075768, 0.0, -0.997126, 2.476414, 0.0, 1.0, 0.0, 0.548814, 0.0, 0.0, 0.0, 1.0],
                [0.997126, 0.0, -0.075768, -0.118404, -0.075768, 0.0, -0.997126, 2.471426, 0.0, 1.0, 0.0, 0.551158, 0.0, 0.0, 0.0, 1.0],
                [0.997126, 0.0, -0.075768, -0.12459, -0.075768, 0.0, -0.997126, 2.465861, 0.0, 1.0, 0.0, 0.553735, 0.0, 0.0, 0.0, 1.0],
                [0.997126, 0.0, -0.075768, -0.130101, -0.075768, 0.0, -0.997126, 2.459773, 0.0, 1.0, 0.0, 0.556032, 0.0, 0.0, 0.0, 1.0],
                [0.997126, 0.0, -0.075768, -0.134828, -0.075768, 0.0, -0.997126, 2.453218, 0.0, 1.0, 0.0, 0.558001, 0.0, 0.0, 0.0, 1.0],
                [0.997126, 0.0, -0.075768, -0.138685, -0.075768, 0.0, -0.997126, 2.446312, 0.0, 1.0, 0.0, 0.559608, 0.0, 0.0, 0.0, 1.0],
                [0.997126, 0.0, -0.075768, -0.141636, -0.075768, 0.0, -0.997126, 2.43924, 0.0, 1.0, 0.0, 0.560838, 0.0, 0.0, 0.0, 1.0],
                [0.997126, 0.0, -0.075768, -0.143719, -0.075768, 0.0, -0.997126, 2.432236, 0.0, 1.0, 0.0, 0.561705, 0.0, 0.0, 0.0, 1.0],
                [0.997126, 0.0, -0.075768, -0.145047, -0.075768, 0.0, -0.997126, 2.425548, 0.0, 1.0, 0.0, 0.562259, 0.0, 0.0, 0.0, 1.0],
                [0.997126, 0.0, -0.075768, -0.145791, -0.075768, 0.0, -0.997126, 2.419377, 0.0, 1.0, 0.0, 0.562569, 0.0, 0.0, 0.0, 1.0],
                [0.997126, 0.0, -0.075768, -0.146135, -0.075768, 0.0, -0.997126, 2.413858, 0.0, 1.0, 0.0, 0.562713, 0.0, 0.0, 0.0, 1.0],
                [0.997126, 0.0, -0.075768, -0.146248, -0.075768, 0.0, -0.997126, 2.409046, 0.0, 1.0, 0.0, 0.56276, 0.0, 0.0, 0.0, 1.0],
                [0.997126, 0.0, -0.075768, -0.146263, -0.075768, 0.0, -0.997126, 2.404939, 0.0, 1.0, 0.0, 0.562766, 0.0, 0.0, 0.0, 1.0],
                [0.997126, 0.0, -0.075768, -0.145944, -0.075768, 0.0, -0.997126, 2.401271, 0.0, 1.0, 0.0, 0.562642, 0.0, 0.0, 0.0, 1.0],
                [0.997126, 0.0, -0.075768, -0.144979, -0.075768, 0.0, -0.997126, 2.397811, 0.0, 1.0, 0.0, 0.56227, 0.0, 0.0, 0.0, 1.0],
                [0.997126, 0.0, -0.075768, -0.143367, -0.075768, 0.0, -0.997126, 2.39458, 0.0, 1.0, 0.0, 0.561648, 0.0, 0.0, 0.0, 1.0],
                [0.997126, 0.0, -0.075768, -0.141121, -0.075768, 0.0, -0.997126, 2.3916, 0.0, 1.0, 0.0, 0.560782, 0.0, 0.0, 0.0, 1.0],
                [0.997126, 0.0, -0.075768, -0.138274, -0.075768, 0.0, -0.997126, 2.388891, 0.0, 1.0, 0.0, 0.559684, 0.0, 0.0, 0.0, 1.0],
                [0.997126, 0.0, -0.075768, -0.134883, -0.075768, 0.0, -0.997126, 2.386469, 0.0, 1.0, 0.0, 0.558375, 0.0, 0.0, 0.0, 1.0],
                [0.997126, 0.0, -0.075768, -0.13103, -0.075768, 0.0, -0.997126, 2.384347, 0.0, 1.0, 0.0, 0.556889, 0.0, 0.0, 0.0, 1.0],
                [0.997126, 0.0, -0.075768, -0.126825, -0.075768, 0.0, -0.997126, 2.382529, 0.0, 1.0, 0.0, 0.555266, 0.0, 0.0, 0.0, 1.0],
                [0.997126, 0.0, -0.075768, -0.122397, -0.075768, 0.0, -0.997126, 2.381011, 0.0, 1.0, 0.0, 0.553558, 0.0, 0.0, 0.0, 1.0],
                [0.997126, 0.0, -0.075768, -0.117893, -0.075768, 0.0, -0.997126, 2.37978, 0.0, 1.0, 0.0, 0.551821, 0.0, 0.0, 0.0, 1.0],
                [0.997126, 0.0, -0.075768, -0.113466, -0.075768, 0.0, -0.997126, 2.378813, 0.0, 1.0, 0.0, 0.550112, 0.0, 0.0, 0.0, 1.0],
                [0.997126, 0.0, -0.075768, -0.10926, -0.075768, 0.0, -0.997126, 2.378083, 0.0, 1.0, 0.0, 0.54849, 0.0, 0.0, 0.0, 1.0],
                [0.997126, 0.0, -0.075768, -0.105407, -0.075768, 0.0, -0.997126, 2.377554, 0.0, 1.0, 0.0, 0.547004, 0.0, 0.0, 0.0, 1.0],
                [0.997126, 0.0, -0.075768, -0.102016, -0.075768, 0.0, -0.997126, 2.377191, 0.0, 1.0, 0.0, 0.545695, 0.0, 0.0, 0.0, 1.0],
                [0.997126, 0.0, -0.075768, -0.099169, -0.075768, 0.0, -0.997126, 2.376959, 0.0, 1.0, 0.0, 0.544597, 0.0, 0.0, 0.0, 1.0],
                [0.997126, 0.0, -0.075768, -0.096923, -0.075768, 0.0, -0.997126, 2.376823, 0.0, 1.0, 0.0, 0.54373, 0.0, 0.0, 0.0, 1.0],
                [0.997126, 0.0, -0.075768, -0.095311, -0.075768, 0.0, -0.997126, 2.376756, 0.0, 1.0, 0.0, 0.543108, 0.0, 0.0, 0.0, 1.0],
                [0.997126, 0.0, -0.075768, -0.094347, -0.075768, 0.0, -0.997126, 2.37673, 0.0, 1.0, 0.0, 0.542736, 0.0, 0.0, 0.0, 1.0],
                [0.997126, 0.0, -0.075768, -0.094028, -0.075768, 0.0, -0.997126, 2.376726, 0.0, 1.0, 0.0, 0.542613, 0.0, 0.0, 0.0, 1.0]
            ]
        },
        {
            "name": "Thigh_R",
            "time": [0.0, 0.0167, 0.0333, 0.05, 0.0667, 0.0833, 0.1, 0.1167, 0.1333, 0.15, 0.1667, 0.1833, 0.2, 0.2167, 0.2333, 0.25, 0.2667, 0.2833, 0.3, 0.3167, 0.3333, 0.35, 0.3667, 0.3833, 0.4, 0.4167, 0.4333, 0.45, 0.4667, 0.4833, 0.5, 0.5167, 0.5333, 0.55, 0.5667, 0.5833, 0.6, 0.6167, 0.6333, 0.65, 0.6667, 0.6833, 0.7, 0.7167, 0.7333, 0.75, 0.7667, 0.7833, 0.8, 0.8167, 0.8333, 0.85, 0.8667, 0.8833, 0.9, 0.9167, 0.9333, 0.95, 0.9667, 0.9833, 1.0, 1.0167, 1.0333, 1.05, 1.0667, 1.0833, 1.1, 1.1167, 1.1333, 1.15, 1.1667, 1.1833, 1.2, 1.2167, 1.2333, 1.25, 1.2667, 1.2833, 1.3, 1.3167, 1.3333, 1.35, 1.3667, 1.3833, 1.4, 1.4167, 1.4333, 1.45, 1.4667, 1.4833, 1.5, 1.5167, 1.5333, 1.55, 1.5667, 1.5833, 1.6, 1.6167, 1.6333, 1.65, 1.6667],
            "transform": [
                [0.902658, 0.093363, 0.42011, 0.133619, 0.0724, -0.995215, 0.065612, -0.002831, 0.424226, -0.02881, -0.905098, 0.045855, 0.0, 0.0, 0.0, 1.0],
                [0.911147, 0.102665, 0.399089, 0.134432, 0.068114, -0.992668, 0.099853, -0.001519, 0.406414, -0.063797, -0.911459, 0.045685, 0.0, 0.0, 0.0, 1.0],
                [0.933511, 0.113388, 0.340146, 0.136861, 0.064685, -0.986372, 0.151283, 0.002568, 0.352664, -0.119222, -0.928124, 0.044886, 0.0, 0.0, 0.0, 1.0],
                [0.9594, 0.10654, 0.261152, 0.140685, 0.074073, -0.988587, 0.131182, 0.009419, 0.272147, -0.106512, -0.956342, 0.042916, 0.0, 0.0, 0.0, 1.0],
                [0.979633, 0.106815, 0.170025, 0.145344, 0.093922, -0.992182, 0.082172, 0.018552, 0.177473, -0.064529, -0.982008, 0.039172, 0.0, 0.0, 0.0, 1.0],
                [0.98926, 0.12636, 0.07347, 0.150002, 0.121484, -0.990299, 0.067441, 0.028991, 0.081279, -0.057792, -0.995015, 0.0332, 0.0, 0.0, 0.0, 1.0],
                [0.988413, 0.151431, -0.010363, 0.153826, 0.151731, -0.987583, 0.040708, 0.03956, -0.004069, -0.041808, -0.999118, 0.024884, 0.0, 0.0, 0.0, 1.0],
                [0.980365, 0.182585, -0.07448, 0.156255, 0.183245, -0.983065, 0.002062, 0.049297, -0.072843, -0.01567, -0.99722, 0.014442, 0.0, 0.0, 0.0, 1.0],
                [0.968057, 0.218912, -0.122242, 0.157069, 0.217523, -0.975741, -0.024761, 0.057643, -0.124697, -0.002621, -0.992191, 0.002267, 0.0, 0.0, 0.0, 1.0],
                [0.940632, 0.280563, -0.191037, 0.151545, 0.295936, -0.953519, 0.056766, 0.065989, -0.166231, -0.10993, -0.97994, -0.014046, 0.0, 0.0, 0.0, 1.0],
                [0.876422, 0.362144, -0.317388, 0.135054, 0.43945, -0.870995, 0.219663, 0.075726, -0.196894, -0.331994, -0.922504, -0.036841, 0.0, 0.0, 0.0, 1.0],
                [0.805727, 0.403138, -0.433917, 0.109092, 0.557641, -0.763224, 0.326381, 0.086295, -0.199599, -0.504944, -0.839757, -0.064605, 0.0, 0.0, 0.0, 1.0],
                [0.734027, 0.409218, -0.541982, 0.077467, 0.657449, -0.628187, 0.416103, 0.096734, -0.17019, -0.661757, -0.730146, -0.094268, 0.0, 0.0, 0.0, 1.0],
                [0.637904, 0.390475, -0.663783, 0.045841, 0.762092, -0.444172, 0.471092, 0.105867, -0.110885, -0.806375, -0.580917, -0.121702, 0.0, 0.0, 0.0, 1.0],
                [0.563305, 0.416761, -0.713441, 0.019879, 0.825213, -0.32699, 0.460544, 0.112718, -0.041351, -0.848167, -0.528112, -0.143119, 0.0, 0.0, 0.0, 1.0],
                [0.533315, 0.512769, -0.672787, 0.003388, 0.84583, -0.311849, 0.432807, 0.116804, 0.012122, -0.799886, -0.600029, -0.156271, 0.0, 0.0, 0.0, 1.0],
                [0.528387, 0.566305, -0.63254, -0.002136, 0.84813, -0.318284, 0.423522, 0.118116, 0.038515, -0.760259, -0.648477, -0.16058, 0.0, 0.0, 0.0, 1.0],
                [0.529378, 0.559053, -0.638137, 8.3e-05, 0.846811, -0.302385, 0.437577, 0.117147, 0.051666, -0.772025, -0.633489, -0.16054, 0.0, 0.0, 0.0, 1.0],
                [0.533152, 0.546032, -0.646218, 0.006774, 0.843515, -0.284355, 0.455658, 0.114167, 0.065048, -0.788029, -0.612191, -0.160221, 0.0, 0.0, 0.0, 1.0],
                [0.540452, 0.525214, -0.657314, 0.017744, 0.837753, -0.263501, 0.478265, 0.109155, 0.077988, -0.809146, -0.582409, -0.15924, 0.0, 0.0, 0.0, 1.0],
                [0.551778, 0.497873, -0.669076, 0.032361, 0.829128, -0.240971, 0.50446, 0.10225, 0.089929, -0.8331, -0.545763, -0.157117, 0.0, 0.0, 0.0, 1.0],
                [0.566882, 0.468163, -0.67784, 0.049471, 0.817614, -0.219109, 0.532445, 0.093802, 0.10075, -0.856046, -0.506986, -0.153321, 0.0, 0.0, 0.0, 1.0],
                [0.584567, 0.442685, -0.679935, 0.067473, 0.803744, -0.201519, 0.559808, 0.084368, 0.110798, -0.873739, -0.473607, -0.147366, 0.0, 0.0, 0.0, 1.0],
                [0.602929, 0.428656, -0.672852, 0.084583, 0.788617, -0.192666, 0.583921, 0.074626, 0.120666, -0.882685, -0.45421, -0.13892, 0.0, 0.0, 0.0, 1.0],
                [0.619853, 0.432395, -0.654841, 0.099201, 0.773721, -0.197553, 0.601936, 0.065237, 0.130908, -0.879777, -0.457008, -0.127877, 0.0, 0.0, 0.0, 1.0],
                [0.663837, 0.469187, -0.582395, 0.110172, 0.734429, -0.261959, 0.626092, 0.056729, 0.141191, -0.843351, -0.518483, -0.114338, 0.0, 0.0, 0.0, 1.0],
                [0.749315, 0.543239, -0.378707, 0.116863, 0.644305, -0.465967, 0.60642, 0.049444, 0.152966, -0.698403, -0.699167, -0.098551, 0.0, 0.0, 0.0, 1.0],
                [0.818749, 0.538725, -0.198558, 0.119083, 0.547456, -0.628285, 0.552765, 0.043551, 0.173038, -0.561278, -0.809336, -0.080825, 0.0, 0.0, 0.0, 1.0],
                [0.8693, 0.486457, -0.087621, 0.119083, 0.453777, -0.715137, 0.531662, 0.038736, 0.195969, -0.501934, -0.842412, -0.049018, 0.0, 0.0, 0.0, 1.0],
                [0.907891, 0.417152, 0.041456, 0.119081, 0.35521, -0.818038, 0.452371, 0.034827, 0.22262, -0.395978, -0.890866, 0.003107, 0.0, 0.0, 0.0, 1.0],
                [0.926789, 0.310157, 0.211813, 0.119079, 0.272728, -0.943497, 0.188237, 0.031801, 0.258228, -0.116688, -0.959011, 0.052431, 0.0, 0.0, 0.0, 1.0],
                [0.922195, 0.285924, 0.260393, 0.119078, 0.233733, -0.948517, 0.21374, 0.029211, 0.308101, -0.136247, -0.941547, 0.077165, 0.0, 0.0, 0.0, 1.0],
                [0.906634, 0.27518, 0.31983, 0.118273, 0.212383, -0.95265, 0.217604, 0.026696, 0.364566, -0.129361, -0.922148, 0.086963, 0.0, 0.0, 0.0, 1.0],
                [0.884583, 0.26846, 0.381368, 0.11584, 0.194899, -0.955677, 0.22067, 0.0242, 0.423706, -0.120873, -0.897699, 0.096013, 0.0, 0.0, 0.0, 1.0],
                [0.855465, 0.264906, 0.444978, 0.111772, 0.180792, -0.957969, 0.222731, 0.021738, 0.485278, -0.11009, -0.867402, 0.104272, 0.0, 0.0, 0.0, 1.0],
                [0.81868, 0.263522, 0.510214, 0.106097, 0.169734, -0.959836, 0.223395, 0.019323, 0.548592, -0.096289, -0.830527, 0.111708, 0.0, 0.0, 0.0, 1.0],
                [0.773813, 0.26323, 0.576127, 0.098884, 0.16169, -0.961514, 0.222141, 0.016973, 0.612429, -0.078742, -0.786594, 0.118298, 0.0, 0.0, 0.0, 1.0],
                [0.719984, 0.316976, 0.617373, 0.090256, 0.159865, -0.941426, 0.296918, 0.014707, 0.675327, -0.11508, -0.728485, 0.124037, 0.0, 0.0, 0.0, 1.0],
                [0.658682, 0.367901, 0.656344, 0.080394, 0.161561, -0.921117, 0.354177, 0.012545, 0.734871, -0.127251, -0.666162, 0.128937, 0.0, 0.0, 0.0, 1.0],
                [0.591353, 0.409035, 0.694976, 0.069538, 0.16764, -0.905339, 0.390202, 0.010508, 0.788796, -0.114241, -0.603946, 0.13304, 0.0, 0.0, 0.0, 1.0],
                [0.519837, 0.444009, 0.729812, 0.057983, 0.179566, -0.892021, 0.414793, 0.008615, 0.83518, -0.084576, -0.543435, 0.136409, 0.0, 0.0, 0.0, 1.0],
                [0.446429, 0.471104, 0.760764, 0.046067, 0.198401, -0.881139, 0.429221, 0.006885, 0.872547, -0.040681, -0.486834, 0.139135, 0.0, 0.0, 0.0, 1.0],
                [0.373474, 0.487528, 0.789198, 0.034152, 0.224866, -0.872964, 0.432861, 0.005331, 0.899974, 0.015802, -0.435658, 0.141328, 0.0, 0.0, 0.0, 1.0],
                [0.303067, 0.490277, 0.817177, 0.022597, 0.259241, -0.867583, 0.424373, 0.003962, 0.91703, 0.083232, -0.390036, 0.143113, 0.0, 0.0, 0.0, 1.0],
                [0.236909, 0.475571, 0.847176, 0.011741, 0.301241, -0.86498, 0.401325, 0.002782, 0.923649, 0.160127, -0.348183, 0.14462, 0.0, 0.0, 0.0, 1.0],
                [0.167669, 0.517766, 0.838931, 0.001879, 0.38725, -0.817166, 0.426938, 0.00179, 0.906601, 0.253292, -0.337518, 0.145978, 0.0, 0.0, 0.0, 1.0],
                [0.082268, 0.577549, 0.812201, -0.006749, 0.559162, -0.701353, 0.442088, 0.000981, 0.824966, 0.417782, -0.380643, 0.147304, 0.0, 0.0, 0.0, 1.0],
                [-0.013019, 0.515338, 0.856888, -0.013961, 0.763653, -0.548086, 0.341226, 0.000346, 0.645495, 0.658808, -0.386404, 0.1487, 0.0, 0.0, 0.0, 1.0],
                [-0.082896, 0.322057, 0.943084, -0.019636, 0.891287, -0.399374, 0.214727, -0.000126, 0.445798, 0.858358, -0.253939, 0.150254, 0.0, 0.0, 0.0, 1.0],
                [-0.127169, 0.098364, 0.986992, -0.023704, 0.949085, -0.27707, 0.149897, -0.000449, 0.28821, 0.955802, -0.058121, 0.152032, 0.0, 0.0, 0.0, 1.0],
                [-0.155747, -0.06667, 0.985545, -0.026136, 0.971593, -0.190312, 0.140668, -0.000634, 0.178183, 0.979457, 0.094416, 0.154087, 0.0, 0.0, 0.0, 1.0],
                [-0.167125, -0.113128, 0.979424, -0.026941, 0.975512, -0.163045, 0.147625, -0.000696, 0.142989, 0.980111, 0.137606, 0.156455, 0.0, 0.0, 0.0, 1.0],
                [-0.172458, -0.088449, 0.981038, -0.026927, 0.973397, -0.167832, 0.155983, 0.000778, 0.150853, 0.98184, 0.11504, 0.158911, 0.0, 0.0, 0.0, 1.0],
                [-0.178187, -0.068227, 0.981629, -0.026883, 0.967224, -0.195551, 0.161981, 0.005237, 0.180907, 0.978317, 0.100835, 0.161192, 0.0, 0.0, 0.0, 1.0],
                [-0.188583, -0.057764, 0.980357, -0.026811, 0.955549, -0.241166, 0.169601, 0.012623, 0.226632, 0.968763, 0.100677, 0.163267, 0.0, 0.0, 0.0, 1.0],
                [-0.206403, -0.059287, 0.976669, -0.026713, 0.939051, -0.292455, 0.1807, 0.022684, 0.274919, 0.954439, 0.116038, 0.165103, 0.0, 0.0, 0.0, 1.0],
                [-0.231797, -0.079189, 0.969536, -0.026594, 0.916928, -0.350601, 0.190584, 0.034932, 0.324828, 0.933171, 0.153879, 0.166676, 0.0, 0.0, 0.0, 1.0],
                [-0.264277, -0.128365, 0.955866, -0.026461, 0.887158, -0.421108, 0.188729, 0.048624, 0.378297, 0.897881, 0.225169, 0.167969, 0.0, 0.0, 0.0, 1.0],
                [-0.301221, -0.212809, 0.929504, -0.026322, 0.851831, -0.498135, 0.162002, 0.062823, 0.428544, 0.840579, 0.331326, 0.168984, 0.0, 0.0, 0.0, 1.0],
                [-0.338912, -0.362592, 0.868139, -0.026189, 0.814664, -0.574661, 0.078019, 0.076516, 0.470596, 0.733683, 0.490151, 0.16974, 0.0, 0.0, 0.0, 1.0],
                [-0.371604, -0.439799, 0.817611, -0.02607, 0.783227, -0.621356, 0.021745, 0.088765, 0.498464, 0.648455, 0.575361, 0.170266, 0.0, 0.0, 0.0, 1.0],
                [-0.395948, -0.434352, 0.809051, -0.025971, 0.760665, -0.6487, 0.024003, 0.098829, 0.514406, 0.624921, 0.587248, 0.170606, 0.0, 0.0, 0.0, 1.0],
                [-0.414193, -0.424284, 0.80525, -0.025899, 0.741775, -0.670043, 0.028499, 0.106218, 0.52746, 0.609118, 0.59225, 0.170804, 0.0, 0.0, 0.0, 1.0],
                [-0.427747, -0.406373, 0.807399, -0.025856, 0.723037, -0.689879, 0.03583, 0.110681, 0.542448, 0.599105, 0.588917, 0.170898, 0.0, 0.0, 0.0, 1.0],
                [-0.43652, -0.380914, 0.81508, -0.025842, 0.704486, -0.708204, 0.046324, 0.112158, 0.559597, 0.594434, 0.577494, 0.170923, 0.0, 0.0, 0.0, 1.0],
                [-0.442778, -0.348777, 0.826016, -0.025842, 0.685581, -0.725419, 0.061199, 0.112158, 0.577863, 0.593398, 0.560315, 0.170924, 0.0, 0.0, 0.0, 1.0],
                [-0.4487, -0.312536, 0.837251, -0.025842, 0.666221, -0.741421, 0.080277, 0.112158, 0.595666, 0.593814, 0.540894, 0.170924, 0.0, 0.0, 0.0, 1.0],
                [-0.453948, -0.276624, 0.847001, -0.025842, 0.647656, -0.755283, 0.10044, 0.112158, 0.611941, 0.59416, 0.522017, 0.170924, 0.0, 0.0, 0.0, 1.0],
                [-0.458292, -0.245608, 0.854193, -0.025842, 0.63112, -0.76663, 0.118178, 0.112158, 0.625824, 0.593258, 0.506348, 0.170923, 0.0, 0.0, 0.0, 1.0],
                [-0.460882, -0.118093, 0.879569, -0.025842, 0.620926, -0.751026, 0.224522, 0.112158, 0.634065, 0.649625, 0.419462, 0.170924, 0.0, 0.0, 0.0, 1.0],
                [-0.463231, -0.074227, 0.883124, -0.025842, 0.611648, -0.747888, 0.257972, 0.112158, 0.641329, 0.659662, 0.391846, 0.170924, 0.0, 0.0, 0.0, 1.0],
                [-0.465156, -0.048933, 0.883875, -0.025842, 0.603673, -0.747824, 0.276293, 0.112158, 0.647463, 0.662091, 0.377395, 0.170923, 0.0, 0.0, 0.0, 1.0],
                [-0.467012, -0.02504, 0.883897, -0.025842, 0.595762, -0.747575, 0.293596, 0.112158, 0.653427, 0.663705, 0.364044, 0.170924, 0.0, 0.0, 0.0, 1.0],
                [-0.468772, -0.002657, 0.883315, -0.025842, 0.588039, -0.747141, 0.309823, 0.112158, 0.659138, 0.66466, 0.351802, 0.170924, 0.0, 0.0, 0.0, 1.0],
                [-0.470409, 0.017934, 0.882266, -0.025842, 0.58065, -0.746573, 0.324768, 0.112158, 0.664501, 0.665062, 0.340781, 0.170924, 0.0, 0.0, 0.0, 1.0],
                [-0.471894, 0.036448, 0.880902, -0.025842, 0.573755, -0.74593, 0.338221, 0.112158, 0.669419, 0.665026, 0.331088, 0.170923, 0.0, 0.0, 0.0, 1.0],
                [-0.473206, 0.052683, 0.879375, -0.025842, 0.567496, -0.745271, 0.350028, 0.112158, 0.673813, 0.664677, 0.322769, 0.170923, 0.0, 0.0, 0.0, 1.0],
                [-0.474336, 0.066486, 0.87783, -0.025842, 0.561963, -0.744685, 0.360059, 0.112158, 0.677645, 0.664096, 0.315868, 0.170923, 0.0, 0.0, 0.0, 1.0],
                [-0.475289, 0.077919, 0.876373, -0.025842, 0.557179, -0.744225, 0.368348, 0.112158, 0.68092, 0.663368, 0.310308, 0.170924, 0.0, 0.0, 0.0, 1.0],
                [-0.476083, 0.087349, 0.875052, -0.025842, 0.553111, -0.743847, 0.375179, 0.112158, 0.683676, 0.662617, 0.305819, 0.170923, 0.0, 0.0, 0.0, 1.0],
                [-0.476739, 0.09492, 0.873905, -0.025842, 0.549675, -0.743623, 0.380633, 0.112158, 0.685986, 0.661827, 0.302339, 0.170923, 0.0, 0.0, 0.0, 1.0],
                [-0.477282, 0.101022, 0.872924, -0.025842, 0.546779, -0.743509, 0.385003, 0.112158, 0.687921, 0.661051, 0.299627, 0.170924, 0.0, 0.0, 0.0, 1.0],
                [-0.477712, 0.105903, 0.87211, -0.025842, 0.544453, -0.743394, 0.388505, 0.112158, 0.689465, 0.660416, 0.297469, 0.170924, 0.0, 0.0, 0.0, 1.0],
                [-0.478011, 0.109558, 0.871494, -0.025842, 0.542816, -0.743198, 0.391162, 0.112158, 0.690547, 0.660041, 0.295787, 0.170924, 0.0, 0.0, 0.0, 1.0],
                [-0.478178, 0.112099, 0.87108, -0.025842, 0.5419, -0.742857, 0.393073, 0.112158, 0.691151, 0.659997, 0.294472, 0.170924, 0.0, 0.0, 0.0, 1.0],
                [-0.47821, 0.113357, 0.870899, -0.025842, 0.541712, -0.742455, 0.394092, 0.112158, 0.691276, 0.660235, 0.293643, 0.170924, 0.0, 0.0, 0.0, 1.0],
                [-0.47811, 0.113412, 0.870947, -0.025842, 0.542245, -0.741964, 0.394284, 0.112158, 0.690927, 0.660778, 0.293244, 0.170923, 0.0, 0.0, 0.0, 1.0],
                [-0.477883, 0.112308, 0.871214, -0.025842, 0.543467, -0.741391, 0.393678, 0.112158, 0.690124, 0.661608, 0.293263, 0.170924, 0.0, 0.0, 0.0, 1.0],
                [-0.477538, 0.110127, 0.871682, -0.025842, 0.545315, -0.74075, 0.392328, 0.112158, 0.688904, 0.662693, 0.293682, 0.170923, 0.0, 0.0, 0.0, 1.0],
                [-0.477088, 0.106993, 0.872318, -0.025842, 0.5477, -0.740051, 0.390318, 0.112158, 0.687322, 0.663985, 0.29447, 0.170924, 0.0, 0.0, 0.0, 1.0],
                [-0.476554, 0.10308, 0.873081, -0.025842, 0.550501, -0.739314, 0.387767, 0.112158, 0.685452, 0.665424, 0.295577, 0.170923, 0.0, 0.0, 0.0, 1.0],
                [-0.475959, 0.0986, 0.873923, -0.025842, 0.553578, -0.738556, 0.384819, 0.112158, 0.683384, 0.666943, 0.29694, 0.170923, 0.0, 0.0, 0.0, 1.0],
                [-0.475331, 0.09379, 0.874794, -0.025842, 0.55678, -0.7378, 0.381637, 0.112158, 0.681216, 0.668472, 0.298479, 0.170923, 0.0, 0.0, 0.0, 1.0],
                [-0.4747, 0.088902, 0.875646, -0.025842, 0.559955, -0.737069, 0.378392, 0.112158, 0.679051, 0.669945, 0.300105, 0.170924, 0.0, 0.0, 0.0, 1.0],
                [-0.474094, 0.08418, 0.876441, -0.025842, 0.562961, -0.736384, 0.375251, 0.112158, 0.676986, 0.671306, 0.301725, 0.170923, 0.0, 0.0, 0.0, 1.0],
                [-0.473539, 0.079843, 0.877147, -0.025842, 0.565678, -0.735768, 0.372362, 0.112158, 0.675107, 0.67251, 0.30325, 0.170923, 0.0, 0.0, 0.0, 1.0],
                [-0.473058, 0.076076, 0.877741, -0.025842, 0.568007, -0.735239, 0.369852, 0.112158, 0.673486, 0.673524, 0.304599, 0.170924, 0.0, 0.0, 0.0, 1.0],
                [-0.472668, 0.073021, 0.87821, -0.025842, 0.569877, -0.734813, 0.367817, 0.112158, 0.672179, 0.674327, 0.30571, 0.170923, 0.0, 0.0, 0.0, 1.0],
                [-0.472383, 0.070782, 0.878547, -0.025842, 0.571239, -0.734501, 0.366324, 0.112158, 0.671223, 0.674905, 0.306533, 0.170924, 0.0, 0.0, 0.0, 1.0],
                [-0.472209, 0.069419, 0.878749, -0.025842, 0.572064, -0.734312, 0.365416, 0.112158, 0.670642, 0.675253, 0.307037, 0.170923, 0.0, 0.0, 0.0, 1.0],
                [-0.472151, 0.068963, 0.878816, -0.025842, 0.572339, -0.734248, 0.365112, 0.112158, 0.670448, 0.675369, 0.307206, 0.170924, 0.0, 0.0, 0.0, 1.0]
            ]
        },
        {
            "name": "Leg_R",
            "time": [0.0, 0.0167, 0.0333, 0.05, 0.0667, 0.0833, 0.1, 0.1167, 0.1333, 0.15, 0.1667, 0.1833, 0.2, 0.2167, 0.2333, 0.25, 0.2667, 0.2833, 0.3, 0.3167, 0.3333, 0.35, 0.3667, 0.3833, 0.4, 0.4167, 0.4333, 0.45, 0.4667, 0.4833, 0.5, 0.5167, 0.5333, 0.55, 0.5667, 0.5833, 0.6, 0.6167, 0.6333, 0.65, 0.6667, 0.6833, 0.7, 0.7167, 0.7333, 0.75, 0.7667, 0.7833, 0.8, 0.8167, 0.8333, 0.85, 0.8667, 0.8833, 0.9, 0.9167, 0.9333, 0.95, 0.9667, 0.9833, 1.0, 1.0167, 1.0333, 1.05, 1.0667, 1.0833, 1.1, 1.1167, 1.1333, 1.15, 1.1667, 1.1833, 1.2, 1.2167, 1.2333, 1.25, 1.2667, 1.2833, 1.3, 1.3167, 1.3333, 1.35, 1.3667, 1.3833, 1.4, 1.4167, 1.4333, 1.45, 1.4667, 1.4833, 1.5, 1.5167, 1.5333, 1.55, 1.5667, 1.5833, 1.6, 1.6167, 1.6333, 1.65, 1.6667],
            "transform": [
                [0.999941, -0.01074, -0.001728, -0.0, 0.010774, 0.955839, 0.293693, 0.374721, -0.001503, -0.293694, 0.955898, 0.0, 0.0, 0.0, 0.0, 1.0],
                [0.999918, -0.012585, -0.002349, -0.0, 0.012625, 0.938831, 0.344146, 0.374721, -0.002126, -0.344147, 0.938913, -0.0, 0.0, 0.0, 0.0, 1.0],
                [0.999879, -0.015179, -0.003415, -0.0, 0.015227, 0.909653, 0.41509, 0.374721, -0.003195, -0.415092, 0.909774, 0.0, 0.0, 0.0, 0.0, 1.0],
                [0.999894, -0.014272, -0.003015, 0.0, 0.014317, 0.920586, 0.390278, 0.374721, -0.002794, -0.390279, 0.920692, 0.0, 0.0, 0.0, 0.0, 1.0],
                [0.999903, -0.013672, -0.002767, -0.0, 0.013715, 0.927377, 0.373876, 0.374721, -0.002545, -0.373877, 0.927475, 0.0, 0.0, 0.0, 0.0, 1.0],
                [0.999832, -0.0177, -0.004685, -0.0, 0.017756, 0.874872, 0.484029, 0.374721, -0.004469, -0.484031, 0.87504, 0.0, 0.0, 0.0, 0.0, 1.0],
                [0.999733, -0.021893, -0.007394, -0.0, 0.021962, 0.800696, 0.598668, 0.374721, -0.007186, -0.59867, 0.800963, 0.0, 0.0, 0.0, 0.0, 1.0],
                [0.999656, -0.02446, -0.009502, -0.0, 0.024537, 0.742971, 0.668874, 0.374721, -0.009301, -0.668877, 0.743315, 0.0, 0.0, 0.0, 0.0, 1.0],
                [0.999611, -0.025753, -0.010724, 0.0, 0.025834, 0.709496, 0.704235, 0.374721, -0.010527, -0.704238, 0.709886, 0.0, 0.0, 0.0, 0.0, 1.0],
                [0.999391, -0.030638, -0.016729, -0.0, 0.030735, 0.545076, 0.837824, 0.374721, -0.016551, -0.837827, 0.545685, 0.0, 0.0, 0.0, 0.0, 1.0],
                [0.998984, -0.035464, -0.027821, -0.0, 0.035576, 0.241339, 0.969788, 0.374721, -0.027678, -0.969792, 0.242355, 0.0, 0.0, 0.0, 0.0, 1.0],
                [0.998772, -0.036417, -0.033588, -0.0, 0.036532, 0.083423, 0.995845, 0.374721, -0.033464, -0.995849, 0.084651, 0.0, 0.0, 0.0, 0.0, 1.0],
                [0.998724, -0.036504, -0.034911, -0.0, 0.036619, 0.047204, 0.998214, 0.374721, -0.034791, -0.998218, 0.04848, 0.0, 0.0, 0.0, 0.0, 1.0],
                [0.998858, -0.036143, -0.03124, -0.0, 0.036257, 0.147713, 0.988365, 0.374721, -0.031108, -0.98837, 0.148855, -0.0, 0.0, 0.0, 0.0, 1.0],
                [0.999257, -0.032718, -0.020367, -0.0, 0.032821, 0.445467, 0.894696, 0.374721, -0.0202, -0.8947, 0.44621, 0.0, 0.0, 0.0, 0.0, 1.0],
                [0.999674, -0.023889, -0.008998, 0.0, 0.023964, 0.756751, 0.653264, 0.374721, -0.008796, -0.653267, 0.757077, 0.0, 0.0, 0.0, 0.0, 1.0],
                [0.999789, -0.019671, -0.005857, -0.0, 0.019733, 0.842769, 0.537914, 0.374721, -0.005645, -0.537916, 0.84298, 0.0, 0.0, 0.0, 0.0, 1.0],
                [0.999717, -0.022456, -0.007823, 0.0, 0.022527, 0.788927, 0.614074, 0.374721, -0.007618, -0.614077, 0.78921, -0.0, 0.0, 0.0, 0.0, 1.0],
                [0.999647, -0.024714, -0.009732, 0.0, 0.024791, 0.736659, 0.67581, 0.374721, -0.009532, -0.675813, 0.737011, -0.0, 0.0, 0.0, 0.0, 1.0],
                [0.999574, -0.026734, -0.011736, 0.0, 0.026818, 0.68178, 0.731066, 0.374721, -0.011543, -0.731069, 0.682206, -0.0, 0.0, 0.0, 0.0, 1.0],
                [0.999491, -0.028665, -0.013983, 0.0, 0.028756, 0.620258, 0.783871, 0.374721, -0.013797, -0.783875, 0.620767, 0.0, 0.0, 0.0, 0.0, 1.0],
                [0.999395, -0.030562, -0.016613, 0.0, 0.030658, 0.548259, 0.835746, 0.374721, -0.016434, -0.83575, 0.548865, -0.0, 0.0, 0.0, 0.0, 1.0],
                [0.999284, -0.032344, -0.019636, -0.0, 0.032446, 0.465466, 0.884471, 0.374721, -0.019468, -0.884475, 0.466182, -0.0, 0.0, 0.0, 0.0, 1.0],
                [0.999165, -0.033851, -0.022875, -0.0, 0.033958, 0.376781, 0.92568, 0.37472, -0.022717, -0.925684, 0.377616, -0.0, 0.0, 0.0, 0.0, 1.0],
                [0.999052, -0.034946, -0.025952, -0.0, 0.035056, 0.292524, 0.955615, 0.374721, -0.025803, -0.95562, 0.293472, 0.0, 0.0, 0.0, 0.0, 1.0],
                [0.998846, -0.036193, -0.03158, -0.0, 0.036306, 0.138419, 0.989708, 0.374721, -0.031449, -0.989712, 0.139574, -0.0, 0.0, 0.0, 0.0, 1.0],
                [0.998755, -0.036453, -0.034049, -0.0, 0.036567, 0.070813, 0.996819, 0.374721, -0.033926, -0.996824, 0.072058, -0.0, 0.0, 0.0, 0.0, 1.0],
                [0.998916, -0.035875, -0.029679, 0.0, 0.035988, 0.190465, 0.981034, 0.374721, -0.029542, -0.981038, 0.19155, 0.0, 0.0, 0.0, 0.0, 1.0],
                [0.999195, -0.033512, -0.02207, 0.0, 0.033617, 0.398836, 0.916406, 0.374721, -0.021908, -0.91641, 0.399642, -0.0, 0.0, 0.0, 0.0, 1.0],
                [0.999645, -0.024785, -0.009798, -0.0, 0.024863, 0.734856, 0.677767, 0.374721, -0.009598, -0.67777, 0.735212, 0.0, 0.0, 0.0, 0.0, 1.0],
                [1.0, -1.6e-05, -0.000115, -0.0, 1.6e-05, 1.0, 0.000435, 0.374721, 0.000115, -0.000435, 1.0, -0.0, 0.0, 0.0, 0.0, 1.0],
                [1.0, -1.6e-05, -0.000115, 0.0, 1.6e-05, 1.0, 0.000435, 0.374721, 0.000115, -0.000435, 1.0, 0.0, 0.0, 0.0, 0.0, 1.0],
                [1.0, -1.6e-05, -0.000115, 0.0, 1.6e-05, 1.0, 0.000435, 0.374721, 0.000115, -0.000435, 1.0, -0.0, 0.0, 0.0, 0.0, 1.0],
                [1.0, -1.6e-05, -0.000115, 0.0, 1.6e-05, 1.0, 0.000435, 0.374721, 0.000115, -0.000435, 1.0, 0.0, 0.0, 0.0, 0.0, 1.0],
                [1.0, -1.6e-05, -0.000115, -0.0, 1.6e-05, 1.0, 0.000435, 0.374721, 0.000115, -0.000435, 1.0, -0.0, 0.0, 0.0, 0.0, 1.0],
                [1.0, -1.6e-05, -0.000115, 0.0, 1.6e-05, 1.0, 0.000435, 0.374721, 0.000115, -0.000435, 1.0, -0.0, 0.0, 0.0, 0.0, 1.0],
                [1.0, -1.6e-05, -0.000115, 0.0, 1.6e-05, 1.0, 0.000435, 0.374721, 0.000115, -0.000435, 1.0, -0.0, 0.0, 0.0, 0.0, 1.0],
                [0.999982, -0.006014, -0.000613, 0.0, 0.006032, 0.986368, 0.164444, 0.374721, -0.000384, -0.164444, 0.986387, -0.0, 0.0, 0.0, 0.0, 1.0],
                [0.999939, -0.010882, -0.001772, -0.0, 0.010916, 0.954638, 0.297569, 0.374721, -0.001547, -0.29757, 0.954699, -0.0, 0.0, 0.0, 0.0, 1.0],
                [0.999893, -0.01433, -0.00304, 0.0, 0.014375, 0.919914, 0.391856, 0.374721, -0.002819, -0.391858, 0.920022, -0.0, 0.0, 0.0, 0.0, 1.0],
                [0.999844, -0.017134, -0.004378, 0.0, 0.017188, 0.883272, 0.468546, 0.374721, -0.004161, -0.468548, 0.883429, 0.0, 0.0, 0.0, 0.0, 1.0],
                [0.999795, -0.019428, -0.005703, -0.0, 0.019489, 0.846975, 0.531275, 0.374721, -0.005491, -0.531277, 0.847181, -0.0, 0.0, 0.0, 0.0, 1.0],
                [0.999751, -0.021216, -0.0069, -0.0, 0.021283, 0.814215, 0.580173, 0.374721, -0.006691, -0.580175, 0.814465, 0.0, 0.0, 0.0, 0.0, 1.0],
                [0.999717, -0.022464, -0.00783, -0.0, 0.022535, 0.788754, 0.614296, 0.374721, -0.007624, -0.614298, 0.789037, 0.0, 0.0, 0.0, 0.0, 1.0],
                [0.9997, -0.023064, -0.008307, 0.0, 0.023136, 0.775686, 0.630694, 0.374721, -0.008103, -0.630697, 0.775987, 0.0, 0.0, 0.0, 0.0, 1.0],
                [0.999519, -0.028065, -0.013244, -0.0, 0.028153, 0.640488, 0.767452, 0.374721, -0.013056, -0.767455, 0.64097, 0.0, 0.0, 0.0, 0.0, 1.0],
                [0.999155, -0.03397, -0.02317, -0.0, 0.034077, 0.368693, 0.928926, 0.374721, -0.023013, -0.92893, 0.369539, 0.0, 0.0, 0.0, 0.0, 1.0],
                [0.999002, -0.03534, -0.027338, 0.0, 0.035452, 0.254582, 0.966401, 0.374721, -0.027193, -0.966405, 0.255581, 0.0, 0.0, 0.0, 0.0, 1.0],
                [0.999203, -0.033416, -0.021851, -0.0, 0.033521, 0.404811, 0.913785, 0.374721, -0.02169, -0.91379, 0.405609, 0.0, 0.0, 0.0, 0.0, 1.0],
                [0.999509, -0.028281, -0.013505, -0.0, 0.028369, 0.633347, 0.773347, 0.374721, -0.013317, -0.773351, 0.633839, -0.0, 0.0, 0.0, 0.0, 1.0],
