{
    "animation": [
        {
            "name": "Root",
            "time": [0.0, 0.0167, 0.0333, 0.05, 0.0667, 0.0833, 0.1, 0.1167, 0.1333, 0.15, 0.1667, 0.1833, 0.2, 0.2167, 0.2333, 0.25, 0.2667, 0.2833, 0.3, 0.3167, 0.3333, 0.35, 0.3667, 0.3833, 0.4, 0.4167, 0.4333, 0.45, 0.4667, 0.4833, 0.5, 0.5167, 0.5333, 0.55, 0.5667, 0.5833, 0.6, 0.6167, 0.6333, 0.65, 0.6667, 0.6833, 0.7, 0.7167, 0.7333, 0.75, 0.7667, 0.7833, 0.8, 0.8167, 0.8333, 0.85, 0.8667, 0.8833, 0.9, 0.9167, 0.9333, 0.95, 0.9667, 0.9833, 1.0, 1.0167, 1.0333, 1.05, 1.0667, 1.0833, 1.1, 1.1167, 1.1333, 1.15, 1.1667, 1.1833, 1.2, 1.2167, 1.2333, 1.25, 1.2667, 1.2833, 1.3, 1.3167, 1.3333],
            "transform": [
                [0.997126, 0.0, -0.075768, -0.118404, -0.075768, 0.0, -0.997126, 0.509932, 0.0, 1.0, 0.0, 0.551158, 0.0, 0.0, 0.0, 1.0],
                [0.997126, 0.0, -0.075768, -0.119741, -0.075768, 0.0, -0.997126, 0.508302, 0.0, 1.0, 0.0, 0.550072, 0.0, 0.0, 0.0, 1.0],
                [0.997126, 0.0, -0.075768, -0.123776, -0.075768, 0.0, -0.997126, 0.503275, 0.0, 1.0, 0.0, 0.546795, 0.0, 0.0, 0.0, 1.0],
                [0.997126, 0.0, -0.075768, -0.13043, -0.075768, 0.0, -0.997126, 0.494742, 0.0, 1.0, 0.0, 0.541391, 0.0, 0.0, 0.0, 1.0],
                [0.997126, 0.0, -0.075768, -0.139411, -0.075768, 0.0, -0.997126, 0.482794, 0.0, 1.0, 0.0, 0.534097, 0.0, 0.0, 0.0, 1.0],
                [0.997126, 0.0, -0.075768, -0.150166, -0.075768, 0.0, -0.997126, 0.467803, 0.0, 1.0, 0.0, 0.525363, 0.0, 0.0, 0.0, 1.0],
                [0.997126, 0.0, -0.075768, -0.161888, -0.075768, 0.0, -0.997126, 0.45045, 0.0, 1.0, 0.0, 0.515844, 0.0, 0.0, 0.0, 1.0],
                [0.997126, 0.0, -0.075768, -0.17361, -0.075768, 0.0, -0.997126, 0.431666, 0.0, 1.0, 0.0, 0.506324, 0.0, 0.0, 0.0, 1.0],
                [0.997126, 0.0, -0.075768, -0.184364, -0.075768, 0.0, -0.997126, 0.412484, 0.0, 1.0, 0.0, 0.49759, 0.0, 0.0, 0.0, 1.0],
                [0.997126, 0.0, -0.075768, -0.193345, -0.075768, 0.0, -0.997126, 0.39386, 0.0, 1.0, 0.0, 0.490297, 0.0, 0.0, 0.0, 1.0],
                [0.997126, 0.0, -0.075768, -0.199999, -0.075768, 0.0, -0.997126, 0.376547, 0.0, 1.0, 0.0, 0.484893, 0.0, 0.0, 0.0, 1.0],
                [0.997126, 0.0, -0.075768, -0.204035, -0.075768, 0.0, -0.997126, 0.361044, 0.0, 1.0, 0.0, 0.481615, 0.0, 0.0, 0.0, 1.0],
                [0.997126, 0.0, -0.075768, -0.205372, -0.075768, 0.0, -0.997126, 0.347623, 0.0, 1.0, 0.0, 0.48053, 0.0, 0.0, 0.0, 1.0],
                [0.997126, 0.0, -0.075768, -0.204879, -0.075768, 0.0, -0.997126, 0.334334, 0.0, 1.0, 0.0, 0.482627, 0.0, 0.0, 0.0, 1.0],
                [0.997126, 0.0, -0.075768, -0.203071, -0.075768, 0.0, -0.997126, 0.31943, 0.0, 1.0, 0.0, 0.489415, 0.0, 0.0, 0.0, 1.0],
                [0.997126, 0.0, -0.075768, -0.199398, -0.075768, 0.0, -0.997126, 0.303733, 0.0, 1.0, 0.0, 0.501395, 0.0, 0.0, 0.0, 1.0],
                [0.997126, 0.0, -0.075768, -0.193362, -0.075768, 0.0, -0.997126, 0.288587, 0.0, 1.0, 0.0, 0.51843, 0.0, 0.0, 0.0, 1.0],
                [0.997126, 0.0, -0.075768, -0.18474, -0.075768, 0.0, -0.997126, 0.275573, 0.0, 1.0, 0.0, 0.539515, 0.0, 0.0, 0.0, 1.0],
                [0.997126, 0.0, -0.075768, -0.173698, -0.075768, 0.0, -0.997126, 0.265944, 0.0, 1.0, 0.0, 0.563027, 0.0, 0.0, 0.0, 1.0],
                [0.997126, 0.0, -0.075768, -0.160694, -0.075768, 0.0, -0.997126, 0.26026, 0.0, 1.0, 0.0, 0.587335, 0.0, 0.0, 0.0, 1.0],
                [0.997126, 0.0, -0.075768, -0.146263, -0.075768, 0.0, -0.997126, 0.258449, 0.0, 1.0, 0.0, 0.611244, 0.0, 0.0, 0.0, 1.0],
                [0.997126, 0.0, -0.075768, -0.128106, -0.075768, 0.0, -0.997126, 0.284216, 0.0, 1.0, 0.0, 0.641628, 0.0, 0.0, 0.0, 1.0],
                [0.997126, 0.0, -0.075768, -0.10409, -0.075768, 0.0, -0.997126, 0.360603, 0.0, 1.0, 0.0, 0.682966, 0.0, 0.0, 0.0, 1.0],
                [0.997126, 0.0, -0.075768, -0.077278, -0.075768, 0.0, -0.997126, 0.468917, 0.0, 1.0, 0.0, 0.724945, 0.0, 0.0, 0.0, 1.0],
                [0.997126, 0.0, -0.075768, -0.052634, -0.075768, 0.0, -0.997126, 0.57319, 0.0, 1.0, 0.0, 0.754181, 0.0, 0.0, 0.0, 1.0],
                [0.997126, 0.0, -0.075768, -0.033406, -0.075768, 0.0, -0.997126, 0.646401, 0.0, 1.0, 0.0, 0.763973, 0.0, 0.0, 0.0, 1.0],
                [0.997126, 0.0, -0.075768, -0.017226, -0.075768, 0.0, -0.997126, 0.697802, 0.0, 1.0, 0.0, 0.763967, 0.0, 0.0, 0.0, 1.0],
                [0.997126, 0.0, -0.075768, -0.001142, -0.075768, 0.0, -0.997126, 0.743894, 0.0, 1.0, 0.0, 0.763922, 0.0, 0.0, 0.0, 1.0],
                [0.997126, 0.0, -0.075768, 0.014742, -0.075768, 0.0, -0.997126, 0.784634, 0.0, 1.0, 0.0, 0.763789, 0.0, 0.0, 0.0, 1.0],
                [0.997126, 0.0, -0.075768, 0.030303, -0.075768, 0.0, -0.997126, 0.820113, 0.0, 1.0, 0.0, 0.76351, 0.0, 0.0, 0.0, 1.0],
                [0.997126, 0.0, -0.075768, 0.045393, -0.075768, 0.0, -0.997126, 0.850603, 0.0, 1.0, 0.0, 0.763017, 0.0, 0.0, 0.0, 1.0],
                [0.997126, 0.0, -0.075768, 0.05985, -0.075768, 0.0, -0.997126, 0.876588, 0.0, 1.0, 0.0, 0.762233, 0.0, 0.0, 0.0, 1.0],
                [0.997126, 0.0, -0.075768, 0.073502, -0.075768, 0.0, -0.997126, 0.898788, 0.0, 1.0, 0.0, 0.761077, 0.0, 0.0, 0.0, 1.0],
                [0.997126, 0.0, -0.075768, 0.086177, -0.075768, 0.0, -0.997126, 0.918149, 0.0, 1.0, 0.0, 0.759468, 0.0, 0.0, 0.0, 1.0],
                [0.997126, 0.0, -0.075768, 0.09772, -0.075768, 0.0, -0.997126, 0.935807, 0.0, 1.0, 0.0, 0.757332, 0.0, 0.0, 0.0, 1.0],
                [0.997126, 0.0, -0.075768, 0.108006, -0.075768, 0.0, -0.997126, 0.953009, 0.0, 1.0, 0.0, 0.754609, 0.0, 0.0, 0.0, 1.0],
                [0.997126, 0.0, -0.075768, 0.116951, -0.075768, 0.0, -0.997126, 0.971019, 0.0, 1.0, 0.0, 0.751258, 0.0, 0.0, 0.0, 1.0],
                [0.997126, 0.0, -0.075768, 0.124515, -0.075768, 0.0, -0.997126, 0.991013, 0.0, 1.0, 0.0, 0.747261, 0.0, 0.0, 0.0, 1.0],
                [0.997126, 0.0, -0.075768, 0.130706, -0.075768, 0.0, -0.997126, 1.014004, 0.0, 1.0, 0.0, 0.742619, 0.0, 0.0, 0.0, 1.0],
                [0.997126, 0.0, -0.075768, 0.13557, -0.075768, 0.0, -0.997126, 1.04079, 0.0, 1.0, 0.0, 0.737353, 0.0, 0.0, 0.0, 1.0],
                [0.997126, 0.0, -0.075768, 0.139181, -0.075768, 0.0, -0.997126, 1.071942, 0.0, 1.0, 0.0, 0.731497, 0.0, 0.0, 0.0, 1.0],
                [0.997126, 0.0, -0.075768, 0.141633, -0.075768, 0.0, -0.997126, 1.107816, 0.0, 1.0, 0.0, 0.725094, 0.0, 0.0, 0.0, 1.0],
                [0.997126, 0.0, -0.075768, 0.143027, -0.075768, 0.0, -0.997126, 1.148588, 0.0, 1.0, 0.0, 0.718193, 0.0, 0.0, 0.0, 1.0],
                [0.997126, 0.0, -0.075768, 0.14347, -0.075768, 0.0, -0.997126, 1.194289, 0.0, 1.0, 0.0, 0.710842, 0.0, 0.0, 0.0, 1.0],
                [0.997126, 0.0, -0.075768, 0.142182, -0.075768, 0.0, -0.997126, 1.250988, 0.0, 1.0, 0.0, 0.649937, 0.0, 0.0, 0.0, 1.0],
                [0.997126, 0.0, -0.075768, 0.136137, -0.075768, 0.0, -0.997126, 1.322285, 0.0, 1.0, 0.0, 0.503775, 0.0, 0.0, 0.0, 1.0],
                [0.997126, 0.0, -0.075768, 0.12287, -0.075768, 0.0, -0.997126, 1.39569, 0.0, 1.0, 0.0, 0.360124, 0.0, 0.0, 0.0, 1.0],
                [0.997126, 0.0, -0.075768, 0.103353, -0.075768, 0.0, -0.997126, 1.457712, 0.0, 1.0, 0.0, 0.305563, 0.0, 0.0, 0.0, 1.0],
                [0.997126, 0.0, -0.075768, 0.072969, -0.075768, 0.0, -0.997126, 1.517296, 0.0, 1.0, 0.0, 0.32166, 0.0, 0.0, 0.0, 1.0],
                [0.997126, 0.0, -0.075768, 0.032898, -0.075768, 0.0, -0.997126, 1.569171, 0.0, 1.0, 0.0, 0.361108, 0.0, 0.0, 0.0, 1.0],
                [0.997126, 0.0, -0.075768, 0.003062, -0.075768, 0.0, -0.997126, 1.587097, 0.0, 1.0, 0.0, 0.392621, 0.0, 0.0, 0.0, 1.0],
                [0.997126, 0.0, -0.075768, -0.016492, -0.075768, 0.0, -0.997126, 2.064962, 0.0, 1.0, 0.0, 0.411388, 0.0, 0.0, 0.0, 1.0],
                [0.997126, 0.0, -0.075768, -0.032537, -0.075768, 0.0, -0.997126, 3.087356, 0.0, 1.0, 0.0, 0.427048, 0.0, 0.0, 0.0, 1.0],
                [0.997126, 0.0, -0.075768, -0.044335, -0.075768, 0.0, -0.997126, 3.564493, 0.0, 1.0, 0.0, 0.439413, 0.0, 0.0, 0.0, 1.0],
                [0.997126, 0.0, -0.075768, -0.05174, -0.075768, 0.0, -0.997126, 3.56298, 0.0, 1.0, 0.0, 0.448933, 0.0, 0.0, 0.0, 1.0],
                [0.997126, 0.0, -0.075768, -0.055487, -0.075768, 0.0, -0.997126, 3.560611, 0.0, 1.0, 0.0, 0.456711, 0.0, 0.0, 0.0, 1.0],
                [0.997126, 0.0, -0.075768, -0.056866, -0.075768, 0.0, -0.997126, 3.557425, 0.0, 1.0, 0.0, 0.464018, 0.0, 0.0, 0.0, 1.0],
                [0.997126, 0.0, -0.075768, -0.057113, -0.075768, 0.0, -0.997126, 3.553574, 0.0, 1.0, 0.0, 0.471786, 0.0, 0.0, 0.0, 1.0],
                [0.997126, 0.0, -0.075768, -0.055721, -0.075768, 0.0, -0.997126, 3.548925, 0.0, 1.0, 0.0, 0.479636, 0.0, 0.0, 0.0, 1.0],
                [0.997126, 0.0, -0.075768, -0.051566, -0.075768, 0.0, -0.997126, 3.543209, 0.0, 1.0, 0.0, 0.486691, 0.0, 0.0, 0.0, 1.0],
                [0.997126, 0.0, -0.075768, -0.045024, -0.075768, 0.0, -0.997126, 3.536503, 0.0, 1.0, 0.0, 0.492816, 0.0, 0.0, 0.0, 1.0],
                [0.997126, 0.0, -0.075768, -0.037055, -0.075768, 0.0, -0.997126, 3.52909, 0.0, 1.0, 0.0, 0.497967, 0.0, 0.0, 0.0, 1.0],
                [0.997126, 0.0, -0.075768, -0.029086, -0.075768, 0.0, -0.997126, 3.521436, 0.0, 1.0, 0.0, 0.502254, 0.0, 0.0, 0.0, 1.0],
                [0.997126, 0.0, -0.075768, -0.022544, -0.075768, 0.0, -0.997126, 3.514044, 0.0, 1.0, 0.0, 0.505914, 0.0, 0.0, 0.0, 1.0],
                [0.997126, 0.0, -0.075768, -0.018389, -0.075768, 0.0, -0.997126, 3.507285, 0.0, 1.0, 0.0, 0.509225, 0.0, 0.0, 0.0, 1.0],
                [0.997126, 0.0, -0.075768, -0.016997, -0.075768, 0.0, -0.997126, 3.501339, 0.0, 1.0, 0.0, 0.512414, 0.0, 0.0, 0.0, 1.0],
                [0.997126, 0.0, -0.075768, -0.016997, -0.075768, 0.0, -0.997126, 3.495654, 0.0, 1.0, 0.0, 0.515498, 0.0, 0.0, 0.0, 1.0],
                [0.997126, 0.0, -0.075768, -0.016997, -0.075768, 0.0, -0.997126, 3.48967, 0.0, 1.0, 0.0, 0.518364, 0.0, 0.0, 0.0, 1.0],
                [0.997126, 0.0, -0.075768, -0.016997, -0.075768, 0.0, -0.997126, 3.483443, 0.0, 1.0, 0.0, 0.520982, 0.0, 0.0, 0.0, 1.0],
                [0.997126, 0.0, -0.075768, -0.016997, -0.075768, 0.0, -0.997126, 3.477057, 0.0, 1.0, 0.0, 0.523323, 0.0, 0.0, 0.0, 1.0],
                [0.997126, 0.0, -0.075768, -0.016997, -0.075768, 0.0, -0.997126, 3.470629, 0.0, 1.0, 0.0, 0.525364, 0.0, 0.0, 0.0, 1.0],
                [0.997126, 0.0, -0.075768, -0.016997, -0.075768, 0.0, -0.997126, 3.4643, 0.0, 1.0, 0.0, 0.527088, 0.0, 0.0, 0.0, 1.0],
                [0.997126, 0.0, -0.075768, -0.016997, -0.075768, 0.0, -0.997126, 3.458236, 0.0, 1.0, 0.0, 0.528493, 0.0, 0.0, 0.0, 1.0],
                [0.997126, 0.0, -0.075768, -0.016997, -0.075768, 0.0, -0.997126, 3.452606, 0.0, 1.0, 0.0, 0.529591, 0.0, 0.0, 0.0, 1.0],
                [0.997126, 0.0, -0.075768, -0.016997, -0.075768, 0.0, -0.997126, 3.447563, 0.0, 1.0, 0.0, 0.530407, 0.0, 0.0, 0.0, 1.0],
                [0.997126, 0.0, -0.075768, -0.016997, -0.075768, 0.0, -0.997126, 3.443231, 0.0, 1.0, 0.0, 0.53098, 0.0, 0.0, 0.0, 1.0],
                [0.997126, 0.0, -0.075768, -0.016997, -0.075768, 0.0, -0.997126, 3.439688, 0.0, 1.0, 0.0, 0.531356, 0.0, 0.0, 0.0, 1.0],
                [0.997126, 0.0, -0.075768, -0.016997, -0.075768, 0.0, -0.997126, 3.436972, 0.0, 1.0, 0.0, 0.531582, 0.0, 0.0, 0.0, 1.0],
                [0.997126, 0.0, -0.075768, -0.016997, -0.075768, 0.0, -0.997126, 3.435079, 0.0, 1.0, 0.0, 0.5317, 0.0, 0.0, 0.0, 1.0],
                [0.997126, 0.0, -0.075768, -0.016997, -0.075768, 0.0, -0.997126, 3.43398, 0.0, 1.0, 0.0, 0.531749, 0.0, 0.0, 0.0, 1.0],
                [0.997126, 0.0, -0.075768, -0.016997, -0.075768, 0.0, -0.997126, 3.433627, 0.0, 1.0, 0.0, 0.53176, 0.0, 0.0, 0.0, 1.0]
            ]
        },
        {
            "name": "Thigh_R",
            "time": [0.0, 0.0167, 0.0333, 0.05, 0.0667, 0.0833, 0.1, 0.1167, 0.1333, 0.15, 0.1667, 0.1833, 0.2, 0.2167, 0.2333, 0.25, 0.2667, 0.2833, 0.3, 0.3167, 0.3333, 0.35, 0.3667, 0.3833, 0.4, 0.4167, 0.4333, 0.45, 0.4667, 0.4833, 0.5, 0.5167, 0.5333, 0.55, 0.5667, 0.5833, 0.6, 0.6167, 0.6333, 0.65, 0.6667, 0.6833, 0.7, 0.7167, 0.7333, 0.75, 0.7667, 0.7833, 0.8, 0.8167, 0.8333, 0.85, 0.8667, 0.8833, 0.9, 0.9167, 0.9333, 0.95, 0.9667, 0.9833, 1.0, 1.0167, 1.0333, 1.05, 1.0667, 1.0833, 1.1, 1.1167, 1.1333, 1.15, 1.1667, 1.1833, 1.2, 1.2167, 1.2333, 1.25, 1.2667, 1.2833, 1.3, 1.3167, 1.3333],
            "transform": [
                [-0.409178, 0.225884, 0.884053, -0.025842, 0.761073, -0.449963, 0.467227, -0.053092, 0.50333, 0.864008, 0.0122, 0.170923, 0.0, 0.0, 0.0, 1.0],
                [-0.408167, 0.228363, 0.883884, -0.02589, 0.759359, -0.452495, 0.467571, -0.050523, 0.506729, 0.862032, 0.011284, 0.170283, 0.0, 0.0, 0.0, 1.0],
                [-0.404792, 0.235957, 0.883441, -0.026037, 0.754126, -0.460252, 0.468469, -0.042767, 0.517144, 0.855858, 0.008365, 0.168349, 0.0, 0.0, 0.0, 1.0],
                [-0.398233, 0.248675, 0.882933, -0.026279, 0.745319, -0.473371, 0.469488, -0.029977, 0.534706, 0.845032, 0.00317, 0.165161, 0.0, 0.0, 0.0, 1.0],
                [-0.387321, 0.266133, 0.882698, -0.026606, 0.733057, -0.491735, 0.469918, -0.012716, 0.559115, 0.829077, -0.004631, 0.160858, 0.0, 0.0, 0.0, 1.0],
                [-0.370764, 0.287498, 0.883107, -0.026998, 0.717715, -0.514784, 0.468916, 0.007955, 0.589422, 0.807677, -0.015478, 0.155706, 0.0, 0.0, 0.0, 1.0],
                [-0.347553, 0.311528, 0.884396, -0.027425, 0.699956, -0.541399, 0.465778, 0.030484, 0.623914, 0.780921, -0.029891, 0.150089, 0.0, 0.0, 0.0, 1.0],
                [-0.317453, 0.336748, 0.886468, -0.027851, 0.680673, -0.569948, 0.460265, 0.053013, 0.660233, 0.749507, -0.048283, 0.144473, 0.0, 0.0, 0.0, 1.0],
                [-0.281317, 0.361719, 0.888831, -0.028243, 0.660852, -0.598571, 0.452755, 0.073684, 0.695799, 0.714753, -0.070654, 0.13932, 0.0, 0.0, 0.0, 1.0],
                [-0.241008, 0.385392, 0.890724, -0.02857, 0.641419, -0.625517, 0.444196, 0.090946, 0.728352, 0.678381, -0.096443, 0.135017, 0.0, 0.0, 0.0, 1.0],
                [-0.198955, 0.406905, 0.891541, -0.028812, 0.623125, -0.649624, 0.435549, 0.103735, 0.756394, 0.642196, -0.124307, 0.131829, 0.0, 0.0, 0.0, 1.0],
                [-0.157593, 0.425974, 0.890904, -0.028959, 0.606534, -0.670193, 0.427735, 0.111491, 0.779282, 0.607771, -0.15275, 0.129896, 0.0, 0.0, 0.0, 1.0],
                [-0.118943, 0.442462, 0.888865, -0.029008, 0.592026, -0.687071, 0.421234, 0.11406, 0.797093, 0.576334, -0.180226, 0.129255, 0.0, 0.0, 0.0, 1.0],
                [-0.082436, 0.455765, 0.886274, -0.028442, 0.575453, -0.7043, 0.415711, 0.11269, 0.81367, 0.544279, -0.204212, 0.130178, 0.0, 0.0, 0.0, 1.0],
                [-0.045949, 0.463294, 0.885013, -0.026697, 0.551876, -0.7267, 0.409072, 0.108549, 0.832659, 0.507214, -0.222289, 0.132965, 0.0, 0.0, 0.0, 1.0],
                [-0.008251, 0.461753, 0.88697, -0.023726, 0.520892, -0.755169, 0.397983, 0.101694, 0.853583, 0.4653, -0.234292, 0.137579, 0.0, 0.0, 0.0, 1.0],
                [0.032495, 0.4482, 0.893342, -0.019536, 0.483168, -0.789477, 0.378515, 0.092357, 0.874924, 0.419335, -0.242211, 0.143863, 0.0, 0.0, 0.0, 1.0],
                [0.078322, 0.421024, 0.903662, -0.014213, 0.440422, -0.827807, 0.34751, 0.080993, 0.894368, 0.370775, -0.250264, 0.151513, 0.0, 0.0, 0.0, 1.0],
                [0.130689, 0.380239, 0.915608, -0.007933, 0.394574, -0.867186, 0.30381, 0.068288, 0.909523, 0.32157, -0.263364, 0.160065, 0.0, 0.0, 0.0, 1.0],
                [0.189852, 0.326846, 0.925812, -0.000957, 0.346864, -0.904483, 0.248186, 0.055113, 0.9185, 0.274012, -0.285089, 0.168932, 0.0, 0.0, 0.0, 1.0],
                [0.25475, 0.261929, 0.930857, 0.006395, 0.297782, -0.937088, 0.182187, 0.042409, 0.920015, 0.230781, -0.316721, 0.177484, 0.0, 0.0, 0.0, 1.0],
                [0.310997, 0.229163, 0.922369, 0.013798, 0.264495, -0.953025, 0.1476, 0.031044, 0.912865, 0.198059, -0.357001, 0.185133, 0.0, 0.0, 0.0, 1.0],
                [0.346775, 0.276992, 0.896115, 0.020964, 0.269807, -0.944476, 0.187532, 0.021707, 0.898304, 0.176747, -0.402256, 0.191418, 0.0, 0.0, 0.0, 1.0],
                [0.372566, 0.380591, 0.846372, 0.027669, 0.302872, -0.91196, 0.276763, 0.014853, 0.87719, 0.15323, -0.455036, 0.196033, 0.0, 0.0, 0.0, 1.0],
                [0.405308, 0.494195, 0.769088, 0.033763, 0.341423, -0.862242, 0.374124, 0.010712, 0.84803, 0.110949, -0.518204, 0.19882, 0.0, 0.0, 0.0, 1.0],
                [0.45444, 0.588405, 0.668778, 0.039164, 0.371875, -0.807543, 0.457803, 0.009342, 0.80944, 0.040658, -0.585793, 0.199742, 0.0, 0.0, 0.0, 1.0],
                [0.511974, 0.663216, 0.545919, 0.044107, 0.401701, -0.746605, 0.530298, 0.009344, 0.759288, -0.052203, -0.648658, 0.199355, 0.0, 0.0, 0.0, 1.0],
                [0.566441, 0.721645, 0.397961, 0.048861, 0.443353, -0.673915, 0.590997, 0.009355, 0.694682, -0.158328, -0.701676, 0.198142, 0.0, 0.0, 0.0, 1.0],
                [0.611481, 0.75553, 0.235085, 0.053434, 0.494877, -0.596993, 0.631423, 0.009382, 0.617403, -0.269766, -0.738945, 0.196028, 0.0, 0.0, 0.0, 1.0],
                [0.642653, 0.762638, 0.07335, 0.057844, 0.549213, -0.525315, 0.64993, 0.009438, 0.534194, -0.377395, -0.756446, 0.192942, 0.0, 0.0, 0.0, 1.0],
                [0.661171, 0.746903, -0.070633, 0.062117, 0.59546, -0.465167, 0.655016, 0.009535, 0.456377, -0.475137, -0.752307, 0.188827, 0.0, 0.0, 0.0, 1.0],
                [0.674159, 0.714492, -0.187113, 0.066288, 0.624381, -0.415996, 0.661132, 0.009687, 0.394535, -0.562538, -0.726562, 0.183643, 0.0, 0.0, 0.0, 1.0],
                [0.689621, 0.671219, -0.271823, 0.070403, 0.632486, -0.375465, 0.677487, 0.00991, 0.352682, -0.639133, -0.683465, 0.177379, 0.0, 0.0, 0.0, 1.0],
                [0.701774, 0.62971, -0.333136, 0.074516, 0.637935, -0.347331, 0.687313, 0.010216, 0.3171, -0.694858, -0.645462, 0.170055, 0.0, 0.0, 0.0, 1.0],
                [0.702481, 0.601379, -0.380609, 0.078686, 0.654962, -0.337018, 0.676346, 0.010621, 0.278468, -0.724405, -0.630629, 0.161731, 0.0, 0.0, 0.0, 1.0],
                [0.695394, 0.586882, -0.414725, 0.082974, 0.676704, -0.340543, 0.652765, 0.011135, 0.241864, -0.734575, -0.633957, 0.152504, 0.0, 0.0, 0.0, 1.0],
                [0.686177, 0.580661, -0.438171, 0.087436, 0.695918, -0.348617, 0.627825, 0.011764, 0.2118, -0.73573, -0.643305, 0.142496, 0.0, 0.0, 0.0, 1.0],
                [0.680815, 0.572158, -0.457304, 0.092121, 0.706996, -0.350152, 0.614451, 0.012514, 0.191437, -0.741639, -0.642902, 0.131852, 0.0, 0.0, 0.0, 1.0],
                [0.683976, 0.549658, -0.479638, 0.097065, 0.706332, -0.334587, 0.623815, 0.013382, 0.182404, -0.765459, -0.617091, 0.120722, 0.0, 0.0, 0.0, 1.0],
                [0.698577, 0.505403, -0.506515, 0.102295, 0.691152, -0.293391, 0.660478, 0.014365, 0.185201, -0.811473, -0.554266, 0.109251, 0.0, 0.0, 0.0, 1.0],
                [0.72622, 0.439689, -0.528467, 0.107823, 0.65776, -0.220894, 0.720109, 0.015457, 0.199889, -0.870562, -0.449628, 0.09757, 0.0, 0.0, 0.0, 1.0],
                [0.767423, 0.366171, -0.526289, 0.113653, 0.599753, -0.119851, 0.791159, 0.016649, 0.226624, -0.922797, -0.311589, 0.085793, 0.0, 0.0, 0.0, 1.0],
                [0.886315, 0.351434, -0.301563, 0.119781, 0.334663, -0.035996, 0.94165, 0.017932, 0.320073, -0.93552, -0.149516, 0.074013, 0.0, 0.0, 0.0, 1.0],
                [0.900679, 0.318137, 0.295915, 0.126196, -0.159619, -0.391166, 0.906372, 0.019298, 0.404102, -0.863584, -0.301535, 0.062305, 0.0, 0.0, 0.0, 1.0],
                [0.844514, 0.015402, 0.535312, 0.134987, -0.389935, -0.667477, 0.63437, 0.027303, 0.367079, -0.744471, -0.557688, 0.053131, 0.0, 0.0, 0.0, 1.0],
                [0.902974, -0.028817, 0.428727, 0.146582, -0.356061, -0.608704, 0.709013, 0.045808, 0.240536, -0.792873, -0.559905, 0.045013, 0.0, 0.0, 0.0, 1.0],
                [0.985476, 0.077601, 0.151049, 0.155999, -0.143355, -0.096673, 0.984939, 0.063864, 0.091034, -0.992286, -0.084144, 0.028944, 0.0, 0.0, 0.0, 1.0],
                [0.99858, 0.001833, -0.05324, 0.159292, 0.052561, 0.128803, 0.990276, 0.070738, 0.008673, -0.991668, 0.128524, -0.000304, 0.0, 0.0, 0.0, 1.0],
                [0.980576, -0.044673, -0.190986, 0.157407, 0.195699, 0.157512, 0.967932, 0.048579, -0.013158, -0.986506, 0.163195, -0.059046, 0.0, 0.0, 0.0, 1.0],
                [0.937518, -0.048463, -0.344544, 0.152182, 0.346942, 0.055425, 0.936247, 0.001083, -0.026277, -0.997286, 0.068776, -0.135367, 0.0, 0.0, 0.0, 1.0],
                [0.896743, -0.021786, -0.442015, 0.146633, 0.439537, -0.072546, 0.89529, -0.021119, -0.051571, -0.997127, -0.055479, -0.166909, 0.0, 0.0, 0.0, 1.0],
                [0.869236, -0.014178, -0.494193, 0.141489, 0.487245, -0.14484, 0.86117, -0.02112, -0.083788, -0.989353, -0.118992, -0.16685, 0.0, 0.0, 0.0, 1.0],
                [0.844648, -0.00309, -0.535314, 0.135657, 0.523406, -0.205053, 0.827042, -0.02112, -0.112323, -0.978746, -0.17158, -0.166669, 0.0, 0.0, 0.0, 1.0],
                [0.823573, 0.007615, -0.567159, 0.129188, 0.550388, -0.252446, 0.795829, -0.02112, -0.137116, -0.967581, -0.212099, -0.166367, 0.0, 0.0, 0.0, 1.0],
                [0.806208, 0.015938, -0.591418, 0.122179, 0.570055, -0.288435, 0.769313, -0.02112, -0.158324, -0.957367, -0.241624, -0.165952, 0.0, 0.0, 0.0, 1.0],
                [0.79238, 0.021999, -0.609631, 0.114775, 0.584045, -0.315912, 0.747724, -0.02112, -0.176141, -0.948533, -0.26317, -0.165436, 0.0, 0.0, 0.0, 1.0],
                [0.781685, 0.027404, -0.623071, 0.107175, 0.593778, -0.338297, 0.730056, -0.02112, -0.190777, -0.94064, -0.280714, -0.164839, 0.0, 0.0, 0.0, 1.0],
                [0.77369, 0.033862, -0.632659, 0.099622, 0.600321, -0.358391, 0.714961, -0.02112, -0.202529, -0.932957, -0.297612, -0.164191, 0.0, 0.0, 0.0, 1.0],
                [0.768533, 0.038966, -0.638623, 0.092381, 0.603598, -0.375195, 0.70349, -0.02112, -0.212195, -0.926127, -0.311869, -0.163525, 0.0, 0.0, 0.0, 1.0],
                [0.766412, 0.039189, -0.641153, 0.085713, 0.603253, -0.386822, 0.697463, -0.02112, -0.220679, -0.921321, -0.320106, -0.162877, 0.0, 0.0, 0.0, 1.0],
                [0.766819, 0.034399, -0.64094, 0.079845, 0.599892, -0.393571, 0.696586, -0.02112, -0.228293, -0.91865, -0.322434, -0.16228, 0.0, 0.0, 0.0, 1.0],
                [0.768945, 0.025894, -0.63879, 0.074945, 0.594553, -0.396258, 0.699633, -0.021119, -0.23501, -0.917774, -0.320096, -0.161763, 0.0, 0.0, 0.0, 1.0],
                [0.771805, 0.01613, -0.635655, 0.071119, 0.588603, -0.396307, 0.704618, -0.021119, -0.240549, -0.917976, -0.315366, -0.161348, 0.0, 0.0, 0.0, 1.0],
                [0.774521, 0.007706, -0.632501, 0.068411, 0.583326, -0.39542, 0.709488, -0.021119, -0.244636, -0.918468, -0.310756, -0.161046, 0.0, 0.0, 0.0, 1.0],
                [0.776539, 0.002353, -0.630065, 0.066816, 0.57954, -0.395046, 0.712792, -0.021119, -0.247228, -0.918658, -0.308133, -0.160865, 0.0, 0.0, 0.0, 1.0],
                [0.777628, 0.000706, -0.628725, 0.066297, 0.577523, -0.396077, 0.713855, -0.021119, -0.24852, -0.918217, -0.308408, -0.160805, 0.0, 0.0, 0.0, 1.0],
                [0.778164, 0.000895, -0.62806, 0.066297, 0.576514, -0.397765, 0.713732, -0.021119, -0.249181, -0.917487, -0.310043, -0.160805, 0.0, 0.0, 0.0, 1.0],
                [0.77856, 0.00113, -0.62757, 0.066297, 0.575767, -0.399127, 0.713575, -0.021119, -0.249674, -0.916895, -0.311395, -0.160805, 0.0, 0.0, 0.0, 1.0],
                [0.778813, 0.001273, -0.627255, 0.066297, 0.575288, -0.399993, 0.713477, -0.021119, -0.24999, -0.916517, -0.312252, -0.160805, 0.0, 0.0, 0.0, 1.0],
                [0.778928, 0.001399, -0.627112, 0.066297, 0.575068, -0.400462, 0.713391, -0.021119, -0.250137, -0.916312, -0.312736, -0.160805, 0.0, 0.0, 0.0, 1.0],
                [0.778913, 0.001513, -0.62713, 0.066297, 0.575092, -0.400565, 0.713314, -0.021119, -0.250127, -0.916267, -0.312876, -0.160805, 0.0, 0.0, 0.0, 1.0],
                [0.778784, 0.001618, -0.62729, 0.066297, 0.575331, -0.400344, 0.713245, -0.021119, -0.249978, -0.916363, -0.312713, -0.160805, 0.0, 0.0, 0.0, 1.0],
                [0.778563, 0.001711, -0.627564, 0.066297, 0.575744, -0.399861, 0.713183, -0.021119, -0.249718, -0.916574, -0.312303, -0.160805, 0.0, 0.0, 0.0, 1.0],
                [0.778277, 0.001792, -0.627919, 0.066297, 0.576277, -0.399188, 0.713129, -0.021119, -0.24938, -0.916867, -0.311712, -0.160805, 0.0, 0.0, 0.0, 1.0],
                [0.777956, 0.001855, -0.628316, 0.066297, 0.576874, -0.398403, 0.713086, -0.021119, -0.249, -0.917208, -0.311011, -0.160805, 0.0, 0.0, 0.0, 1.0],
                [0.777632, 0.001898, -0.628717, 0.066297, 0.577477, -0.397586, 0.713054, -0.021119, -0.248615, -0.917563, -0.310272, -0.160805, 0.0, 0.0, 0.0, 1.0],
                [0.777331, 0.00192, -0.629089, 0.066297, 0.578035, -0.396807, 0.713036, -0.021119, -0.248258, -0.9179, -0.30956, -0.160805, 0.0, 0.0, 0.0, 1.0],
                [0.777077, 0.001922, -0.629403, 0.066297, 0.578507, -0.396129, 0.71303, -0.021119, -0.247954, -0.918193, -0.308934, -0.160805, 0.0, 0.0, 0.0, 1.0],
                [0.776884, 0.001911, -0.62964, 0.066297, 0.578864, -0.395602, 0.713033, -0.021119, -0.247725, -0.91842, -0.308443, -0.160805, 0.0, 0.0, 0.0, 1.0],
                [0.776765, 0.001895, -0.629788, 0.066297, 0.579085, -0.395265, 0.71304, -0.021119, -0.247581, -0.918565, -0.308125, -0.160805, 0.0, 0.0, 0.0, 1.0],
                [0.776725, 0.001887, -0.629838, 0.066297, 0.57916, -0.395147, 0.713044, -0.021119, -0.247533, -0.918616, -0.308014, -0.160805, 0.0, 0.0, 0.0, 1.0]
            ]
        },
        {
            "name": "Leg_R",
            "time": [0.0, 0.0167, 0.0333, 0.05, 0.0667, 0.0833, 0.1, 0.1167, 0.1333, 0.15, 0.1667, 0.1833, 0.2, 0.2167, 0.2333, 0.25, 0.2667, 0.2833, 0.3, 0.3167, 0.3333, 0.35, 0.3667, 0.3833, 0.4, 0.4167, 0.4333, 0.45, 0.4667, 0.4833, 0.5, 0.5167, 0.5333, 0.55, 0.5667, 0.5833, 0.6, 0.6167, 0.6333, 0.65, 0.6667, 0.6833, 0.7, 0.7167, 0.7333, 0.75, 0.7667, 0.7833, 0.8, 0.8167, 0.8333, 0.85, 0.8667, 0.8833, 0.9, 0.9167, 0.9333, 0.95, 0.9667, 0.9833, 1.0, 1.0167, 1.0333, 1.05, 1.0667, 1.0833, 1.1, 1.1167, 1.1333, 1.15, 1.1667, 1.1833, 1.2, 1.2167, 1.2333, 1.25, 1.2667, 1.2833, 1.3, 1.3167, 1.3333],
            "transform": [
                [0.999344, -0.031433, -0.018007, 0.0, 0.031532, 0.510078, 0.85955, 0.374721, -0.017833, -0.859554, 0.510735, 0.0, 0.0, 0.0, 0.0, 1.0],
                [0.999343, -0.031447, -0.018032, -0.0, 0.031546, 0.509405, 0.859949, 0.374721, -0.017858, -0.859952, 0.510062, 0.0, 0.0, 0.0, 0.0, 1.0],
                [0.99934, -0.031494, -0.018111, 0.0, 0.031593, 0.507232, 0.86123, 0.374721, -0.017937, -0.861234, 0.507892, 0.0, 0.0, 0.0, 0.0, 1.0],
                [0.999335, -0.031573, -0.018245, 0.0, 0.031672, 0.503566, 0.863376, 0.374721, -0.018072, -0.86338, 0.504231, -0.0, 0.0, 0.0, 0.0, 1.0],
                [0.999328, -0.031676, -0.018423, 0.0, 0.031776, 0.49868, 0.866204, 0.374721, -0.018251, -0.866207, 0.499352, -0.0, 0.0, 0.0, 0.0, 1.0],
                [0.999321, -0.031796, -0.018633, -0.0, 0.031896, 0.492922, 0.869489, 0.374721, -0.018462, -0.869493, 0.493601, -0.0, 0.0, 0.0, 0.0, 1.0],
                [0.999312, -0.031929, -0.01887, -0.0, 0.03203, 0.486431, 0.873132, 0.374721, -0.0187, -0.873136, 0.487119, -0.0, 0.0, 0.0, 0.0, 1.0],
                [0.999302, -0.032082, -0.019147, -0.0, 0.032183, 0.47887, 0.877296, 0.374721, -0.018977, -0.8773, 0.479569, 0.0, 0.0, 0.0, 0.0, 1.0],
                [0.999289, -0.032268, -0.019493, 0.0, 0.03237, 0.469387, 0.882399, 0.374721, -0.019324, -0.882403, 0.470098, -0.0, 0.0, 0.0, 0.0, 1.0],
                [0.999272, -0.032512, -0.019959, -0.0, 0.032614, 0.456632, 0.889058, 0.374721, -0.019791, -0.889061, 0.45736, 0.0, 0.0, 0.0, 0.0, 1.0],
                [0.999249, -0.032822, -0.020577, 0.0, 0.032925, 0.439702, 0.89754, 0.374721, -0.020411, -0.897544, 0.440453, 0.0, 0.0, 0.0, 0.0, 1.0],
                [0.99922, -0.033205, -0.021383, 0.0, 0.033309, 0.417628, 0.908007, 0.374721, -0.02122, -0.908011, 0.418409, -0.0, 0.0, 0.0, 0.0, 1.0],
                [0.999183, -0.03365, -0.02239, -0.0, 0.033756, 0.390053, 0.920174, 0.374721, -0.02223, -0.920177, 0.390871, -0.0, 0.0, 0.0, 0.0, 1.0],
                [0.999141, -0.034107, -0.023521, -0.0, 0.034214, 0.359099, 0.932672, 0.374721, -0.023364, -0.932676, 0.359958, -0.0, 0.0, 0.0, 0.0, 1.0],
                [0.999103, -0.034493, -0.02457, 0.0, 0.034601, 0.330354, 0.943223, 0.374721, -0.024417, -0.943227, 0.331251, -0.0, 0.0, 0.0, 0.0, 1.0],
                [0.999075, -0.034747, -0.025322, 0.0, 0.034856, 0.309763, 0.950175, 0.374721, -0.025172, -0.950179, 0.310688, -0.0, 0.0, 0.0, 0.0, 1.0],
                [0.999066, -0.034828, -0.025574, 0.0, 0.034938, 0.302867, 0.952392, 0.374721, -0.025424, -0.952396, 0.303801, -0.0, 0.0, 0.0, 0.0, 1.0],
                [0.999079, -0.034711, -0.025213, -0.0, 0.03482, 0.312753, 0.949196, 0.374721, -0.025062, -0.9492, 0.313674, -0.0, 0.0, 0.0, 0.0, 1.0],
                [0.999115, -0.034375, -0.024239, 0.0, 0.034483, 0.339442, 0.939995, 0.374721, -0.024084, -0.939999, 0.340327, 0.0, 0.0, 0.0, 0.0, 1.0],
                [0.999171, -0.033783, -0.022709, 0.0, 0.033889, 0.381333, 0.923816, 0.374721, -0.02255, -0.92382, 0.382162, 0.0, 0.0, 0.0, 0.0, 1.0],
                [0.999246, -0.032868, -0.020671, 0.0, 0.032971, 0.43714, 0.898789, 0.374721, -0.020505, -0.898793, 0.437895, -0.0, 0.0, 0.0, 0.0, 1.0],
                [0.999317, -0.031855, -0.018738, 0.0, 0.031955, 0.490067, 0.871099, 0.374721, -0.018566, -0.871103, 0.49075, -0.0, 0.0, 0.0, 0.0, 1.0],
                [0.999346, -0.031395, -0.017944, 0.0, 0.031494, 0.511803, 0.858526, 0.374721, -0.01777, -0.858529, 0.512457, 0.0, 0.0, 0.0, 0.0, 1.0],
                [0.999331, -0.031631, -0.018346, -0.0, 0.031731, 0.500794, 0.864985, 0.374721, -0.018173, -0.864988, 0.501463, 0.0, 0.0, 0.0, 0.0, 1.0],
                [0.999267, -0.032581, -0.020094, 0.0, 0.032683, 0.452931, 0.890946, 0.374721, -0.019927, -0.89095, 0.453664, 0.0, 0.0, 0.0, 0.0, 1.0],
                [0.999135, -0.034179, -0.023709, -0.0, 0.034286, 0.353934, 0.934642, 0.374721, -0.023553, -0.934646, 0.3548, -0.0, 0.0, 0.0, 0.0, 1.0],
                [0.998942, -0.035729, -0.028962, -0.0, 0.035841, 0.210092, 0.977024, 0.374721, -0.028823, -0.977029, 0.211151, 0.0, 0.0, 0.0, 0.0, 1.0],
                [0.998717, -0.036512, -0.035098, -0.0, 0.036627, 0.042093, 0.998442, 0.374721, -0.034978, -0.998447, 0.043376, 0.0, 0.0, 0.0, 0.0, 1.0],
                [0.998488, -0.036239, -0.041343, 0.0, 0.036353, -0.128922, 0.990988, 0.374721, -0.041243, -0.990993, -0.12741, -0.0, 0.0, 0.0, 0.0, 1.0],
                [0.998288, -0.0351, -0.0468, 0.0, 0.03521, -0.27835, 0.959834, 0.374721, -0.046717, -0.959838, -0.276638, -0.0, 0.0, 0.0, 0.0, 1.0],
                [0.99814, -0.033678, -0.050813, 0.0, 0.033784, -0.388223, 0.920946, 0.374721, -0.050742, -0.92095, -0.386363, -0.0, 0.0, 0.0, 0.0, 1.0],
                [0.998052, -0.032554, -0.053228, 0.0, 0.032657, -0.454359, 0.89022, 0.374721, -0.053165, -0.890224, -0.452411, 0.0, 0.0, 0.0, 0.0, 1.0],
                [0.998019, -0.032086, -0.054115, 0.0, 0.032187, -0.478645, 0.877418, 0.374721, -0.054055, -0.877422, -0.476664, 0.0, 0.0, 0.0, 0.0, 1.0],
                [0.998024, -0.032153, -0.053991, 0.0, 0.032254, -0.475265, 0.879251, 0.374721, -0.053931, -0.879255, -0.473289, 0.0, 0.0, 0.0, 0.0, 1.0],
                [0.998044, -0.032445, -0.05344, 0.0, 0.032547, -0.460163, 0.887238, 0.374721, -0.053378, -0.887242, -0.458206, 0.0, 0.0, 0.0, 0.0, 1.0],
                [0.998073, -0.032848, -0.05264, 0.0, 0.032951, -0.438263, 0.898243, 0.374721, -0.052576, -0.898246, -0.436337, 0.0, 0.0, 0.0, 0.0, 1.0],
                [0.998105, -0.033252, -0.051785, 0.0, 0.033356, -0.414836, 0.909284, 0.374721, -0.051717, -0.909288, -0.412941, -0.0, 0.0, 0.0, 0.0, 1.0],
                [0.99813, -0.033554, -0.051103, 0.0, 0.03366, -0.396163, 0.917563, 0.374721, -0.051033, -0.917567, -0.394293, -0.0, 0.0, 0.0, 0.0, 1.0],
                [0.998141, -0.033684, -0.050798, -0.0, 0.03379, -0.387831, 0.921111, 0.374721, -0.050728, -0.921115, -0.385972, 0.0, 0.0, 0.0, 0.0, 1.0],
                [0.998141, -0.03368, -0.050808, -0.0, 0.033786, -0.388081, 0.921006, 0.374721, -0.050737, -0.92101, -0.386221, -0.0, 0.0, 0.0, 0.0, 1.0],
                [0.998145, -0.03373, -0.050688, -0.0, 0.033836, -0.38481, 0.922376, 0.374721, -0.050617, -0.92238, -0.382955, 0.0, 0.0, 0.0, 0.0, 1.0],
                [0.998182, -0.034138, -0.049667, 0.0, 0.034246, -0.356852, 0.933533, 0.374721, -0.049593, -0.933537, -0.355034, 0.0, 0.0, 0.0, 0.0, 1.0],
                [0.998481, -0.036216, -0.041522, 0.0, 0.03633, -0.13383, 0.990338, 0.374721, -0.041423, -0.990343, -0.132311, 0.0, 0.0, 0.0, 0.0, 1.0],
                [0.999582, -0.026529, -0.011518, 0.0, 0.026612, 0.687767, 0.725443, 0.374721, -0.011323, -0.725447, 0.688186, 0.0, 0.0, 0.0, 0.0, 1.0],
                [1.0, -1.6e-05, -0.000115, 0.0, 1.6e-05, 1.0, 0.000437, 0.374721, 0.000115, -0.000437, 1.0, -0.0, 0.0, 0.0, 0.0, 1.0],
                [1.0, -1.6e-05, -0.000115, 0.0, 1.6e-05, 1.0, 0.000436, 0.37472, 0.000115, -0.000436, 1.0, -0.0, 0.0, 0.0, 0.0, 1.0],
                [0.99939, -0.03065, -0.016747, 0.0, 0.030747, 0.544569, 0.838152, 0.374721, -0.01657, -0.838156, 0.545179, -0.0, 0.0, 0.0, 0.0, 1.0],
                [0.998804, -0.036334, -0.032719, 0.0, 0.036448, 0.107228, 0.993566, 0.374721, -0.032592, -0.993571, 0.108424, 0.0, 0.0, 0.0, 0.0, 1.0],
                [0.998351, -0.035557, -0.045065, -0.0, 0.035669, -0.230832, 0.97234, 0.374721, -0.044976, -0.972344, -0.229183, 0.0, 0.0, 0.0, 0.0, 1.0],
                [0.998025, -0.032166, -0.053967, -0.0, 0.032268, -0.474604, 0.879608, 0.374721, -0.053907, -0.879612, -0.472628, 0.0, 0.0, 0.0, 0.0, 1.0],
                [0.998003, -0.031842, -0.054556, 0.0, 0.031942, -0.490727, 0.870727, 0.37472, -0.054498, -0.870732, -0.48873, 0.0, 0.0, 0.0, 0.0, 1.0],
                [0.998096, -0.033147, -0.052012, -0.0, 0.033251, -0.421075, 0.906416, 0.374721, -0.051946, -0.90642, -0.419171, -0.0, 0.0, 0.0, 0.0, 1.0],
                [0.998184, -0.034156, -0.049619, -0.0, 0.034264, -0.355549, 0.93403, 0.374721, -0.049545, -0.934034, -0.353733, -0.0, 0.0, 0.0, 0.0, 1.0],
                [0.998261, -0.034882, -0.047526, 0.0, 0.034991, -0.29822, 0.953856, 0.374721, -0.047445, -0.95386, -0.296481, 0.0, 0.0, 0.0, 0.0, 1.0],
                [0.998325, -0.035383, -0.045768, -0.0, 0.035494, -0.250082, 0.967574, 0.37472, -0.045682, -0.967578, -0.248407, -0.0, 0.0, 0.0, 0.0, 1.0],
                [0.998381, -0.035739, -0.044261, -0.0, 0.035851, -0.208809, 0.977299, 0.374721, -0.04417, -0.977303, -0.20719, -0.0, 0.0, 0.0, 0.0, 1.0],
                [0.998433, -0.036012, -0.042848, -0.0, 0.036125, -0.170118, 0.984761, 0.374721, -0.042752, -0.984766, -0.16855, 0.0, 0.0, 0.0, 0.0, 1.0],
                [0.998486, -0.036234, -0.041387, -0.0, 0.036348, -0.130118, 0.990832, 0.374721, -0.041287, -0.990837, -0.128604, 0.0, 0.0, 0.0, 0.0, 1.0],
                [0.998538, -0.036391, -0.039981, 0.0, 0.036505, -0.09163, 0.995124, 0.374721, -0.039877, -0.995128, -0.090168, 0.0, 0.0, 0.0, 0.0, 1.0],
                [0.998581, -0.03648, -0.038802, 0.0, 0.036595, -0.059332, 0.997567, 0.374721, -0.038694, -0.997572, -0.057913, -0.0, 0.0, 0.0, 0.0, 1.0],
                [0.998615, -0.036524, -0.037863, -0.0, 0.036639, -0.033635, 0.998762, 0.37472, -0.037752, -0.998767, -0.03225, 0.0, 0.0, 0.0, 0.0, 1.0],
                [0.998642, -0.036541, -0.037131, 0.0, 0.036656, -0.013596, 0.999236, 0.374721, -0.037018, -0.99924, -0.012238, -0.0, 0.0, 0.0, 0.0, 1.0],
                [0.998664, -0.036544, -0.036528, -0.0, 0.036659, 0.002913, 0.999324, 0.374721, -0.036413, -0.999328, 0.004249, 0.0, 0.0, 0.0, 0.0, 1.0],
                [0.998685, -0.036538, -0.035966, 0.0, 0.036653, 0.018304, 0.999161, 0.37472, -0.035849, -0.999165, 0.019619, -0.0, 0.0, 0.0, 0.0, 1.0],
                [0.998706, -0.036523, -0.03538, -0.0, 0.036638, 0.034368, 0.998737, 0.374721, -0.035261, -0.998742, 0.035662, 0.0, 0.0, 0.0, 0.0, 1.0],
                [0.99873, -0.036495, -0.034734, 0.0, 0.03661, 0.052038, 0.997974, 0.374721, -0.034614, -0.997978, 0.053308, -0.0, 0.0, 0.0, 0.0, 1.0],
                [0.998755, -0.036453, -0.034051, 0.0, 0.036568, 0.070748, 0.996824, 0.374721, -0.033928, -0.996828, 0.071993, 0.0, 0.0, 0.0, 0.0, 1.0],
                [0.998781, -0.036397, -0.033356, -0.0, 0.036511, 0.089777, 0.995292, 0.37472, -0.033231, -0.995297, 0.090996, 0.0, 0.0, 0.0, 0.0, 1.0],
                [0.998806, -0.036328, -0.03267, 0.0, 0.036443, 0.108578, 0.99342, 0.374721, -0.032542, -0.993424, 0.109773, 0.0, 0.0, 0.0, 0.0, 1.0],
                [0.998831, -0.036248, -0.031993, -0.0, 0.036362, 0.127115, 0.991221, 0.374721, -0.031863, -0.991226, 0.128285, 0.0, 0.0, 0.0, 0.0, 1.0],
                [0.998855, -0.036157, -0.031336, 0.0, 0.036271, 0.145109, 0.988751, 0.374721, -0.031204, -0.988755, 0.146254, 0.0, 0.0, 0.0, 0.0, 1.0],
                [0.998878, -0.03606, -0.03071, -0.0, 0.036174, 0.162235, 0.986089, 0.37472, -0.030577, -0.986093, 0.163357, -0.0, 0.0, 0.0, 0.0, 1.0],
                [0.998899, -0.03596, -0.030129, 0.0, 0.036073, 0.178144, 0.983343, 0.374721, -0.029994, -0.983347, 0.179245, -0.0, 0.0, 0.0, 0.0, 1.0],
                [0.998918, -0.035861, -0.029605, 0.0, 0.035974, 0.192501, 0.980637, 0.374721, -0.029468, -0.980642, 0.193583, 0.0, 0.0, 0.0, 0.0, 1.0],
                [0.998935, -0.035768, -0.029147, 0.0, 0.035881, 0.205025, 0.978099, 0.37472, -0.029009, -0.978103, 0.20609, -0.0, 0.0, 0.0, 0.0, 1.0],
                [0.998949, -0.035685, -0.028764, 0.0, 0.035798, 0.215524, 0.975842, 0.374721, -0.028624, -0.975846, 0.216575, 0.0, 0.0, 0.0, 0.0, 1.0],
                [0.99896, -0.035617, -0.028458, 0.0, 0.035729, 0.223913, 0.973954, 0.374721, -0.028317, -0.973958, 0.224953, -0.0, 0.0, 0.0, 0.0, 1.0],
                [0.998969, -0.035563, -0.028228, 0.0, 0.035675, 0.230205, 0.972488, 0.37472, -0.028086, -0.972493, 0.231236, -0.0, 0.0, 0.0, 0.0, 1.0],
                [0.998975, -0.035525, -0.028071, -0.0, 0.035637, 0.234496, 0.971464, 0.374721, -0.027929, -0.971468, 0.235521, 0.0, 0.0, 0.0, 0.0, 1.0],
                [0.998978, -0.035504, -0.027982, -0.0, 0.035616, 0.236935, 0.970873, 0.374721, -0.02784, -0.970877, 0.237957, 0.0, 0.0, 0.0, 0.0, 1.0],
                [0.998979, -0.035497, -0.027954, -0.0, 0.035609, 0.237706, 0.970684, 0.37472, -0.027812, -0.970689, 0.238727, -0.0, 0.0, 0.0, 0.0, 1.0]
            ]
        },
        {
            "name": "Knee_R",
            "time": [0.0, 0.0167, 0.0333, 0.05, 0.0667, 0.0833, 0.1, 0.1167, 0.1333, 0.15, 0.1667, 0.1833, 0.2, 0.2167, 0.2333, 0.25, 0.2667, 0.2833, 0.3, 0.3167, 0.3333, 0.35, 0.3667, 0.3833, 0.4, 0.4167, 0.4333, 0.45, 0.4667, 0.4833, 0.5, 0.5167, 0.5333, 0.55, 0.5667, 0.5833, 0.6, 0.6167, 0.6333, 0.65, 0.6667, 0.6833, 0.7, 0.7167, 0.7333, 0.75, 0.7667, 0.7833, 0.8, 0.8167, 0.8333, 0.85, 0.8667, 0.8833, 0.9, 0.9167, 0.9333, 0.95, 0.9667, 0.9833, 1.0, 1.0167, 1.0333, 1.05, 1.0667, 1.0833, 1.1, 1.1167, 1.1333, 1.15, 1.1667, 1.1833, 1.2, 1.2167, 1.2333, 1.25, 1.2667, 1.2833, 1.3, 1.3167, 1.3333],
            "transform": [
                [1.0, -5.7e-05, 5.7e-05, -2e-06, 5.7e-05, 0.001565, -0.999999, 0.418374, 5.7e-05, 0.999999, 0.001565, -6.8e-05, 0.0, 0.0, 0.0, 1.0],
                [1.0, -5.7e-05, 5.7e-05, -2e-06, 5.7e-05, 0.001565, -0.999999, 0.418441, 5.7e-05, 0.999999, 0.001565, -6.8e-05, 0.0, 0.0, 0.0, 1.0],
                [1.0, -5.7e-05, 5.7e-05, -3e-06, 5.7e-05, 0.001565, -0.999999, 0.418658, 5.7e-05, 0.999999, 0.001565, -6.9e-05, 0.0, 0.0, 0.0, 1.0],
                [1.0, -5.7e-05, 5.7e-05, -3e-06, 5.7e-05, 0.001565, -0.999999, 0.419023, 5.7e-05, 0.999999, 0.001565, -6.9e-05, 0.0, 0.0, 0.0, 1.0],
                [1.0, -5.7e-05, 5.7e-05, -3e-06, 5.7e-05, 0.001565, -0.999999, 0.419508, 5.7e-05, 0.999999, 0.001565, -7e-05, 0.0, 0.0, 0.0, 1.0],
