{
    "animation": [
        {
            "name": "Root",
            "time": [0.0, 0.0167, 0.0333, 0.05, 0.0667, 0.0833, 0.1, 0.1167, 0.1333, 0.15, 0.1667, 0.1833, 0.2, 0.2167, 0.2333, 0.25, 0.2667, 0.2833, 0.3, 0.3167, 0.3333, 0.35, 0.3667, 0.3833, 0.4, 0.4167, 0.4333, 0.45, 0.4667, 0.4833, 0.5, 0.5167, 0.5333, 0.55, 0.5667, 0.5833, 0.6, 0.6167, 0.6333, 0.65, 0.6667, 0.6833, 0.7, 0.7167, 0.7333, 0.75, 0.7667, 0.7833, 0.8, 0.8167, 0.8333, 0.85, 0.8667, 0.8833, 0.9, 0.9167, 0.9333, 0.95, 0.9667, 0.9833, 1.0, 1.0167, 1.0333, 1.05, 1.0667, 1.0833, 1.1, 1.1167, 1.1333, 1.15, 1.1667, 1.1833, 1.2, 1.2167, 1.2333, 1.25, 1.2667, 1.2833, 1.3, 1.3167, 1.3333],
            "transform": [
                [0.997126, 0.0, -0.075768, -5e-06, -0.075768, 0.0, -0.997126, 0.000946, 0.0, 1.0, 0.0, 0.621154, 0.0, 0.0, 0.0, 1.0],
                [0.997126, 0.0, -0.075768, 0.021799, -0.075768, 0.0, -0.997126, 0.58622, 0.0, 1.0, 0.0, 0.648738, 0.0, 0.0, 0.0, 1.0],
                [0.997126, 0.0, -0.075768, 0.068454, -0.075768, 0.0, -0.997126, 1.983292, 0.0, 1.0, 0.0, 0.707766, 0.0, 0.0, 0.0, 1.0],
                [0.997126, 0.0, -0.075768, 0.090258, -0.075768, 0.0, -0.997126, 3.014479, 0.0, 1.0, 0.0, 0.735351, 0.0, 0.0, 0.0, 1.0],
                [0.997126, 0.0, -0.075768, 0.086056, -0.075768, 0.0, -0.997126, 3.532652, 0.0, 1.0, 0.0, 0.731142, 0.0, 0.0, 0.0, 1.0],
                [0.997126, 0.0, -0.075768, 0.073956, -0.075768, 0.0, -0.997126, 3.910794, 0.0, 1.0, 0.0, 0.715709, 0.0, 0.0, 0.0, 1.0],
                [0.997126, 0.0, -0.075768, 0.06017, -0.075768, 0.0, -0.997126, 4.149857, 0.0, 1.0, 0.0, 0.691687, 0.0, 0.0, 0.0, 1.0],
                [0.997126, 0.0, -0.075768, 0.047623, -0.075768, 0.0, -0.997126, 4.281969, 0.0, 1.0, 0.0, 0.663176, 0.0, 0.0, 0.0, 1.0],
                [0.997126, 0.0, -0.075768, 0.034194, -0.075768, 0.0, -0.997126, 4.366067, 0.0, 1.0, 0.0, 0.628156, 0.0, 0.0, 0.0, 1.0],
                [0.997126, 0.0, -0.075768, 0.018432, -0.075768, 0.0, -0.997126, 4.461955, 0.0, 1.0, 0.0, 0.586876, 0.0, 0.0, 0.0, 1.0],
                [0.997126, 0.0, -0.075768, -5e-06, -0.075768, 0.0, -0.997126, 4.60855, 0.0, 1.0, 0.0, 0.542559, 0.0, 0.0, 0.0, 1.0],
                [0.997126, 0.0, -0.075768, -0.024206, -0.075768, 0.0, -0.997126, 4.805226, 0.0, 1.0, 0.0, 0.487254, 0.0, 0.0, 0.0, 1.0],
                [0.997126, 0.0, -0.075768, -0.05569, -0.075768, 0.0, -0.997126, 5.023557, 0.0, 1.0, 0.0, 0.415946, 0.0, 0.0, 0.0, 1.0],
                [0.997126, 0.0, -0.075768, -0.087465, -0.075768, 0.0, -0.997126, 5.224366, 0.0, 1.0, 0.0, 0.345577, 0.0, 0.0, 0.0, 1.0],
                [0.997126, 0.0, -0.075768, -0.110511, -0.075768, 0.0, -0.997126, 5.364403, 0.0, 1.0, 0.0, 0.297376, 0.0, 0.0, 0.0, 1.0],
                [0.997126, 0.0, -0.075768, -0.120354, -0.075768, 0.0, -0.997126, 5.427866, 0.0, 1.0, 0.0, 0.281384, 0.0, 0.0, 0.0, 1.0],
                [0.997126, 0.0, -0.075768, -0.123356, -0.075768, 0.0, -0.997126, 5.450579, 0.0, 1.0, 0.0, 0.281472, 0.0, 0.0, 0.0, 1.0],
                [0.997126, 0.0, -0.075768, -0.12587, -0.075768, 0.0, -0.997126, 5.464945, 0.0, 1.0, 0.0, 0.282186, 0.0, 0.0, 0.0, 1.0],
                [0.997126, 0.0, -0.075768, -0.127806, -0.075768, 0.0, -0.997126, 5.473342, 0.0, 1.0, 0.0, 0.284422, 0.0, 0.0, 0.0, 1.0],
                [0.997126, 0.0, -0.075768, -0.12913, -0.075768, 0.0, -0.997126, 5.480286, 0.0, 1.0, 0.0, 0.289244, 0.0, 0.0, 0.0, 1.0],
                [0.997126, 0.0, -0.075768, -0.129899, -0.075768, 0.0, -0.997126, 5.491625, 0.0, 1.0, 0.0, 0.297542, 0.0, 0.0, 0.0, 1.0],
                [0.997126, 0.0, -0.075768, -0.130255, -0.075768, 0.0, -0.997126, 5.512539, 0.0, 1.0, 0.0, 0.309681, 0.0, 0.0, 0.0, 1.0],
                [0.997126, 0.0, -0.075768, -0.130369, -0.075768, 0.0, -0.997126, 5.545923, 0.0, 1.0, 0.0, 0.325441, 0.0, 0.0, 0.0, 1.0],
                [0.997126, 0.0, -0.075768, -0.130383, -0.075768, 0.0, -0.997126, 5.59231, 0.0, 1.0, 0.0, 0.34426, 0.0, 0.0, 0.0, 1.0],
                [0.997126, 0.0, -0.075768, -0.122941, -0.075768, 0.0, -0.997126, 5.763594, 0.0, 1.0, 0.0, 0.384293, 0.0, 0.0, 0.0, 1.0],
                [0.997126, 0.0, -0.075768, -0.104737, -0.075768, 0.0, -0.997126, 6.076655, 0.0, 1.0, 0.0, 0.457845, 0.0, 0.0, 0.0, 1.0],
                [0.997126, 0.0, -0.075768, -0.090267, -0.075768, 0.0, -0.997126, 6.268133, 0.0, 1.0, 0.0, 0.531274, 0.0, 0.0, 0.0, 1.0],
                [0.997126, 0.0, -0.075768, -0.082604, -0.075768, 0.0, -0.997126, 6.332743, 0.0, 1.0, 0.0, 0.608417, 0.0, 0.0, 0.0, 1.0],
                [0.997126, 0.0, -0.075768, -0.077903, -0.075768, 0.0, -0.997126, 6.372072, 0.0, 1.0, 0.0, 0.699233, 0.0, 0.0, 0.0, 1.0],
                [0.997126, 0.0, -0.075768, -0.074528, -0.075768, 0.0, -0.997126, 6.40082, 0.0, 1.0, 0.0, 0.768843, 0.0, 0.0, 0.0, 1.0],
                [0.997126, 0.0, -0.075768, -0.070209, -0.075768, 0.0, -0.997126, 6.433979, 0.0, 1.0, 0.0, 0.792449, 0.0, 0.0, 0.0, 1.0],
                [0.997126, 0.0, -0.075768, -0.064968, -0.075768, 0.0, -0.997126, 6.467432, 0.0, 1.0, 0.0, 0.792437, 0.0, 0.0, 0.0, 1.0],
                [0.997126, 0.0, -0.075768, -0.059662, -0.075768, 0.0, -0.997126, 6.494018, 0.0, 1.0, 0.0, 0.792347, 0.0, 0.0, 0.0, 1.0],
                [0.997126, 0.0, -0.075768, -0.05429, -0.075768, 0.0, -0.997126, 6.515482, 0.0, 1.0, 0.0, 0.792074, 0.0, 0.0, 0.0, 1.0],
                [0.997126, 0.0, -0.075768, -0.048859, -0.075768, 0.0, -0.997126, 6.533719, 0.0, 1.0, 0.0, 0.791489, 0.0, 0.0, 0.0, 1.0],
                [0.997126, 0.0, -0.075768, -0.04338, -0.075768, 0.0, -0.997126, 6.55066, 0.0, 1.0, 0.0, 0.790444, 0.0, 0.0, 0.0, 1.0],
                [0.997126, 0.0, -0.075768, -0.037868, -0.075768, 0.0, -0.997126, 6.568188, 0.0, 1.0, 0.0, 0.788785, 0.0, 0.0, 0.0, 1.0],
                [0.997126, 0.0, -0.075768, -0.032345, -0.075768, 0.0, -0.997126, 6.588039, 0.0, 1.0, 0.0, 0.786373, 0.0, 0.0, 0.0, 1.0],
                [0.997126, 0.0, -0.075768, -0.026834, -0.075768, 0.0, -0.997126, 6.611734, 0.0, 1.0, 0.0, 0.783114, 0.0, 0.0, 0.0, 1.0],
                [0.997126, 0.0, -0.075768, -0.021354, -0.075768, 0.0, -0.997126, 6.640535, 0.0, 1.0, 0.0, 0.778966, 0.0, 0.0, 0.0, 1.0],
                [0.997126, 0.0, -0.075768, -0.015923, -0.075768, 0.0, -0.997126, 6.675434, 0.0, 1.0, 0.0, 0.773942, 0.0, 0.0, 0.0, 1.0],
                [0.997126, 0.0, -0.075768, -0.010551, -0.075768, 0.0, -0.997126, 6.717167, 0.0, 1.0, 0.0, 0.7681, 0.0, 0.0, 0.0, 1.0],
                [0.997126, 0.0, -0.075768, -0.005245, -0.075768, 0.0, -0.997126, 6.766238, 0.0, 1.0, 0.0, 0.76152, 0.0, 0.0, 0.0, 1.0],
                [0.997126, 0.0, -0.075768, -5e-06, -0.075768, 0.0, -0.997126, 6.822959, 0.0, 1.0, 0.0, 0.754294, 0.0, 0.0, 0.0, 1.0],
                [0.997126, 0.0, -0.075768, 0.005298, -0.075768, 0.0, -0.997126, 6.90386, 0.0, 1.0, 0.0, 0.71145, 0.0, 0.0, 0.0, 1.0],
                [0.997126, 0.0, -0.075768, 0.010627, -0.075768, 0.0, -0.997126, 7.019998, 0.0, 1.0, 0.0, 0.603727, 0.0, 0.0, 0.0, 1.0],
                [0.997126, 0.0, -0.075768, 0.015614, -0.075768, 0.0, -0.997126, 7.150615, 0.0, 1.0, 0.0, 0.474955, 0.0, 0.0, 0.0, 1.0],
                [0.997126, 0.0, -0.075768, 0.020054, -0.075768, 0.0, -0.997126, 7.267755, 0.0, 1.0, 0.0, 0.378975, 0.0, 0.0, 0.0, 1.0],
                [0.997126, 0.0, -0.075768, 0.024126, -0.075768, 0.0, -0.997126, 7.353785, 0.0, 1.0, 0.0, 0.307439, 0.0, 0.0, 0.0, 1.0],
                [0.997126, 0.0, -0.075768, 0.027571, -0.075768, 0.0, -0.997126, 7.400391, 0.0, 1.0, 0.0, 0.252699, 0.0, 0.0, 0.0, 1.0],
                [0.997126, 0.0, -0.075768, 0.030083, -0.075768, 0.0, -0.997126, 7.409014, 0.0, 1.0, 0.0, 0.235329, 0.0, 0.0, 0.0, 1.0],
                [0.997126, 0.0, -0.075768, 0.031504, -0.075768, 0.0, -0.997126, 7.400379, 0.0, 1.0, 0.0, 0.240196, 0.0, 0.0, 0.0, 1.0],
                [0.997126, 0.0, -0.075768, 0.031799, -0.075768, 0.0, -0.997126, 7.391051, 0.0, 1.0, 0.0, 0.255926, 0.0, 0.0, 0.0, 1.0],
                [0.997126, 0.0, -0.075768, 0.032177, -0.075768, 0.0, -0.997126, 7.381486, 0.0, 1.0, 0.0, 0.279745, 0.0, 0.0, 0.0, 1.0],
                [0.997126, 0.0, -0.075768, 0.033805, -0.075768, 0.0, -0.997126, 7.372252, 0.0, 1.0, 0.0, 0.305036, 0.0, 0.0, 0.0, 1.0],
                [0.997126, 0.0, -0.075768, 0.037844, -0.075768, 0.0, -0.997126, 7.552, 0.0, 1.0, 0.0, 0.332995, 0.0, 0.0, 0.0, 1.0],
                [0.997126, 0.0, -0.075768, 0.044939, -0.075768, 0.0, -0.997126, 7.94679, 0.0, 1.0, 0.0, 0.367513, 0.0, 0.0, 0.0, 1.0],
                [0.997126, 0.0, -0.075768, 0.053817, -0.075768, 0.0, -0.997126, 8.126204, 0.0, 1.0, 0.0, 0.405579, 0.0, 0.0, 0.0, 1.0],
                [0.997126, 0.0, -0.075768, 0.062151, -0.075768, 0.0, -0.997126, 8.117188, 0.0, 1.0, 0.0, 0.441893, 0.0, 0.0, 0.0, 1.0],
                [0.997126, 0.0, -0.075768, 0.067754, -0.075768, 0.0, -0.997126, 8.109079, 0.0, 1.0, 0.0, 0.471597, 0.0, 0.0, 0.0, 1.0],
                [0.997126, 0.0, -0.075768, 0.069642, -0.075768, 0.0, -0.997126, 8.101959, 0.0, 1.0, 0.0, 0.49262, 0.0, 0.0, 0.0, 1.0],
                [0.997126, 0.0, -0.075768, 0.065093, -0.075768, 0.0, -0.997126, 8.095544, 0.0, 1.0, 0.0, 0.508072, 0.0, 0.0, 0.0, 1.0],
                [0.997126, 0.0, -0.075768, 0.051335, -0.075768, 0.0, -0.997126, 8.089658, 0.0, 1.0, 0.0, 0.52087, 0.0, 0.0, 0.0, 1.0],
                [0.997126, 0.0, -0.075768, 0.028979, -0.075768, 0.0, -0.997126, 8.084361, 0.0, 1.0, 0.0, 0.530761, 0.0, 0.0, 0.0, 1.0],
                [0.997126, 0.0, -0.075768, 4.9e-05, -0.075768, 0.0, -0.997126, 8.079661, 0.0, 1.0, 0.0, 0.537757, 0.0, 0.0, 0.0, 1.0],
                [0.997126, 0.0, -0.075768, -0.031968, -0.075768, 0.0, -0.997126, 8.075489, 0.0, 1.0, 0.0, 0.542259, 0.0, 0.0, 0.0, 1.0],
                [0.997126, 0.0, -0.075768, -0.062863, -0.075768, 0.0, -0.997126, 8.071701, 0.0, 1.0, 0.0, 0.545025, 0.0, 0.0, 0.0, 1.0],
                [0.997126, 0.0, -0.075768, -0.088922, -0.075768, 0.0, -0.997126, 8.068121, 0.0, 1.0, 0.0, 0.54695, 0.0, 0.0, 0.0, 1.0],
                [0.997126, 0.0, -0.075768, -0.107763, -0.075768, 0.0, -0.997126, 8.064591, 0.0, 1.0, 0.0, 0.548814, 0.0, 0.0, 0.0, 1.0],
                [0.997126, 0.0, -0.075768, -0.118404, -0.075768, 0.0, -0.997126, 8.060999, 0.0, 1.0, 0.0, 0.551158, 0.0, 0.0, 0.0, 1.0],
                [0.997126, 0.0, -0.075768, -0.12459, -0.075768, 0.0, -0.997126, 8.057253, 0.0, 1.0, 0.0, 0.553735, 0.0, 0.0, 0.0, 1.0],
                [0.997126, 0.0, -0.075768, -0.130101, -0.075768, 0.0, -0.997126, 8.05335, 0.0, 1.0, 0.0, 0.556032, 0.0, 0.0, 0.0, 1.0],
                [0.997126, 0.0, -0.075768, -0.134828, -0.075768, 0.0, -0.997126, 8.049376, 0.0, 1.0, 0.0, 0.558001, 0.0, 0.0, 0.0, 1.0],
                [0.997126, 0.0, -0.075768, -0.138685, -0.075768, 0.0, -0.997126, 8.045452, 0.0, 1.0, 0.0, 0.559608, 0.0, 0.0, 0.0, 1.0],
                [0.997126, 0.0, -0.075768, -0.141636, -0.075768, 0.0, -0.997126, 8.04174, 0.0, 1.0, 0.0, 0.560838, 0.0, 0.0, 0.0, 1.0],
                [0.997126, 0.0, -0.075768, -0.143719, -0.075768, 0.0, -0.997126, 8.038409, 0.0, 1.0, 0.0, 0.561705, 0.0, 0.0, 0.0, 1.0],
                [0.997126, 0.0, -0.075768, -0.145047, -0.075768, 0.0, -0.997126, 8.035609, 0.0, 1.0, 0.0, 0.562259, 0.0, 0.0, 0.0, 1.0],
                [0.997126, 0.0, -0.075768, -0.145791, -0.075768, 0.0, -0.997126, 8.033437, 0.0, 1.0, 0.0, 0.562569, 0.0, 0.0, 0.0, 1.0],
                [0.997126, 0.0, -0.075768, -0.146135, -0.075768, 0.0, -0.997126, 8.031927, 0.0, 1.0, 0.0, 0.562713, 0.0, 0.0, 0.0, 1.0],
                [0.997126, 0.0, -0.075768, -0.146248, -0.075768, 0.0, -0.997126, 8.031061, 0.0, 1.0, 0.0, 0.56276, 0.0, 0.0, 0.0, 1.0],
                [0.997126, 0.0, -0.075768, -0.146263, -0.075768, 0.0, -0.997126, 8.030787, 0.0, 1.0, 0.0, 0.562766, 0.0, 0.0, 0.0, 1.0]
            ]
        },
        {
            "name": "Thigh_R",
            "time": [0.0, 0.0167, 0.0333, 0.05, 0.0667, 0.0833, 0.1, 0.1167, 0.1333, 0.15, 0.1667, 0.1833, 0.2, 0.2167, 0.2333, 0.25, 0.2667, 0.2833, 0.3, 0.3167, 0.3333, 0.35, 0.3667, 0.3833, 0.4, 0.4167, 0.4333, 0.45, 0.4667, 0.4833, 0.5, 0.5167, 0.5333, 0.55, 0.5667, 0.5833, 0.6, 0.6167, 0.6333, 0.65, 0.6667, 0.6833, 0.7, 0.7167, 0.7333, 0.75, 0.7667, 0.7833, 0.8, 0.8167, 0.8333, 0.85, 0.8667, 0.8833, 0.9, 0.9167, 0.9333, 0.95, 0.9667, 0.9833, 1.0, 1.0167, 1.0333, 1.05, 1.0667, 1.0833, 1.1, 1.1167, 1.1333, 1.15, 1.1667, 1.1833, 1.2, 1.2167, 1.2333, 1.25, 1.2667, 1.2833, 1.3, 1.3167, 1.3333],
            "transform": [
                [0.997133, 0.050691, -0.056188, 0.128578, 0.000325, -0.745356, -0.666667, 0.062392, -0.075674, 0.664737, -0.743235, 0.044124, 0.0, 0.0, 0.0, 1.0],
                [0.99555, 0.015225, -0.092997, 0.128552, -0.029046, -0.889236, -0.456526, 0.062003, -0.089647, 0.457195, -0.884837, 0.040042, 0.0, 0.0, 0.0, 1.0],
                [0.987501, -0.077031, -0.137506, 0.128337, -0.118906, -0.936763, -0.329145, 0.060875, -0.103456, 0.341381, -0.934214, 0.02753, 0.0, 0.0, 0.0, 1.0],
                [0.979503, -0.122665, -0.159773, 0.127656, -0.168009, -0.935079, -0.312089, 0.059256, -0.111118, 0.332536, -0.936522, 0.007888, 0.0, 0.0, 0.0, 1.0],
                [0.980226, -0.101894, -0.169631, 0.126256, -0.154025, -0.931054, -0.330778, 0.057642, -0.124231, 0.350365, -0.928338, -0.014962, 0.0, 0.0, 0.0, 1.0],
                [0.98372, -0.051998, -0.172021, 0.124065, -0.109371, -0.932763, -0.343497, 0.056527, -0.142594, 0.356719, -0.923265, -0.036292, 0.0, 0.0, 0.0, 1.0],
                [0.984815, 0.04949, -0.166405, 0.121192, -0.002938, -0.953619, -0.301003, 0.056159, -0.173583, 0.296921, -0.938992, -0.053078, 0.0, 0.0, 0.0, 1.0],
                [0.962073, 0.208237, -0.176215, 0.115144, 0.17523, -0.96683, -0.185832, 0.057874, -0.209067, 0.147906, -0.966651, -0.067937, 0.0, 0.0, 0.0, 1.0],
                [0.908092, 0.34611, -0.235747, 0.103362, 0.354657, -0.934973, -0.006545, 0.062978, -0.222683, -0.077666, -0.971792, -0.08412, 0.0, 0.0, 0.0, 1.0],
                [0.847171, 0.431768, -0.30964, 0.086482, 0.487337, -0.863617, 0.129103, 0.071159, -0.211668, -0.260271, -0.942049, -0.101002, 0.0, 0.0, 0.0, 1.0],
                [0.777766, 0.509035, -0.368732, 0.066105, 0.599815, -0.776434, 0.193321, 0.081558, -0.187889, -0.37153, -0.90921, -0.117586, 0.0, 0.0, 0.0, 1.0],
                [0.683004, 0.603211, -0.411875, 0.04476, 0.714493, -0.668856, 0.205257, 0.092774, -0.151672, -0.434474, -0.887822, -0.132622, 0.0, 0.0, 0.0, 1.0],
                [0.567481, 0.728262, -0.384187, 0.02534, 0.817269, -0.554962, 0.155203, 0.103166, -0.10018, -0.402059, -0.910117, -0.144941, 0.0, 0.0, 0.0, 1.0],
                [0.469662, 0.870787, -0.145421, 0.01026, 0.881672, -0.471125, 0.026389, 0.111335, -0.045533, -0.140608, -0.989018, -0.153789, 0.0, 0.0, 0.0, 1.0],
                [0.402599, 0.894768, -0.193142, 0.000949, 0.915375, -0.393837, 0.08355, 0.116421, -0.001309, -0.210434, -0.977607, -0.158943, 0.0, 0.0, 0.0, 1.0],
                [0.383367, 0.894592, -0.229638, -0.002136, 0.923397, -0.366086, 0.115407, 0.118116, 0.019175, -0.25629, -0.96641, -0.160581, 0.0, 0.0, 0.0, 1.0],
                [0.388683, 0.883064, -0.262914, 8.3e-05, 0.920934, -0.363554, 0.140388, 0.117147, 0.028388, -0.296693, -0.954551, -0.160541, 0.0, 0.0, 0.0, 1.0],
                [0.400539, 0.866839, -0.296913, 0.006774, 0.915452, -0.364819, 0.169863, 0.114167, 0.038924, -0.339847, -0.939675, -0.160221, 0.0, 0.0, 0.0, 1.0],
                [0.420493, 0.845669, -0.328679, 0.017744, 0.905902, -0.37126, 0.203732, 0.109155, 0.050265, -0.383419, -0.922206, -0.159241, 0.0, 0.0, 0.0, 1.0],
                [0.449763, 0.8203, -0.353301, 0.032361, 0.891, -0.38467, 0.241137, 0.10225, 0.0619, -0.423246, -0.903898, -0.157118, 0.0, 0.0, 0.0, 1.0],
                [0.485435, 0.75188, -0.446126, 0.049471, 0.870999, -0.371799, 0.321131, 0.093802, 0.075583, -0.544464, -0.835372, -0.153321, 0.0, 0.0, 0.0, 1.0],
                [0.525229, 0.587665, -0.615455, 0.067473, 0.845701, -0.280186, 0.454187, 0.084368, 0.094468, -0.759043, -0.644151, -0.147366, 0.0, 0.0, 0.0, 1.0],
                [0.572692, 0.487599, -0.658992, 0.084583, 0.812043, -0.227308, 0.537511, 0.074626, 0.112296, -0.842958, -0.526129, -0.13892, 0.0, 0.0, 0.0, 1.0],
                [0.619853, 0.432395, -0.654841, 0.099201, 0.773722, -0.197553, 0.601937, 0.065237, 0.130908, -0.879777, -0.457008, -0.127876, 0.0, 0.0, 0.0, 1.0],
                [0.679204, 0.450281, -0.579594, 0.110172, 0.719145, -0.250479, 0.648144, 0.056729, 0.146671, -0.857034, -0.493944, -0.114338, 0.0, 0.0, 0.0, 1.0],
                [0.75567, 0.536918, -0.375076, 0.116863, 0.636019, -0.464873, 0.615933, 0.049444, 0.156343, -0.703997, -0.69278, -0.098551, 0.0, 0.0, 0.0, 1.0],
                [0.818749, 0.538725, -0.198557, 0.119083, 0.547456, -0.628286, 0.552764, 0.043551, 0.173038, -0.561276, -0.809337, -0.080826, 0.0, 0.0, 0.0, 1.0],
                [0.8693, 0.486457, -0.087621, 0.119083, 0.453777, -0.715138, 0.531661, 0.038736, 0.195969, -0.501934, -0.842412, -0.049018, 0.0, 0.0, 0.0, 1.0],
                [0.907891, 0.417152, 0.041456, 0.119081, 0.35521, -0.818037, 0.452371, 0.034827, 0.22262, -0.395978, -0.890866, 0.003107, 0.0, 0.0, 0.0, 1.0],
                [0.926789, 0.310158, 0.211813, 0.119079, 0.272729, -0.943497, 0.188236, 0.031801, 0.258228, -0.116687, -0.959011, 0.05243, 0.0, 0.0, 0.0, 1.0],
                [0.922195, 0.285924, 0.260394, 0.119078, 0.233733, -0.948517, 0.213739, 0.029211, 0.308101, -0.136246, -0.941547, 0.077164, 0.0, 0.0, 0.0, 1.0],
                [0.906644, 0.27514, 0.319835, 0.118272, 0.212354, -0.952664, 0.217571, 0.026813, 0.364558, -0.129341, -0.922154, 0.086964, 0.0, 0.0, 0.0, 1.0],
                [0.884621, 0.268305, 0.38139, 0.11584, 0.194791, -0.955729, 0.220539, 0.024663, 0.423677, -0.120802, -0.897722, 0.096012, 0.0, 0.0, 0.0, 1.0],
                [0.855543, 0.264565, 0.44503, 0.111772, 0.180568, -0.95808, 0.222437, 0.022762, 0.485224, -0.109946, -0.86745, 0.104269, 0.0, 0.0, 0.0, 1.0],
                [0.818812, 0.262929, 0.51031, 0.106097, 0.169367, -0.96002, 0.22288, 0.021104, 0.548509, -0.096067, -0.830608, 0.111704, 0.0, 0.0, 0.0, 1.0],
                [0.774009, 0.262325, 0.576277, 0.098884, 0.161155, -0.961784, 0.221359, 0.019677, 0.612322, -0.078464, -0.786705, 0.118293, 0.0, 0.0, 0.0, 1.0],
                [0.721131, 0.261646, 0.641491, 0.090256, 0.156267, -0.96351, 0.21732, 0.01846, 0.674945, -0.056472, -0.735704, 0.124028, 0.0, 0.0, 0.0, 1.0],
                [0.659693, 0.33194, 0.674256, 0.080394, 0.158923, -0.938498, 0.306537, 0.017423, 0.734539, -0.095066, -0.671874, 0.128927, 0.0, 0.0, 0.0, 1.0],
                [0.592467, 0.375621, 0.712666, 0.069538, 0.164983, -0.922469, 0.349044, 0.016527, 0.78852, -0.089219, -0.608503, 0.133027, 0.0, 0.0, 0.0, 1.0],
                [0.52112, 0.410348, 0.748364, 0.057983, 0.176666, -0.909707, 0.375796, 0.015725, 0.834999, -0.063625, -0.546561, 0.136394, 0.0, 0.0, 0.0, 1.0],
                [0.447913, 0.436728, 0.780155, 0.046067, 0.195136, -0.899297, 0.39139, 0.014963, 0.872522, -0.023073, -0.488029, 0.139119, 0.0, 0.0, 0.0, 1.0],
                [0.375171, 0.452661, 0.808916, 0.034151, 0.22114, -0.891168, 0.396125, 0.014184, 0.900191, 0.030269, -0.434442, 0.14131, 0.0, 0.0, 0.0, 1.0],
                [0.304975, 0.45511, 0.83658, 0.022597, 0.25498, -0.885378, 0.388704, 0.013332, 0.917592, 0.094767, -0.386062, 0.143094, 0.0, 0.0, 0.0, 1.0],
                [0.23899, 0.440343, 0.865438, 0.01174, 0.296428, -0.881804, 0.366812, 0.012354, 0.92467, 0.168876, -0.341273, 0.1446, 0.0, 0.0, 0.0, 1.0],
                [0.170067, 0.492201, 0.853707, 0.001878, 0.38176, -0.831583, 0.403396, 0.011205, 0.90848, 0.257307, -0.329328, 0.145959, 0.0, 0.0, 0.0, 1.0],
                [0.085493, 0.562532, 0.822344, -0.006749, 0.552277, -0.713718, 0.430809, 0.009849, 0.829265, 0.417331, -0.371691, 0.147286, 0.0, 0.0, 0.0, 1.0],
                [-0.009079, 0.506377, 0.862265, -0.013962, 0.756715, -0.560214, 0.336961, 0.008258, 0.653682, 0.655548, -0.378097, 0.148684, 0.0, 0.0, 0.0, 1.0],
                [-0.079473, 0.316256, 0.945339, -0.019637, 0.88678, -0.410727, 0.211955, 0.006414, 0.455308, 0.855152, -0.247808, 0.15024, 0.0, 0.0, 0.0, 1.0],
                [-0.124936, 0.094459, 0.987658, -0.023704, 0.947003, -0.285562, 0.147104, 0.004308, 0.295933, 0.953694, -0.053776, 0.152023, 0.0, 0.0, 0.0, 1.0],
                [-0.154747, -0.068716, 0.985562, -0.026136, 0.970956, -0.194834, 0.138869, 0.001938, 0.182478, 0.978426, 0.09687, 0.154082, 0.0, 0.0, 0.0, 1.0],
                [-0.167125, -0.113128, 0.979424, -0.026941, 0.975512, -0.163045, 0.147625, -0.000696, 0.142989, 0.980111, 0.137607, 0.156455, 0.0, 0.0, 0.0, 1.0],
                [-0.173476, -0.087908, 0.980907, -0.026927, 0.974379, -0.160091, 0.157975, -0.003853, 0.143147, 0.98318, 0.113427, 0.158916, 0.0, 0.0, 0.0, 1.0],
                [-0.17974, -0.068525, 0.981325, -0.026883, 0.970707, -0.174042, 0.165642, -0.007789, 0.159442, 0.982351, 0.0978, 0.1612, 0.0, 0.0, 0.0, 1.0],
                [-0.188834, -0.057678, 0.980314, -0.026811, 0.964208, -0.200105, 0.173958, -0.012448, 0.186132, 0.978075, 0.093401, 0.163279, 0.0, 0.0, 0.0, 1.0],
                [-0.202304, -0.055512, 0.977748, -0.026713, 0.956169, -0.227009, 0.18495, -0.017715, 0.211691, 0.972309, 0.099004, 0.165114, 0.0, 0.0, 0.0, 1.0],
                [-0.219802, -0.065692, 0.97333, -0.026594, 0.946166, -0.257367, 0.196298, -0.023404, 0.237608, 0.964078, 0.118726, 0.166688, 0.0, 0.0, 0.0, 1.0],
                [-0.241537, -0.094026, 0.965826, -0.02646, 0.932331, -0.298499, 0.204101, -0.029258, 0.269107, 0.949767, 0.159762, 0.167982, 0.0, 0.0, 0.0, 1.0],
                [-0.266508, -0.137835, 0.953926, -0.026322, 0.91534, -0.346176, 0.205708, -0.034972, 0.301872, 0.927989, 0.218424, 0.168997, 0.0, 0.0, 0.0, 1.0],
                [-0.292028, -0.187709, 0.937809, -0.026189, 0.897556, -0.392447, 0.200942, -0.040237, 0.330321, 0.900417, 0.283085, 0.169748, 0.0, 0.0, 0.0, 1.0],
                [-0.314963, -0.229935, 0.92083, -0.026069, 0.881776, -0.429797, 0.194283, -0.044786, 0.351098, 0.873158, 0.338121, 0.170273, 0.0, 0.0, 0.0, 1.0],
                [-0.333245, -0.252615, 0.908369, -0.025971, 0.869598, -0.454654, 0.192583, -0.048422, 0.364344, 0.854093, 0.371185, 0.170611, 0.0, 0.0, 0.0, 1.0],
                [-0.347703, -0.24641, 0.904646, -0.025899, 0.8589, -0.470658, 0.201922, -0.051035, 0.376023, 0.847209, 0.375291, 0.170807, 0.0, 0.0, 0.0, 1.0],
                [-0.359846, -0.207452, 0.909656, -0.025856, 0.847088, -0.481321, 0.225328, -0.052585, 0.391092, 0.851642, 0.348932, 0.170899, 0.0, 0.0, 0.0, 1.0],
                [-0.369585, -0.142635, 0.918184, -0.025842, 0.834015, -0.486576, 0.260119, -0.053092, 0.409665, 0.861916, 0.298791, 0.170924, 0.0, 0.0, 0.0, 1.0],
                [-0.378063, -0.062309, 0.923681, -0.025842, 0.819953, -0.485762, 0.30284, -0.053092, 0.429819, 0.871868, 0.234739, 0.170925, 0.0, 0.0, 0.0, 1.0],
                [-0.386383, 0.021686, 0.922084, -0.025842, 0.805533, -0.479008, 0.348809, -0.053092, 0.44925, 0.877542, 0.167612, 0.170923, 0.0, 0.0, 0.0, 1.0],
                [-0.394042, 0.098146, 0.913837, -0.025842, 0.791592, -0.468991, 0.3917, -0.053092, 0.467025, 0.877733, 0.107111, 0.170926, 0.0, 0.0, 0.0, 1.0],
                [-0.400558, 0.159543, 0.902274, -0.025842, 0.779086, -0.458988, 0.42703, -0.053092, 0.482263, 0.874, 0.059554, 0.170924, 0.0, 0.0, 0.0, 1.0],
                [-0.405631, 0.202262, 0.891377, -0.025842, 0.768775, -0.452011, 0.452406, -0.053092, 0.494417, 0.868778, 0.027856, 0.170923, 0.0, 0.0, 0.0, 1.0],
                [-0.409178, 0.225885, 0.884053, -0.025842, 0.761073, -0.449963, 0.467227, -0.053092, 0.503331, 0.864008, 0.0122, 0.170924, 0.0, 0.0, 0.0, 1.0],
                [-0.411891, 0.239766, 0.879124, -0.025842, 0.754836, -0.450669, 0.476571, -0.053092, 0.51046, 0.859889, 0.004643, 0.170925, 0.0, 0.0, 0.0, 1.0],
                [-0.414406, 0.252588, 0.874338, -0.025841, 0.748904, -0.451236, 0.485312, -0.053092, 0.517117, 0.855912, -0.00217, 0.170925, 0.0, 0.0, 0.0, 1.0],
                [-0.416677, 0.264137, 0.869835, -0.025842, 0.74342, -0.451669, 0.493276, -0.053092, 0.52317, 0.852189, -0.008165, 0.170924, 0.0, 0.0, 0.0, 1.0],
                [-0.418659, 0.274254, 0.865742, -0.025842, 0.738536, -0.451943, 0.500312, -0.053092, 0.528479, 0.848842, -0.013337, 0.170925, 0.0, 0.0, 0.0, 1.0],
                [-0.420311, 0.282634, 0.862239, -0.025842, 0.734385, -0.452152, 0.506198, -0.053092, 0.532932, 0.845977, -0.017518, 0.170924, 0.0, 0.0, 0.0, 1.0],
                [-0.421617, 0.289256, 0.859401, -0.025841, 0.731057, -0.452279, 0.51088, -0.053092, 0.536464, 0.843667, -0.020774, 0.170924, 0.0, 0.0, 0.0, 1.0],
                [-0.422584, 0.294164, 0.857257, -0.025842, 0.728565, -0.452349, 0.514367, -0.053092, 0.539088, 0.841931, -0.023162, 0.170924, 0.0, 0.0, 0.0, 1.0],
                [-0.423247, 0.297532, 0.855767, -0.025842, 0.726845, -0.45238, 0.516767, -0.053092, 0.540886, 0.84073, -0.024791, 0.170924, 0.0, 0.0, 0.0, 1.0],
                [-0.423654, 0.299612, 0.854839, -0.025842, 0.725782, -0.452388, 0.518251, -0.053092, 0.541994, 0.839987, -0.025797, 0.170925, 0.0, 0.0, 0.0, 1.0],
                [-0.423862, 0.300679, 0.854361, -0.025842, 0.72524, -0.452386, 0.519013, -0.053092, 0.542558, 0.839606, -0.026315, 0.170924, 0.0, 0.0, 0.0, 1.0],
                [-0.423921, 0.300987, 0.854224, -0.025842, 0.725084, -0.452383, 0.519232, -0.053092, 0.542719, 0.839497, -0.026466, 0.170924, 0.0, 0.0, 0.0, 1.0]
            ]
        },
        {
            "name": "Leg_R",
            "time": [0.0, 0.0167, 0.0333, 0.05, 0.0667, 0.0833, 0.1, 0.1167, 0.1333, 0.15, 0.1667, 0.1833, 0.2, 0.2167, 0.2333, 0.25, 0.2667, 0.2833, 0.3, 0.3167, 0.3333, 0.35, 0.3667, 0.3833, 0.4, 0.4167, 0.4333, 0.45, 0.4667, 0.4833, 0.5, 0.5167, 0.5333, 0.55, 0.5667, 0.5833, 0.6, 0.6167, 0.6333, 0.65, 0.6667, 0.6833, 0.7, 0.7167, 0.7333, 0.75, 0.7667, 0.7833, 0.8, 0.8167, 0.8333, 0.85, 0.8667, 0.8833, 0.9, 0.9167, 0.9333, 0.95, 0.9667, 0.9833, 1.0, 1.0167, 1.0333, 1.05, 1.0667, 1.0833, 1.1, 1.1167, 1.1333, 1.15, 1.1667, 1.1833, 1.2, 1.2167, 1.2333, 1.25, 1.2667, 1.2833, 1.3, 1.3167, 1.3333],
            "transform": [
                [1.0, -1.6e-05, -0.000115, -0.0, 1.6e-05, 1.0, 0.000434, 0.374721, 0.000115, -0.000435, 1.0, -0.0, 0.0, 0.0, 0.0, 1.0],
                [0.999765, -0.020687, -0.00653, -0.0, 0.020752, 0.824354, 0.565695, 0.374721, -0.00632, -0.565697, 0.824589, -0.0, 0.0, 0.0, 0.0, 1.0],
                [0.999259, -0.032689, -0.020309, 0.0, 0.032792, 0.447051, 0.893907, 0.374721, -0.020142, -0.893911, 0.447792, 0.0, 0.0, 0.0, 0.0, 1.0],
                [0.998997, -0.035375, -0.027469, -0.0, 0.035486, 0.25097, 0.967344, 0.374721, -0.027326, -0.967348, 0.251974, -0.0, 0.0, 0.0, 0.0, 1.0],
                [0.998924, -0.035827, -0.029436, 0.0, 0.03594, 0.197126, 0.979719, 0.374721, -0.029298, -0.979724, 0.198201, -0.0, 0.0, 0.0, 0.0, 1.0],
                [0.998843, -0.036205, -0.031666, 0.0, 0.036318, 0.136056, 0.990035, 0.374721, -0.031535, -0.990039, 0.137213, -0.0, 0.0, 0.0, 0.0, 1.0],
                [0.998653, -0.036544, -0.036828, 0.0, 0.036659, -0.005295, 0.999314, 0.374721, -0.036714, -0.999318, -0.003948, 0.0, 0.0, 0.0, 0.0, 1.0],
                [0.998491, -0.036251, -0.041252, -0.0, 0.036365, -0.126436, 0.991308, 0.374721, -0.041152, -0.991312, -0.124927, 1e-06, 0.0, 0.0, 0.0, 1.0],
                [0.998515, -0.036329, -0.040596, 0.0, 0.036443, -0.108473, 0.993431, 0.374721, -0.040494, -0.993436, -0.106988, -1e-06, 0.0, 0.0, 0.0, 1.0],
                [0.99872, -0.036509, -0.035018, -0.0, 0.036623, 0.044282, 0.998348, 0.374721, -0.034898, -0.998352, 0.045562, 0.0, 0.0, 0.0, 0.0, 1.0],
                [0.99896, -0.035621, -0.028477, 0.0, 0.035733, 0.223375, 0.974077, 0.374721, -0.028337, -0.974082, 0.224415, 0.0, 0.0, 0.0, 0.0, 1.0],
                [0.999226, -0.033129, -0.021219, 0.0, 0.033233, 0.422128, 0.905927, 0.374721, -0.021055, -0.905931, 0.422902, 0.0, 0.0, 0.0, 0.0, 1.0],
                [0.999628, -0.025289, -0.010271, -0.0, 0.025368, 0.721899, 0.691533, 0.374721, -0.010073, -0.691537, 0.722272, 0.0, 0.0, 0.0, 0.0, 1.0],
                [1.0, -1.6e-05, -0.000115, 0.0, 1.6e-05, 1.0, 0.000435, 0.374721, 0.000115, -0.000435, 1.0, -1e-06, 0.0, 0.0, 0.0, 1.0],
                [1.0, -1.6e-05, -0.000115, -0.0, 1.6e-05, 1.0, 0.000436, 0.374721, 0.000115, -0.000436, 1.0, 0.0, 0.0, 0.0, 0.0, 1.0],
                [1.0, -1.6e-05, -0.000115, -0.0, 1.6e-05, 1.0, 0.000437, 0.374721, 0.000115, -0.000437, 1.0, -0.0, 0.0, 0.0, 0.0, 1.0],
                [1.0, -1.6e-05, -0.000115, 0.0, 1.6e-05, 1.0, 0.000437, 0.374721, 0.000115, -0.000437, 1.0, 1e-06, 0.0, 0.0, 0.0, 1.0],
                [1.0, -1.6e-05, -0.000115, -0.0, 1.6e-05, 1.0, 0.000437, 0.374721, 0.000115, -0.000437, 1.0, -0.0, 0.0, 0.0, 0.0, 1.0],
                [1.0, -1.6e-05, -0.000115, 0.0, 1.6e-05, 1.0, 0.000436, 0.374721, 0.000115, -0.000436, 1.0, -0.0, 0.0, 0.0, 0.0, 1.0],
                [1.0, -1.6e-05, -0.000115, 0.0, 1.6e-05, 1.0, 0.000436, 0.374721, 0.000115, -0.000435, 1.0, 0.0, 0.0, 0.0, 0.0, 1.0],
                [0.99997, -0.007665, -0.000927, -0.0, 0.007689, 0.977759, 0.209592, 0.37472, -0.0007, -0.209593, 0.977789, -0.0, 0.0, 0.0, 0.0, 1.0],
                [0.999636, -0.025045, -0.01004, -0.0, 0.025124, 0.728231, 0.684871, 0.37472, -0.009841, -0.684874, 0.728595, -0.0, 0.0, 0.0, 0.0, 1.0],
                [0.999321, -0.031789, -0.01862, -0.0, 0.031889, 0.49328, 0.869286, 0.37472, -0.018448, -0.86929, 0.493959, 0.0, 0.0, 0.0, 0.0, 1.0],
                [0.999052, -0.034946, -0.025952, 0.0, 0.035056, 0.292524, 0.955615, 0.37472, -0.025803, -0.95562, 0.293472, -0.0, 0.0, 0.0, 0.0, 1.0],
                [0.998782, -0.036393, -0.033312, 0.0, 0.036507, 0.090975, 0.995184, 0.374721, -0.033187, -0.995188, 0.092193, -0.0, 0.0, 0.0, 0.0, 1.0],
                [0.99873, -0.036495, -0.034735, -0.0, 0.03661, 0.052023, 0.997975, 0.37472, -0.034614, -0.997979, 0.053293, -0.0, 0.0, 0.0, 0.0, 1.0],
                [0.998916, -0.035875, -0.029679, 0.0, 0.035988, 0.190465, 0.981034, 0.37472, -0.029542, -0.981038, 0.19155, -0.0, 0.0, 0.0, 0.0, 1.0],
                [0.999195, -0.033512, -0.022069, 0.0, 0.033617, 0.398836, 0.916406, 0.374721, -0.021909, -0.91641, 0.399642, 0.0, 0.0, 0.0, 0.0, 1.0],
                [0.999645, -0.024785, -0.009798, 0.0, 0.024863, 0.734856, 0.677767, 0.374721, -0.009598, -0.67777, 0.735212, -0.0, 0.0, 0.0, 0.0, 1.0],
                [1.0, -1.6e-05, -0.000115, 0.0, 1.6e-05, 1.0, 0.000435, 0.374721, 0.000115, -0.000435, 1.0, -0.0, 0.0, 0.0, 0.0, 1.0],
                [1.0, -1.6e-05, -0.000115, -0.0, 1.6e-05, 1.0, 0.000435, 0.374721, 0.000115, -0.000435, 1.0, -0.0, 0.0, 0.0, 0.0, 1.0],
                [1.0, -1.6e-05, -0.000115, 0.0, 1.6e-05, 1.0, 0.000435, 0.374721, 0.000115, -0.000435, 1.0, -0.0, 0.0, 0.0, 0.0, 1.0],
                [1.0, -1.6e-05, -0.000115, -0.0, 1.6e-05, 1.0, 0.000435, 0.374721, 0.000115, -0.000435, 1.0, 1e-06, 0.0, 0.0, 0.0, 1.0],
                [1.0, -1.6e-05, -0.000115, -0.0, 1.6e-05, 1.0, 0.000435, 0.374721, 0.000115, -0.000435, 1.0, -0.0, 0.0, 0.0, 0.0, 1.0],
                [1.0, -1.6e-05, -0.000115, 0.0, 1.6e-05, 1.0, 0.000435, 0.374721, 0.000115, -0.000435, 1.0, -1e-06, 0.0, 0.0, 0.0, 1.0],
                [1.0, -1.6e-05, -0.000115, 1e-06, 1.6e-05, 1.0, 0.000435, 0.374721, 0.000115, -0.000435, 1.0, -0.0, 0.0, 0.0, 0.0, 1.0],
                [1.0, -1.6e-05, -0.000115, 0.0, 1.6e-05, 1.0, 0.000435, 0.374721, 0.000115, -0.000435, 1.0, -0.0, 0.0, 0.0, 0.0, 1.0],
                [0.999973, -0.007356, -0.000863, 0.0, 0.007379, 0.979533, 0.201145, 0.374721, -0.000635, -0.201146, 0.979561, -0.0, 0.0, 0.0, 0.0, 1.0],
                [0.999934, -0.011361, -0.001925, -0.0, 0.011397, 0.950445, 0.310682, 0.374721, -0.0017, -0.310684, 0.950512, -0.0, 0.0, 0.0, 0.0, 1.0],
                [0.999892, -0.0144, -0.00307, 0.0, 0.014445, 0.919097, 0.393767, 0.374721, -0.002849, -0.393769, 0.919205, 0.0, 0.0, 0.0, 0.0, 1.0],
                [0.999849, -0.01685, -0.004229, -0.0, 0.016903, 0.887363, 0.460762, 0.374721, -0.004011, -0.460764, 0.887514, -0.0, 0.0, 0.0, 0.0, 1.0],
                [0.99981, -0.018775, -0.005303, -0.0, 0.018834, 0.857933, 0.513416, 0.374721, -0.00509, -0.513418, 0.858124, 0.0, 0.0, 0.0, 0.0, 1.0],
                [0.999778, -0.020134, -0.006158, -0.0, 0.020198, 0.834532, 0.550589, 0.374721, -0.005947, -0.550591, 0.834754, 0.0, 0.0, 0.0, 0.0, 1.0],
                [0.999762, -0.020816, -0.006619, 1e-06, 0.020881, 0.821919, 0.569222, 0.374721, -0.006409, -0.569224, 0.822158, -0.0, 0.0, 0.0, 0.0, 1.0],
                [0.999575, -0.026689, -0.011688, -0.0, 0.026773, 0.683106, 0.729829, 0.37472, -0.011494, -0.729832, 0.683531, 0.0, 0.0, 0.0, 0.0, 1.0],
                [0.999199, -0.033464, -0.021959, -0.0, 0.033569, 0.401857, 0.915087, 0.374721, -0.021798, -0.915091, 0.402658, -0.0, 0.0, 0.0, 0.0, 1.0],
                [0.999031, -0.035116, -0.026524, 0.0, 0.035226, 0.276871, 0.960261, 0.37472, -0.026377, -0.960265, 0.27784, 0.0, 0.0, 0.0, 0.0, 1.0],
                [0.999221, -0.033186, -0.021343, -0.0, 0.033291, 0.41873, 0.907501, 0.374721, -0.02118, -0.907504, 0.419509, -0.0, 0.0, 0.0, 0.0, 1.0],
                [0.999519, -0.028049, -0.013225, -0.0, 0.028137, 0.641019, 0.767009, 0.37472, -0.013036, -0.767012, 0.6415, 0.0, 0.0, 0.0, 0.0, 1.0],
                [0.999717, -0.022472, -0.007836, 0.0, 0.022543, 0.788578, 0.614521, 0.37472, -0.00763, -0.614524, 0.788862, 0.0, 0.0, 0.0, 0.0, 1.0],
                [0.999749, -0.021291, -0.006953, -0.0, 0.021358, 0.812749, 0.582223, 0.37472, -0.006745, -0.582225, 0.813, 0.0, 0.0, 0.0, 0.0, 1.0],
                [0.999692, -0.023329, -0.008524, 0.0, 0.023402, 0.769731, 0.637939, 0.374721, -0.008321, -0.637942, 0.77004, -0.0, 0.0, 0.0, 0.0, 1.0],
                [0.999644, -0.024806, -0.009817, 0.0, 0.024884, 0.734331, 0.678335, 0.374721, -0.009618, -0.678338, 0.734687, -0.0, 0.0, 0.0, 0.0, 1.0],
                [0.999612, -0.025716, -0.010687, 0.0, 0.025797, 0.710505, 0.703219, 0.374721, -0.010491, -0.703222, 0.710893, 0.0, 0.0, 0.0, 0.0, 1.0],
                [0.999594, -0.026208, -0.011184, 0.0, 0.026291, 0.6969, 0.716687, 0.374721, -0.010989, -0.71669, 0.697306, -0.0, 0.0, 0.0, 0.0, 1.0],
                [0.999595, -0.026179, -0.011154, 0.0, 0.026261, 0.697726, 0.715883, 0.374721, -0.010959, -0.715886, 0.698132, -0.0, 0.0, 0.0, 0.0, 1.0],
                [0.999627, -0.02529, -0.010273, -0.0, 0.02537, 0.721856, 0.691578, 0.374721, -0.010075, -0.691581, 0.722229, 0.0, 0.0, 0.0, 0.0, 1.0],
                [0.999687, -0.023479, -0.00865, -0.0, 0.023553, 0.766292, 0.64206, 0.374721, -0.008447, -0.642063, 0.766606, -0.0, 0.0, 0.0, 0.0, 1.0],
                [0.999757, -0.021014, -0.006757, 0.0, 0.021081, 0.818126, 0.574652, 0.37472, -0.006548, -0.574654, 0.81837, 0.0, 0.0, 0.0, 0.0, 1.0],
                [0.999813, -0.018627, -0.005215, -0.0, 0.018686, 0.860342, 0.509374, 0.37472, -0.005001, -0.509377, 0.860529, 0.0, 0.0, 0.0, 0.0, 1.0],
                [0.999842, -0.017231, -0.004429, -0.0, 0.017285, 0.881863, 0.471189, 0.374721, -0.004213, -0.471191, 0.882021, 0.0, 0.0, 0.0, 0.0, 1.0],
                [0.999839, -0.017379, -0.004509, 0.0, 0.017433, 0.879689, 0.475229, 0.374721, -0.004293, -0.475231, 0.879851, 0.0, 0.0, 0.0, 0.0, 1.0],
                [0.999804, -0.019061, -0.005476, 1e-06, 0.019121, 0.853197, 0.521237, 0.374721, -0.005263, -0.52124, 0.853394, -0.0, 0.0, 0.0, 0.0, 1.0],
                [0.999739, -0.02166, -0.007221, -0.0, 0.021728, 0.805422, 0.592304, 0.37472, -0.007013, -0.592306, 0.805683, -0.0, 0.0, 0.0, 0.0, 1.0],
                [0.999656, -0.024466, -0.009507, -0.0, 0.024543, 0.742821, 0.66904, 0.374721, -0.009307, -0.669043, 0.743166, 0.0, 0.0, 0.0, 0.0, 1.0],
                [0.999565, -0.026957, -0.011977, -0.0, 0.027042, 0.675189, 0.737149, 0.37472, -0.011784, -0.737152, 0.675625, 0.0, 0.0, 0.0, 0.0, 1.0],
                [0.999482, -0.028863, -0.014235, 0.0, 0.028953, 0.613372, 0.789264, 0.374721, -0.014049, -0.789267, 0.61389, -0.0, 0.0, 0.0, 0.0, 1.0],
                [0.999416, -0.030176, -0.016036, 0.0, 0.030271, 0.564058, 0.82518, 0.374721, -0.015856, -0.825184, 0.564642, -0.0, 0.0, 0.0, 0.0, 1.0],
                [0.99937, -0.030994, -0.017287, -0.0, 0.031092, 0.529785, 0.847562, 0.37472, -0.017111, -0.847566, 0.530414, -0.0, 0.0, 0.0, 0.0, 1.0],
                [0.999344, -0.031433, -0.018007, -0.0, 0.031532, 0.510077, 0.859551, 0.37472, -0.017833, -0.859555, 0.510733, 0.0, 0.0, 0.0, 0.0, 1.0],
                [0.999327, -0.031708, -0.018478, 0.0, 0.031807, 0.497182, 0.867063, 0.37472, -0.018306, -0.867067, 0.497856, 0.0, 0.0, 0.0, 0.0, 1.0],
                [0.999309, -0.031975, -0.018952, 0.0, 0.032075, 0.484204, 0.874367, 0.37472, -0.018781, -0.874371, 0.484895, 0.0, 0.0, 0.0, 0.0, 1.0],
                [0.999292, -0.03223, -0.019422, 0.0, 0.032332, 0.471331, 0.881363, 0.37472, -0.019253, -0.881367, 0.47204, -0.0, 0.0, 0.0, 0.0, 1.0],
                [0.999275, -0.032472, -0.019881, 0.0, 0.032574, 0.458754, 0.887966, 0.374721, -0.019713, -0.88797, 0.45948, -0.0, 0.0, 0.0, 0.0, 1.0],
                [0.999259, -0.032688, -0.020306, -0.0, 0.032791, 0.447123, 0.893871, 0.374721, -0.020139, -0.893875, 0.447863, 0.0, 0.0, 0.0, 0.0, 1.0],
                [0.999246, -0.032874, -0.020684, -0.0, 0.032978, 0.43677, 0.898968, 0.374721, -0.020519, -0.898972, 0.437525, -0.0, 0.0, 0.0, 0.0, 1.0],
                [0.999234, -0.033026, -0.021, -0.0, 0.03313, 0.42811, 0.903119, 0.374721, -0.020836, -0.903123, 0.428876, 0.0, 0.0, 0.0, 0.0, 1.0],
                [0.999225, -0.033141, -0.021245, 0.0, 0.033245, 0.421405, 0.906263, 0.374721, -0.021082, -0.906267, 0.42218, -0.0, 0.0, 0.0, 0.0, 1.0],
                [0.999219, -0.03322, -0.021415, 0.0, 0.033324, 0.416746, 0.908412, 0.374721, -0.021252, -0.908416, 0.417527, -0.0, 0.0, 0.0, 0.0, 1.0],
                [0.999215, -0.033264, -0.021513, -0.0, 0.033369, 0.414072, 0.909633, 0.37472, -0.02135, -0.909636, 0.414857, -0.0, 0.0, 0.0, 0.0, 1.0],
                [0.999214, -0.033278, -0.021544, 0.0, 0.033383, 0.413221, 0.910019, 0.37472, -0.021382, -0.910022, 0.414008, 0.0, 0.0, 0.0, 0.0, 1.0]
            ]
        },
        {
            "name": "Knee_R",
            "time": [0.0, 0.0167, 0.0333, 0.05, 0.0667, 0.0833, 0.1, 0.1167, 0.1333, 0.15, 0.1667, 0.1833, 0.2, 0.2167, 0.2333, 0.25, 0.2667, 0.2833, 0.3, 0.3167, 0.3333, 0.35, 0.3667, 0.3833, 0.4, 0.4167, 0.4333, 0.45, 0.4667, 0.4833, 0.5, 0.5167, 0.5333, 0.55, 0.5667, 0.5833, 0.6, 0.6167, 0.6333, 0.65, 0.6667, 0.6833, 0.7, 0.7167, 0.7333, 0.75, 0.7667, 0.7833, 0.8, 0.8167, 0.8333, 0.85, 0.8667, 0.8833, 0.9, 0.9167, 0.9333, 0.95, 0.9667, 0.9833, 1.0, 1.0167, 1.0333, 1.05, 1.0667, 1.0833, 1.1, 1.1167, 1.1333, 1.15, 1.1667, 1.1833, 1.2, 1.2167, 1.2333, 1.25, 1.2667, 1.2833, 1.3, 1.3167, 1.3333],
            "transform": [
                [1.0, -5.7e-05, 5.7e-05, -0.0, 5.7e-05, 0.001565, -0.999999, 0.374721, 5.7e-05, 0.999999, 0.001565, -0.0, 0.0, 0.0, 0.0, 1.0],
                [1.0, -5.7e-05, 5.7e-05, -0.0, 5.7e-05, 0.001565, -0.999999, 0.381129, 5.7e-05, 0.999999, 0.001565, -1e-05, 0.0, 0.0, 0.0, 1.0],
                [1.0, -5.7e-05, 5.7e-05, -3e-06, 5.7e-05, 0.001565, -0.999999, 0.42454, 5.7e-05, 0.999999, 0.001565, -7.8e-05, 0.0, 0.0, 0.0, 1.0],
                [1.0, -5.7e-05, 5.7e-05, -4e-06, 5.7e-05, 0.001565, -0.999999, 0.442552, 5.7e-05, 0.999999, 0.001565, -0.000107, 0.0, 0.0, 0.0, 1.0],
                [1.0, -5.7e-05, 5.7e-05, -4e-06, 5.7e-05, 0.001565, -0.999999, 0.447296, 5.7e-05, 0.999999, 0.001565, -0.000114, 0.0, 0.0, 0.0, 1.0],
                [1.0, -5.7e-05, 5.7e-05, -4e-06, 5.7e-05, 0.001565, -0.999999, 0.452616, 5.7e-05, 0.999999, 0.001565, -0.000122, 0.0, 0.0, 0.0, 1.0],
                [1.0, -5.7e-05, 5.7e-05, -5e-06, 5.7e-05, 0.001565, -0.999999, 0.46472, 5.7e-05, 0.999999, 0.001565, -0.00014, 0.0, 0.0, 0.0, 1.0],
