{
    "animation": [
        {
            "name": "Root",
            "time": [0.0, 0.0167, 0.0333, 0.05, 0.0667, 0.0833, 0.1, 0.1167, 0.1333, 0.15, 0.1667, 0.1833, 0.2, 0.2167, 0.2333, 0.25, 0.2667, 0.2833, 0.3, 0.3167, 0.3333, 0.35, 0.3667, 0.3833, 0.4, 0.4167, 0.4333, 0.45, 0.4667, 0.4833, 0.5, 0.5167, 0.5333, 0.55, 0.5667, 0.5833, 0.6, 0.6167, 0.6333, 0.65, 0.6667, 0.6833, 0.7, 0.7167, 0.7333, 0.75, 0.7667, 0.7833, 0.8, 0.8167, 0.8333, 0.85, 0.8667, 0.8833, 0.9, 0.9167, 0.9333, 0.95, 0.9667, 0.9833, 1.0, 1.0167, 1.0333, 1.05, 1.0667, 1.0833, 1.1, 1.1167, 1.1333, 1.15, 1.1667, 1.1833, 1.2, 1.2167, 1.2333, 1.25, 1.2667, 1.2833, 1.3, 1.3167, 1.3333, 1.35, 1.3667, 1.3833, 1.4, 1.4167, 1.4333, 1.45, 1.4667, 1.4833, 1.5, 1.5167, 1.5333, 1.55, 1.5667, 1.5833, 1.6, 1.6167, 1.6333, 1.65, 1.6667, 1.6833, 1.7, 1.7167, 1.7333, 1.75, 1.7667],
            "transform": [
                [0.997126, 0.0, -0.075768, -0.016997, -0.075768, 0.0, -0.997126, 0.004744, 0.0, 1.0, 0.0, 0.555194, 0.0, 0.0, 0.0, 1.0],
                [0.997126, 0.0, -0.075768, -0.016997, -0.075768, 0.0, -0.997126, 0.003875, 0.0, 1.0, 0.0, 0.555701, 0.0, 0.0, 0.0, 1.0],
                [0.997126, 0.0, -0.075768, -0.016997, -0.075768, 0.0, -0.997126, 0.001167, 0.0, 1.0, 0.0, 0.557233, 0.0, 0.0, 0.0, 1.0],
                [0.997126, 0.0, -0.075768, -0.016997, -0.075768, 0.0, -0.997126, -0.00349, 0.0, 1.0, 0.0, 0.559758, 0.0, 0.0, 0.0, 1.0],
                [0.997126, 0.0, -0.075768, -0.016997, -0.075768, 0.0, -0.997126, -0.010111, 0.0, 1.0, 0.0, 0.563166, 0.0, 0.0, 0.0, 1.0],
                [0.997126, 0.0, -0.075768, -0.016997, -0.075768, 0.0, -0.997126, -0.018574, 0.0, 1.0, 0.0, 0.567248, 0.0, 0.0, 0.0, 1.0],
                [0.997126, 0.0, -0.075768, -0.016997, -0.075768, 0.0, -0.997126, -0.02859, 0.0, 1.0, 0.0, 0.571697, 0.0, 0.0, 0.0, 1.0],
                [0.997126, 0.0, -0.075768, -0.016997, -0.075768, 0.0, -0.997126, -0.039725, 0.0, 1.0, 0.0, 0.576145, 0.0, 0.0, 0.0, 1.0],
                [0.997126, 0.0, -0.075768, -0.016997, -0.075768, 0.0, -0.997126, -0.051463, 0.0, 1.0, 0.0, 0.580226, 0.0, 0.0, 0.0, 1.0],
                [0.997126, 0.0, -0.075768, -0.016997, -0.075768, 0.0, -0.997126, -0.063302, 0.0, 1.0, 0.0, 0.583635, 0.0, 0.0, 0.0, 1.0],
                [0.997126, 0.0, -0.075768, -0.016997, -0.075768, 0.0, -0.997126, -0.07482, 0.0, 1.0, 0.0, 0.58616, 0.0, 0.0, 0.0, 1.0],
                [0.997126, 0.0, -0.075768, -0.016997, -0.075768, 0.0, -0.997126, -0.085716, 0.0, 1.0, 0.0, 0.587692, 0.0, 0.0, 0.0, 1.0],
                [0.997126, 0.0, -0.075768, -0.016997, -0.075768, 0.0, -0.997126, -0.095801, 0.0, 1.0, 0.0, 0.588199, 0.0, 0.0, 0.0, 1.0],
                [0.997126, 0.0, -0.075768, -0.016997, -0.075768, 0.0, -0.997126, -0.106795, 0.0, 1.0, 0.0, 0.581352, 0.0, 0.0, 0.0, 1.0],
                [0.997126, 0.0, -0.075768, -0.016997, -0.075768, 0.0, -0.997126, -0.12026, 0.0, 1.0, 0.0, 0.560382, 0.0, 0.0, 0.0, 1.0],
                [0.997126, 0.0, -0.075768, -0.016997, -0.075768, 0.0, -0.997126, -0.135388, 0.0, 1.0, 0.0, 0.526062, 0.0, 0.0, 0.0, 1.0],
                [0.997126, 0.0, -0.075768, -0.016997, -0.075768, 0.0, -0.997126, -0.150708, 0.0, 1.0, 0.0, 0.481786, 0.0, 0.0, 0.0, 1.0],
                [0.997126, 0.0, -0.075768, -0.016997, -0.075768, 0.0, -0.997126, -0.164364, 0.0, 1.0, 0.0, 0.433418, 0.0, 0.0, 0.0, 1.0],
                [0.997126, 0.0, -0.075768, -0.016997, -0.075768, 0.0, -0.997126, -0.174749, 0.0, 1.0, 0.0, 0.387444, 0.0, 0.0, 0.0, 1.0],
                [0.997126, 0.0, -0.075768, -0.016997, -0.075768, 0.0, -0.997126, -0.181008, 0.0, 1.0, 0.0, 0.348769, 0.0, 0.0, 0.0, 1.0],
                [0.997126, 0.0, -0.075768, -0.016997, -0.075768, 0.0, -0.997126, -0.183032, 0.0, 1.0, 0.0, 0.31988, 0.0, 0.0, 0.0, 1.0],
                [0.997126, 0.0, -0.075768, -0.016997, -0.075768, 0.0, -0.997126, -0.173482, 0.0, 1.0, 0.0, 0.296744, 0.0, 0.0, 0.0, 1.0],
                [0.997126, 0.0, -0.075768, -0.016997, -0.075768, 0.0, -0.997126, -0.144664, 0.0, 1.0, 0.0, 0.276286, 0.0, 0.0, 0.0, 1.0],
                [0.997126, 0.0, -0.075768, -0.016997, -0.075768, 0.0, -0.997126, -0.102505, 0.0, 1.0, 0.0, 0.261234, 0.0, 0.0, 0.0, 1.0],
                [0.997126, 0.0, -0.075768, -0.016997, -0.075768, 0.0, -0.997126, -0.059635, 0.0, 1.0, 0.0, 0.253007, 0.0, 0.0, 0.0, 1.0],
                [0.997126, 0.0, -0.075768, -0.016997, -0.075768, 0.0, -0.997126, -0.026178, 0.0, 1.0, 0.0, 0.250679, 0.0, 0.0, 0.0, 1.0],
                [0.997126, 0.0, -0.075768, -0.016997, -0.075768, 0.0, -0.997126, -0.001251, 0.0, 1.0, 0.0, 0.251658, 0.0, 0.0, 0.0, 1.0],
                [0.997126, 0.0, -0.075768, -0.016997, -0.075768, 0.0, -0.997126, 0.019707, 0.0, 1.0, 0.0, 0.257392, 0.0, 0.0, 0.0, 1.0],
                [0.997126, 0.0, -0.075768, -0.016997, -0.075768, 0.0, -0.997126, 0.039411, 0.0, 1.0, 0.0, 0.272751, 0.0, 0.0, 0.0, 1.0],
                [0.997126, 0.0, -0.075768, -0.016997, -0.075768, 0.0, -0.997126, 0.061798, 0.0, 1.0, 0.0, 0.300277, 0.0, 0.0, 0.0, 1.0],
                [0.997126, 0.0, -0.075768, -0.016997, -0.075768, 0.0, -0.997126, 0.089156, 0.0, 1.0, 0.0, 0.338333, 0.0, 0.0, 0.0, 1.0],
                [0.997126, 0.0, -0.075768, -0.016997, -0.075768, 0.0, -0.997126, 0.117679, 0.0, 1.0, 0.0, 0.377475, 0.0, 0.0, 0.0, 1.0],
                [0.997126, 0.0, -0.075768, -0.016997, -0.075768, 0.0, -0.997126, 0.14716, 0.0, 1.0, 0.0, 0.422162, 0.0, 0.0, 0.0, 1.0],
                [0.997126, 0.0, -0.075768, -0.016997, -0.075768, 0.0, -0.997126, 0.185613, 0.0, 1.0, 0.0, 0.495199, 0.0, 0.0, 0.0, 1.0],
                [0.997126, 0.0, -0.075768, -0.016997, -0.075768, 0.0, -0.997126, 0.236784, 0.0, 1.0, 0.0, 0.605908, 0.0, 0.0, 0.0, 1.0],
                [0.997126, 0.0, -0.075768, -0.016997, -0.075768, 0.0, -0.997126, 0.317619, 0.0, 1.0, 0.0, 0.790718, 0.0, 0.0, 0.0, 1.0],
                [0.997126, 0.0, -0.075768, -0.016997, -0.075768, 0.0, -0.997126, 0.430424, 0.0, 1.0, 0.0, 1.027289, 0.0, 0.0, 0.0, 1.0],
                [0.997126, 0.0, -0.075768, -0.016997, -0.075768, 0.0, -0.997126, 0.536404, 0.0, 1.0, 0.0, 1.170362, 0.0, 0.0, 0.0, 1.0],
                [0.997126, 0.0, -0.075768, -0.016997, -0.075768, 0.0, -0.997126, 0.634115, 0.0, 1.0, 0.0, 1.236065, 0.0, 0.0, 0.0, 1.0],
                [0.997126, 0.0, -0.075768, -0.016997, -0.075768, 0.0, -0.997126, 0.734882, 0.0, 1.0, 0.0, 1.28582, 0.0, 0.0, 0.0, 1.0],
                [0.997126, 0.0, -0.075768, -0.016997, -0.075768, 0.0, -0.997126, 0.838013, 0.0, 1.0, 0.0, 1.318876, 0.0, 0.0, 0.0, 1.0],
                [0.997126, 0.0, -0.075768, -0.016997, -0.075768, 0.0, -0.997126, 0.945049, 0.0, 1.0, 0.0, 1.337817, 0.0, 0.0, 0.0, 1.0],
                [0.997126, 0.0, -0.075768, -0.016997, -0.075768, 0.0, -0.997126, 1.059497, 0.0, 1.0, 0.0, 1.348519, 0.0, 0.0, 0.0, 1.0],
                [0.997126, 0.0, -0.075768, -0.016997, -0.075768, 0.0, -0.997126, 1.185019, 0.0, 1.0, 0.0, 1.357558, 0.0, 0.0, 0.0, 1.0],
                [0.997126, 0.0, -0.075768, -0.016997, -0.075768, 0.0, -0.997126, 1.323856, 0.0, 1.0, 0.0, 1.369659, 0.0, 0.0, 0.0, 1.0],
                [0.997126, 0.0, -0.075768, -0.016997, -0.075768, 0.0, -0.997126, 1.472564, 0.0, 1.0, 0.0, 1.383144, 0.0, 0.0, 0.0, 1.0],
                [0.997126, 0.0, -0.075768, -0.016997, -0.075768, 0.0, -0.997126, 1.626818, 0.0, 1.0, 0.0, 1.394025, 0.0, 0.0, 0.0, 1.0],
                [0.997126, 0.0, -0.075768, -0.016997, -0.075768, 0.0, -0.997126, 1.786909, 0.0, 1.0, 0.0, 1.401824, 0.0, 0.0, 0.0, 1.0],
                [0.997126, 0.0, -0.075768, -0.016997, -0.075768, 0.0, -0.997126, 1.954072, 0.0, 1.0, 0.0, 1.406521, 0.0, 0.0, 0.0, 1.0],
                [0.997126, 0.0, -0.075768, -0.016997, -0.075768, 0.0, -0.997126, 2.129942, 0.0, 1.0, 0.0, 1.408732, 0.0, 0.0, 0.0, 1.0],
                [0.997126, 0.0, -0.075768, -0.016997, -0.075768, 0.0, -0.997126, 2.315576, 0.0, 1.0, 0.0, 1.409433, 0.0, 0.0, 0.0, 1.0],
                [0.997126, 0.0, -0.075768, -0.016997, -0.075768, 0.0, -0.997126, 2.511006, 0.0, 1.0, 0.0, 1.409518, 0.0, 0.0, 0.0, 1.0],
                [0.997126, 0.0, -0.075768, -0.016997, -0.075768, 0.0, -0.997126, 2.715361, 0.0, 1.0, 0.0, 1.405825, 0.0, 0.0, 0.0, 1.0],
                [0.997126, 0.0, -0.075768, -0.016997, -0.075768, 0.0, -0.997126, 2.928469, 0.0, 1.0, 0.0, 1.393638, 0.0, 0.0, 0.0, 1.0],
                [0.997126, 0.0, -0.075768, -0.016997, -0.075768, 0.0, -0.997126, 3.149292, 0.0, 1.0, 0.0, 1.374629, 0.0, 0.0, 0.0, 1.0],
                [0.997126, 0.0, -0.075768, -0.016997, -0.075768, 0.0, -0.997126, 3.374992, 0.0, 1.0, 0.0, 1.353715, 0.0, 0.0, 0.0, 1.0],
                [0.997126, 0.0, -0.075768, -0.016997, -0.075768, 0.0, -0.997126, 3.604286, 0.0, 1.0, 0.0, 1.334414, 0.0, 0.0, 0.0, 1.0],
                [0.997126, 0.0, -0.075768, -0.016997, -0.075768, 0.0, -0.997126, 3.837399, 0.0, 1.0, 0.0, 1.315527, 0.0, 0.0, 0.0, 1.0],
                [0.997126, 0.0, -0.075768, -0.016997, -0.075768, 0.0, -0.997126, 4.07331, 0.0, 1.0, 0.0, 1.292236, 0.0, 0.0, 0.0, 1.0],
                [0.997126, 0.0, -0.075768, -0.016997, -0.075768, 0.0, -0.997126, 4.310132, 0.0, 1.0, 0.0, 1.260076, 0.0, 0.0, 0.0, 1.0],
                [0.997126, 0.0, -0.075768, -0.016997, -0.075768, 0.0, -0.997126, 4.545763, 0.0, 1.0, 0.0, 1.218193, 0.0, 0.0, 0.0, 1.0],
                [0.997126, 0.0, -0.075768, -0.016997, -0.075768, 0.0, -0.997126, 4.780753, 0.0, 1.0, 0.0, 1.170165, 0.0, 0.0, 0.0, 1.0],
                [0.997126, 0.0, -0.075768, -0.016997, -0.075768, 0.0, -0.997126, 5.015024, 0.0, 1.0, 0.0, 1.115948, 0.0, 0.0, 0.0, 1.0],
                [0.997126, 0.0, -0.075768, -0.016997, -0.075768, 0.0, -0.997126, 5.243915, 0.0, 1.0, 0.0, 1.051588, 0.0, 0.0, 0.0, 1.0],
                [0.997126, 0.0, -0.075768, -0.016997, -0.075768, 0.0, -0.997126, 5.461683, 0.0, 1.0, 0.0, 0.975902, 0.0, 0.0, 0.0, 1.0],
                [0.997126, 0.0, -0.075768, -0.016997, -0.075768, 0.0, -0.997126, 5.664275, 0.0, 1.0, 0.0, 0.891346, 0.0, 0.0, 0.0, 1.0],
                [0.997126, 0.0, -0.075768, -0.016997, -0.075768, 0.0, -0.997126, 5.847418, 0.0, 1.0, 0.0, 0.783205, 0.0, 0.0, 0.0, 1.0],
                [0.997126, 0.0, -0.075768, -0.016997, -0.075768, 0.0, -0.997126, 6.007003, 0.0, 1.0, 0.0, 0.640198, 0.0, 0.0, 0.0, 1.0],
                [0.997126, 0.0, -0.075768, -0.016997, -0.075768, 0.0, -0.997126, 6.142689, 0.0, 1.0, 0.0, 0.483366, 0.0, 0.0, 0.0, 1.0],
                [0.997126, 0.0, -0.075768, -0.016997, -0.075768, 0.0, -0.997126, 6.255873, 0.0, 1.0, 0.0, 0.34655, 0.0, 0.0, 0.0, 1.0],
                [0.997126, 0.0, -0.075768, -0.016997, -0.075768, 0.0, -0.997126, 6.345737, 0.0, 1.0, 0.0, 0.258557, 0.0, 0.0, 0.0, 1.0],
                [0.997126, 0.0, -0.075768, -0.016997, -0.075768, 0.0, -0.997126, 6.405268, 0.0, 1.0, 0.0, 0.22968, 0.0, 0.0, 0.0, 1.0],
                [0.997126, 0.0, -0.075768, -0.016997, -0.075768, 0.0, -0.997126, 6.463076, 0.0, 1.0, 0.0, 0.230575, 0.0, 0.0, 0.0, 1.0],
                [0.997126, 0.0, -0.075768, -0.016997, -0.075768, 0.0, -0.997126, 6.544397, 0.0, 1.0, 0.0, 0.237607, 0.0, 0.0, 0.0, 1.0],
                [0.997126, 0.0, -0.075768, -0.016997, -0.075768, 0.0, -0.997126, 6.612362, 0.0, 1.0, 0.0, 0.257293, 0.0, 0.0, 0.0, 1.0],
                [0.997126, 0.0, -0.075768, -0.016997, -0.075768, 0.0, -0.997126, 6.636453, 0.0, 1.0, 0.0, 0.290133, 0.0, 0.0, 0.0, 1.0],
                [0.997126, 0.0, -0.075768, -0.016997, -0.075768, 0.0, -0.997126, 6.874397, 0.0, 1.0, 0.0, 0.343659, 0.0, 0.0, 0.0, 1.0],
                [0.997126, 0.0, -0.075768, -0.016997, -0.075768, 0.0, -0.997126, 7.377839, 0.0, 1.0, 0.0, 0.422958, 0.0, 0.0, 0.0, 1.0],
                [0.997126, 0.0, -0.075768, -0.016997, -0.075768, 0.0, -0.997126, 7.593496, 0.0, 1.0, 0.0, 0.507811, 0.0, 0.0, 0.0, 1.0],
                [0.997126, 0.0, -0.075768, -0.016997, -0.075768, 0.0, -0.997126, 7.56393, 0.0, 1.0, 0.0, 0.570347, 0.0, 0.0, 0.0, 1.0],
                [0.997126, 0.0, -0.075768, -0.016997, -0.075768, 0.0, -0.997126, 7.540345, 0.0, 1.0, 0.0, 0.595353, 0.0, 0.0, 0.0, 1.0],
                [0.997126, 0.0, -0.075768, -0.016997, -0.075768, 0.0, -0.997126, 7.520326, 0.0, 1.0, 0.0, 0.600596, 0.0, 0.0, 0.0, 1.0],
                [0.997126, 0.0, -0.075768, -0.016997, -0.075768, 0.0, -0.997126, 7.49957, 0.0, 1.0, 0.0, 0.604987, 0.0, 0.0, 0.0, 1.0],
                [0.997126, 0.0, -0.075768, -0.016997, -0.075768, 0.0, -0.997126, 7.478669, 0.0, 1.0, 0.0, 0.608369, 0.0, 0.0, 0.0, 1.0],
                [0.997126, 0.0, -0.075768, -0.016997, -0.075768, 0.0, -0.997126, 7.458517, 0.0, 1.0, 0.0, 0.610681, 0.0, 0.0, 0.0, 1.0],
                [0.997126, 0.0, -0.075768, -0.016997, -0.075768, 0.0, -0.997126, 7.4401, 0.0, 1.0, 0.0, 0.612025, 0.0, 0.0, 0.0, 1.0],
                [0.997126, 0.0, -0.075768, -0.016997, -0.075768, 0.0, -0.997126, 7.424143, 0.0, 1.0, 0.0, 0.612648, 0.0, 0.0, 0.0, 1.0],
                [0.997126, 0.0, -0.075768, -0.016997, -0.075768, 0.0, -0.997126, 7.410901, 0.0, 1.0, 0.0, 0.612847, 0.0, 0.0, 0.0, 1.0],
                [0.997126, 0.0, -0.075768, -0.016997, -0.075768, 0.0, -0.997126, 7.400234, 0.0, 1.0, 0.0, 0.612871, 0.0, 0.0, 0.0, 1.0],
                [0.997126, 0.0, -0.075768, -0.016997, -0.075768, 0.0, -0.997126, 7.391014, 0.0, 1.0, 0.0, 0.612306, 0.0, 0.0, 0.0, 1.0],
                [0.997126, 0.0, -0.075768, -0.016997, -0.075768, 0.0, -0.997126, 7.382359, 0.0, 1.0, 0.0, 0.610597, 0.0, 0.0, 0.0, 1.0],
                [0.997126, 0.0, -0.075768, -0.016997, -0.075768, 0.0, -0.997126, 7.374329, 0.0, 1.0, 0.0, 0.607744, 0.0, 0.0, 0.0, 1.0],
                [0.997126, 0.0, -0.075768, -0.016997, -0.075768, 0.0, -0.997126, 7.366984, 0.0, 1.0, 0.0, 0.603775, 0.0, 0.0, 0.0, 1.0],
                [0.997126, 0.0, -0.075768, -0.016997, -0.075768, 0.0, -0.997126, 7.360379, 0.0, 1.0, 0.0, 0.598761, 0.0, 0.0, 0.0, 1.0],
                [0.997126, 0.0, -0.075768, -0.016997, -0.075768, 0.0, -0.997126, 7.354558, 0.0, 1.0, 0.0, 0.592821, 0.0, 0.0, 0.0, 1.0],
                [0.997126, 0.0, -0.075768, -0.016997, -0.075768, 0.0, -0.997126, 7.349544, 0.0, 1.0, 0.0, 0.586122, 0.0, 0.0, 0.0, 1.0],
                [0.997126, 0.0, -0.075768, -0.016997, -0.075768, 0.0, -0.997126, 7.345342, 0.0, 1.0, 0.0, 0.578885, 0.0, 0.0, 0.0, 1.0],
                [0.997126, 0.0, -0.075768, -0.016997, -0.075768, 0.0, -0.997126, 7.341927, 0.0, 1.0, 0.0, 0.571368, 0.0, 0.0, 0.0, 1.0],
                [0.997126, 0.0, -0.075768, -0.016997, -0.075768, 0.0, -0.997126, 7.339247, 0.0, 1.0, 0.0, 0.563851, 0.0, 0.0, 0.0, 1.0],
                [0.997126, 0.0, -0.075768, -0.016997, -0.075768, 0.0, -0.997126, 7.337229, 0.0, 1.0, 0.0, 0.556614, 0.0, 0.0, 0.0, 1.0],
                [0.997126, 0.0, -0.075768, -0.016997, -0.075768, 0.0, -0.997126, 7.335779, 0.0, 1.0, 0.0, 0.549915, 0.0, 0.0, 0.0, 1.0],
                [0.997126, 0.0, -0.075768, -0.016997, -0.075768, 0.0, -0.997126, 7.334795, 0.0, 1.0, 0.0, 0.543975, 0.0, 0.0, 0.0, 1.0],
                [0.997126, 0.0, -0.075768, -0.016997, -0.075768, 0.0, -0.997126, 7.334177, 0.0, 1.0, 0.0, 0.538961, 0.0, 0.0, 0.0, 1.0],
                [0.997126, 0.0, -0.075768, -0.016997, -0.075768, 0.0, -0.997126, 7.333827, 0.0, 1.0, 0.0, 0.534992, 0.0, 0.0, 0.0, 1.0],
                [0.997126, 0.0, -0.075768, -0.016997, -0.075768, 0.0, -0.997126, 7.333661, 0.0, 1.0, 0.0, 0.532139, 0.0, 0.0, 0.0, 1.0],
                [0.997126, 0.0, -0.075768, -0.016997, -0.075768, 0.0, -0.997126, 7.333604, 0.0, 1.0, 0.0, 0.53043, 0.0, 0.0, 0.0, 1.0],
                [0.997126, 0.0, -0.075768, -0.016997, -0.075768, 0.0, -0.997126, 7.333597, 0.0, 1.0, 0.0, 0.529865, 0.0, 0.0, 0.0, 1.0]
            ]
        },
        {
            "name": "Thigh_R",
            "time": [0.0, 0.0167, 0.0333, 0.05, 0.0667, 0.0833, 0.1, 0.1167, 0.1333, 0.15, 0.1667, 0.1833, 0.2, 0.2167, 0.2333, 0.25, 0.2667, 0.2833, 0.3, 0.3167, 0.3333, 0.35, 0.3667, 0.3833, 0.4, 0.4167, 0.4333, 0.45, 0.4667, 0.4833, 0.5, 0.5167, 0.5333, 0.55, 0.5667, 0.5833, 0.6, 0.6167, 0.6333, 0.65, 0.6667, 0.6833, 0.7, 0.7167, 0.7333, 0.75, 0.7667, 0.7833, 0.8, 0.8167, 0.8333, 0.85, 0.8667, 0.8833, 0.9, 0.9167, 0.9333, 0.95, 0.9667, 0.9833, 1.0, 1.0167, 1.0333, 1.05, 1.0667, 1.0833, 1.1, 1.1167, 1.1333, 1.15, 1.1667, 1.1833, 1.2, 1.2167, 1.2333, 1.25, 1.2667, 1.2833, 1.3, 1.3167, 1.3333, 1.35, 1.3667, 1.3833, 1.4, 1.4167, 1.4333, 1.45, 1.4667, 1.4833, 1.5, 1.5167, 1.5333, 1.55, 1.5667, 1.5833, 1.6, 1.6167, 1.6333, 1.65, 1.6667, 1.6833, 1.7, 1.7167, 1.7333, 1.75, 1.7667],
            "transform": [
                [0.479068, 0.627097, -0.614201, 0.009577, 0.62586, -0.734645, -0.261908, 0.010743, -0.615462, -0.258932, -0.74442, -0.098614, 0.0, 0.0, 0.0, 1.0],
                [0.473729, 0.614572, -0.630778, 0.009577, 0.627903, -0.737925, -0.247397, 0.010743, -0.61751, -0.278868, -0.735468, -0.098614, 0.0, 0.0, 0.0, 1.0],
                [0.458045, 0.576975, -0.676236, 0.009577, 0.634009, -0.745265, -0.206428, 0.010743, -0.623078, -0.334186, -0.707172, -0.098614, 0.0, 0.0, 0.0, 1.0],
                [0.434994, 0.518668, -0.736046, 0.009577, 0.643656, -0.750743, -0.148631, 0.010743, -0.629671, -0.409107, -0.660413, -0.098614, 0.0, 0.0, 0.0, 1.0],
                [0.410881, 0.446924, -0.794629, 0.009577, 0.655328, -0.750728, -0.083381, 0.010743, -0.633816, -0.486483, -0.601342, -0.098614, 0.0, 0.0, 0.0, 1.0],
                [0.392578, 0.370227, -0.841911, 0.009577, 0.666468, -0.74534, -0.01699, 0.010743, -0.6338, -0.554437, -0.539349, -0.098614, 0.0, 0.0, 0.0, 1.0],
                [0.383734, 0.295822, -0.874778, 0.009577, 0.674328, -0.736961, 0.046587, 0.010743, -0.630896, -0.607765, -0.482279, -0.098614, 0.0, 0.0, 0.0, 1.0],
                [0.383684, 0.220959, -0.89664, 0.009577, 0.677273, -0.727377, 0.110566, 0.010743, -0.627765, -0.649692, -0.428733, -0.098614, 0.0, 0.0, 0.0, 1.0],
                [0.390599, 0.140893, -0.909715, 0.009577, 0.674426, -0.716411, 0.178619, 0.010743, -0.626564, -0.683304, -0.374851, -0.098614, 0.0, 0.0, 0.0, 1.0],
                [0.400743, 0.061252, -0.914141, 0.009577, 0.666404, -0.704203, 0.244954, 0.010743, -0.628737, -0.707351, -0.323023, -0.098614, 0.0, 0.0, 0.0, 1.0],
                [0.407281, -0.010469, -0.913243, 0.009577, 0.65685, -0.691397, 0.300862, 0.010743, -0.634563, -0.722399, -0.274717, -0.098614, 0.0, 0.0, 0.0, 1.0],
                [0.403623, -0.069232, -0.912303, 0.009577, 0.650887, -0.679034, 0.339497, 0.010743, -0.642989, -0.730834, -0.229011, -0.098614, 0.0, 0.0, 0.0, 1.0],
                [0.386566, -0.114451, -0.915133, 0.009577, 0.652144, -0.667712, 0.358983, 0.010743, -0.652131, -0.735569, -0.183476, -0.098614, 0.0, 0.0, 0.0, 1.0],
                [0.354261, -0.158944, -0.92154, 0.009577, 0.666791, -0.647995, 0.368093, 0.010743, -0.65566, -0.744875, -0.123577, -0.098614, 0.0, 0.0, 0.0, 1.0],
                [0.307539, -0.209027, -0.928293, 0.009577, 0.700071, -0.61103, 0.369518, 0.010743, -0.644454, -0.763511, -0.041582, -0.098614, 0.0, 0.0, 0.0, 1.0],
                [0.253684, -0.251041, -0.934143, 0.009577, 0.748388, -0.560906, 0.353977, 0.010743, -0.612829, -0.788899, 0.045583, -0.098614, 0.0, 0.0, 0.0, 1.0],
                [0.203975, -0.269199, -0.941237, 0.009577, 0.802324, -0.504945, 0.318288, 0.010743, -0.560956, -0.820099, 0.112989, -0.098614, 0.0, 0.0, 0.0, 1.0],
                [0.167874, -0.253466, -0.952666, 0.009577, 0.850634, -0.451173, 0.269934, 0.010743, -0.498237, -0.855685, 0.139867, -0.098614, 0.0, 0.0, 0.0, 1.0],
                [0.147793, -0.205979, -0.967331, 0.009577, 0.88672, -0.405602, 0.221844, 0.010743, -0.438046, -0.890539, 0.122701, -0.098614, 0.0, 0.0, 0.0, 1.0],
                [0.140463, -0.156163, -0.977693, 0.009577, 0.910373, -0.367825, 0.189543, 0.010743, -0.389219, -0.916688, 0.090501, -0.098614, 0.0, 0.0, 0.0, 1.0],
                [0.141595, -0.2002, -0.969469, 0.009577, 0.925093, -0.321824, 0.201572, 0.010743, -0.352354, -0.925391, 0.139636, -0.098614, 0.0, 0.0, 0.0, 1.0],
                [0.145443, -0.314245, -0.938134, 0.009556, 0.934545, -0.26762, 0.234531, 0.010743, -0.324764, -0.91084, 0.254753, -0.098115, 0.0, 0.0, 0.0, 1.0],
                [0.147918, -0.44204, -0.884715, 0.009495, 0.940441, -0.213993, 0.264154, 0.01074, -0.306089, -0.871095, 0.38406, -0.096608, 0.0, 0.0, 0.0, 1.0],
                [0.147729, -0.552964, -0.820004, 0.009391, 0.942717, -0.172006, 0.285829, 0.010737, -0.299099, -0.815257, 0.495878, -0.094086, 0.0, 0.0, 0.0, 1.0],
                [0.144427, -0.631718, -0.761625, 0.009246, 0.942121, -0.147568, 0.301052, 0.010731, -0.302571, -0.761023, 0.573842, -0.090544, 0.0, 0.0, 0.0, 1.0],
                [0.138903, -0.677938, -0.721877, 0.009059, 0.94, -0.139116, 0.311523, 0.010725, -0.311617, -0.721836, 0.617938, -0.085985, 0.0, 0.0, 0.0, 1.0],
                [0.132317, -0.704257, -0.697506, 0.008831, 0.937367, -0.139861, 0.319033, 0.010717, -0.322235, -0.696032, 0.641641, -0.08042, 0.0, 0.0, 0.0, 1.0],
                [0.122981, -0.720047, -0.682941, 0.008562, 0.932914, -0.15081, 0.326998, 0.010707, -0.338448, -0.677339, 0.653195, -0.073867, 0.0, 0.0, 0.0, 1.0],
                [0.10682, -0.727585, -0.67765, 0.008254, 0.923251, -0.180388, 0.339215, 0.010697, -0.369048, -0.661876, 0.652475, -0.066355, 0.0, 0.0, 0.0, 1.0],
                [0.080292, -0.72924, -0.679531, 0.007908, 0.904267, -0.233521, 0.357449, 0.010686, -0.419351, -0.643177, 0.640678, -0.057924, 0.0, 0.0, 0.0, 1.0],
                [0.042596, -0.72563, -0.686765, 0.007527, 0.87282, -0.307471, 0.379007, 0.010674, -0.486179, -0.615567, 0.620247, -0.048623, 0.0, 0.0, 0.0, 1.0],
                [0.000677, -0.715729, -0.698378, 0.007112, 0.834587, -0.384315, 0.394672, 0.010661, -0.550875, -0.583124, 0.597078, -0.038515, 0.0, 0.0, 0.0, 1.0],
                [-0.04803, -0.694284, -0.718096, 0.006667, 0.786099, -0.469811, 0.401654, 0.010648, -0.616232, -0.545203, 0.568341, -0.027676, 0.0, 0.0, 0.0, 1.0],
                [-0.119375, -0.637966, -0.760756, 0.006196, 0.701089, -0.596716, 0.39039, 0.010635, -0.703011, -0.486755, 0.518503, -0.016192, 0.0, 0.0, 0.0, 1.0],
                [-0.210382, -0.498995, -0.84068, 0.005703, 0.570204, -0.761139, 0.309087, 0.010622, -0.794108, -0.414333, 0.444659, -0.004163, 0.0, 0.0, 0.0, 1.0],
                [-0.313747, -0.022476, -0.94924, 0.005192, 0.378001, -0.92004, -0.103154, 0.010609, -0.871021, -0.391178, 0.297157, 0.008303, 0.0, 0.0, 0.0, 1.0],
                [-0.391654, -0.010615, -0.920052, 0.004667, 0.220207, -0.971956, -0.082526, 0.010597, -0.893373, -0.234924, 0.383008, 0.021087, 0.0, 0.0, 0.0, 1.0],
                [-0.438409, -0.004331, -0.898765, 0.004135, 0.144472, -0.987324, -0.065715, 0.010585, -0.887088, -0.158656, 0.433478, 0.034065, 0.0, 0.0, 0.0, 1.0],
                [-0.467757, -2.9e-05, -0.883857, 0.0036, 0.101964, -0.993325, -0.053929, 0.010575, -0.877956, -0.115347, 0.464638, 0.047109, 0.0, 0.0, 0.0, 1.0],
                [-0.479915, 0.0048, -0.877302, 0.003068, 0.05845, -0.997588, -0.037432, 0.010566, -0.875366, -0.069243, 0.478477, 0.060087, 0.0, 0.0, 0.0, 1.0],
                [-0.47445, 0.01043, -0.880221, 0.002544, 0.011112, -0.999779, -0.017836, 0.010559, -0.880212, -0.018244, 0.474229, 0.072871, 0.0, 0.0, 0.0, 1.0],
                [-0.45581, 0.016849, -0.889917, 0.002032, -0.040438, -0.99918, 0.001794, 0.010554, -0.889158, 0.036804, 0.456118, 0.085337, 0.0, 0.0, 0.0, 1.0],
                [-0.435719, 0.023567, -0.899774, 0.001539, -0.091929, -0.995595, 0.01844, 0.01055, -0.895376, 0.09075, 0.435966, 0.097366, 0.0, 0.0, 0.0, 1.0],
                [-0.430979, 0.029653, -0.901875, 0.001068, -0.134717, -0.990373, 0.031814, 0.01055, -0.892249, 0.135209, 0.430825, 0.10885, 0.0, 0.0, 0.0, 1.0],
                [-0.455836, 0.034125, -0.889409, 0.000623, -0.159916, -0.986144, 0.044123, 0.010551, -0.87558, 0.162343, 0.454978, 0.119689, 0.0, 0.0, 0.0, 1.0],
                [-0.499056, 0.037305, -0.865766, 0.000209, -0.170743, -0.983721, 0.056034, 0.010555, -0.849582, 0.175788, 0.497301, 0.129797, 0.0, 0.0, 0.0, 1.0],
                [-0.54454, 0.039952, -0.837783, -0.000173, -0.174168, -0.982478, 0.066353, 0.010562, -0.820452, 0.182047, 0.541957, 0.139098, 0.0, 0.0, 0.0, 1.0],
                [-0.59107, 0.042026, -0.805525, -0.000519, -0.171026, -0.982466, 0.074237, 0.010571, -0.78828, 0.181645, 0.587894, 0.14753, 0.0, 0.0, 0.0, 1.0],
                [-0.635414, 0.043631, -0.770938, -0.000827, -0.164532, -0.983124, 0.079969, 0.010583, -0.754439, 0.177658, 0.63187, 0.155042, 0.0, 0.0, 0.0, 1.0],
                [-0.673423, -0.003006, -0.739251, -0.001095, -0.157166, -0.976549, 0.147142, 0.010598, -0.722357, 0.215274, 0.657158, 0.161594, 0.0, 0.0, 0.0, 1.0],
                [-0.702099, -0.061037, -0.709459, -0.001324, -0.154387, -0.959572, 0.235341, 0.010616, -0.695141, 0.274763, 0.664292, 0.167159, 0.0, 0.0, 0.0, 1.0],
                [-0.721018, -0.05824, -0.690465, -0.001511, -0.161467, -0.954908, 0.249157, 0.010636, -0.673841, 0.291134, 0.679102, 0.171719, 0.0, 0.0, 0.0, 1.0],
                [-0.737417, -0.029946, -0.674774, -0.001656, -0.175651, -0.956142, 0.23439, 0.010659, -0.652199, 0.291368, 0.699815, 0.17526, 0.0, 0.0, 0.0, 1.0],
                [-0.758794, 0.01841, -0.65107, -0.001759, -0.195452, -0.959968, 0.200646, 0.010685, -0.621313, 0.279502, 0.732017, 0.177783, 0.0, 0.0, 0.0, 1.0],
                [-0.787257, 0.066166, -0.613065, -0.001821, -0.217016, -0.960348, 0.175031, 0.010713, -0.577175, 0.270839, 0.770399, 0.179289, 0.0, 0.0, 0.0, 1.0],
                [-0.825826, 0.076836, -0.558667, -0.001842, -0.231456, -0.949567, 0.211542, 0.010743, -0.514238, 0.304003, 0.801961, 0.179789, 0.0, 0.0, 0.0, 1.0],
                [-0.873155, 0.088213, -0.479395, -0.001505, -0.234592, -0.938147, 0.25465, 0.010963, -0.427279, 0.334811, 0.839842, 0.179293, 0.0, 0.0, 0.0, 1.0],
                [-0.921518, 0.099582, -0.37535, -0.000488, -0.223851, -0.926034, 0.303894, 0.011565, -0.317325, 0.364067, 0.875649, 0.177793, 0.0, 0.0, 0.0, 1.0],
                [-0.960486, 0.111088, -0.255197, 0.001218, -0.200199, -0.912719, 0.356181, 0.012561, -0.193355, 0.393197, 0.898894, 0.175283, 0.0, 0.0, 0.0, 1.0],
                [-0.983355, 0.122996, -0.133738, 0.003612, -0.167707, -0.897634, 0.407586, 0.013958, -0.069917, 0.423231, 0.90332, 0.171765, 0.0, 0.0, 0.0, 1.0],
                [-0.990493, 0.135277, -0.024957, 0.006684, -0.131741, -0.880637, 0.455106, 0.015759, 0.039587, 0.454067, 0.890087, 0.167261, 0.0, 0.0, 0.0, 1.0],
                [-0.985719, 0.147427, 0.08139, 0.010412, -0.087492, -0.861301, 0.500504, 0.017962, 0.143889, 0.486235, 0.8619, 0.161805, 0.0, 0.0, 0.0, 1.0],
                [-0.96684, 0.159339, 0.199579, 0.014759, -0.02583, -0.838494, 0.544298, 0.02056, 0.254074, 0.521094, 0.814805, 0.155457, 0.0, 0.0, 0.0, 1.0],
                [-0.930422, 0.171511, 0.323882, 0.019676, 0.052955, -0.811549, 0.581879, 0.023534, 0.362644, 0.558544, 0.746001, 0.148295, 0.0, 0.0, 0.0, 1.0],
                [-0.875589, 0.18429, 0.446521, 0.025096, 0.145797, -0.780436, 0.607999, 0.026861, 0.46053, 0.597458, 0.656473, 0.140426, 0.0, 0.0, 0.0, 1.0],
                [-0.804939, 0.19764, 0.559475, 0.030935, 0.247441, -0.745187, 0.619248, 0.030507, 0.539302, 0.636894, 0.550926, 0.131974, 0.0, 0.0, 0.0, 1.0],
                [-0.722844, 0.214185, 0.656979, 0.037098, 0.358085, -0.697031, 0.621227, 0.034431, 0.590992, 0.684304, 0.427148, 0.123092, 0.0, 0.0, 0.0, 1.0],
                [-0.63358, 0.236397, 0.736677, 0.043474, 0.483807, -0.621979, 0.615689, 0.038583, 0.603745, 0.746498, 0.279703, 0.113942, 0.0, 0.0, 0.0, 1.0],
                [-0.543861, 0.2608, 0.79762, 0.049948, 0.618367, -0.518004, 0.591011, 0.042908, 0.567307, 0.81465, 0.120452, 0.104703, 0.0, 0.0, 0.0, 1.0],
                [-0.464681, 0.27976, 0.840123, 0.056399, 0.736419, -0.40474, 0.5421, 0.047348, 0.491689, 0.870586, -0.017945, 0.095554, 0.0, 0.0, 0.0, 1.0],
                [-0.404782, 0.287672, 0.867984, 0.06271, 0.813751, -0.31964, 0.485428, 0.051844, 0.417087, 0.902815, -0.104709, 0.086672, 0.0, 0.0, 0.0, 1.0],
                [-0.357613, 0.285305, 0.889221, 0.06877, 0.85392, -0.28558, 0.435044, 0.056335, 0.378064, 0.914901, -0.1415, 0.078222, 0.0, 0.0, 0.0, 1.0],
                [-0.309715, 0.274565, 0.910325, 0.074477, 0.882512, -0.273343, 0.382696, 0.060769, 0.353906, 0.921899, -0.157649, 0.070355, 0.0, 0.0, 0.0, 1.0],
                [-0.258499, 0.259302, 0.930559, 0.079746, 0.908444, -0.262319, 0.325451, 0.065094, 0.328494, 0.92949, -0.167752, 0.063196, 0.0, 0.0, 0.0, 1.0],
                [-0.185488, 0.24808, 0.950816, 0.084504, 0.930022, -0.268081, 0.251378, 0.069268, 0.317258, 0.930907, -0.180994, 0.056849, 0.0, 0.0, 0.0, 1.0],
                [-0.030836, 0.245547, 0.968894, 0.088696, 0.949162, -0.296624, 0.105381, 0.073255, 0.313273, 0.922887, -0.223917, 0.051397, 0.0, 0.0, 0.0, 1.0],
                [0.362728, 0.253338, 0.896799, 0.092281, 0.903366, -0.331883, -0.27163, 0.077027, 0.228818, 0.908666, -0.349241, 0.046895, 0.0, 0.0, 0.0, 1.0],
                [0.819043, 0.274616, 0.50374, 0.095231, 0.573374, -0.360794, -0.735574, 0.080561, -0.020254, 0.891299, -0.452964, 0.043382, 0.0, 0.0, 0.0, 1.0],
                [0.934111, 0.308973, 0.17881, 0.097532, 0.294937, -0.385767, -0.874183, 0.083842, -0.20112, 0.869321, -0.451477, 0.040875, 0.0, 0.0, 0.0, 1.0],
                [0.934753, 0.355277, -0.003918, 0.099179, 0.203128, -0.543422, -0.814513, 0.08686, -0.291507, 0.760572, -0.580133, 0.03938, 0.0, 0.0, 0.0, 1.0],
                [0.924659, 0.360914, -0.121437, 0.100174, 0.194846, -0.722421, -0.663433, 0.089609, -0.327171, 0.589788, -0.738315, 0.038887, 0.0, 0.0, 0.0, 1.0],
                [0.920201, 0.364334, -0.143144, 0.100802, 0.204938, -0.759956, -0.61682, 0.092345, -0.333512, 0.538263, -0.773978, 0.039849, 0.0, 0.0, 0.0, 1.0],
                [0.915808, 0.368081, -0.16066, 0.101328, 0.216633, -0.789589, -0.574125, 0.095266, -0.33818, 0.490984, -0.80285, 0.042709, 0.0, 0.0, 0.0, 1.0],
                [0.911816, 0.371876, -0.174068, 0.101733, 0.229178, -0.812693, -0.535731, 0.098219, -0.340689, 0.448595, -0.826252, 0.04721, 0.0, 0.0, 0.0, 1.0],
                [0.908679, 0.37495, -0.183613, 0.10201, 0.241342, -0.830623, -0.501817, 0.100974, -0.34067, 0.411677, -0.845261, 0.052691, 0.0, 0.0, 0.0, 1.0],
                [0.906844, 0.376387, -0.189648, 0.10217, 0.251688, -0.84455, -0.47264, 0.103278, -0.338063, 0.380879, -0.860607, 0.058172, 0.0, 0.0, 0.0, 1.0],
                [0.906549, 0.375504, -0.192783, 0.102245, 0.259115, -0.855611, -0.448095, 0.104945, -0.333209, 0.356267, -0.872952, 0.062672, 0.0, 0.0, 0.0, 1.0],
                [0.907749, 0.372248, -0.193449, 0.102268, 0.263173, -0.864404, -0.428422, 0.105912, -0.326697, 0.33799, -0.882628, 0.065529, 0.0, 0.0, 0.0, 1.0],
                [0.910189, 0.367036, -0.191939, 0.102271, 0.264008, -0.871172, -0.413955, 0.106217, -0.319149, 0.326104, -0.889832, 0.066488, 0.0, 0.0, 0.0, 1.0],
                [0.913878, 0.357292, -0.192793, 0.102271, 0.262475, -0.882246, -0.39083, 0.106217, -0.309732, 0.306567, -0.900046, 0.066488, 0.0, 0.0, 0.0, 1.0],
                [0.918847, 0.343704, -0.193874, 0.102271, 0.258878, -0.895826, -0.361216, 0.106217, -0.297829, 0.281713, -0.912105, 0.066487, 0.0, 0.0, 0.0, 1.0],
                [0.924075, 0.33514, -0.183759, 0.102271, 0.253825, -0.897546, -0.360532, 0.106217, -0.285761, 0.286516, -0.914467, 0.066488, 0.0, 0.0, 0.0, 1.0],
                [0.927923, 0.336101, -0.161227, 0.102271, 0.249889, -0.881787, -0.400009, 0.106217, -0.276611, 0.330889, -0.902219, 0.066488, 0.0, 0.0, 0.0, 1.0],
                [0.928355, 0.335058, -0.160916, 0.102271, 0.252205, -0.885838, -0.389465, 0.106217, -0.273039, 0.320978, -0.906875, 0.066488, 0.0, 0.0, 0.0, 1.0],
                [0.926666, 0.32943, -0.181015, 0.102271, 0.25887, -0.908475, -0.328114, 0.106217, -0.272538, 0.257192, -0.927133, 0.066488, 0.0, 0.0, 0.0, 1.0],
                [0.925119, 0.325554, -0.19537, 0.102271, 0.265174, -0.922287, -0.281193, 0.106217, -0.271731, 0.20833, -0.939554, 0.066488, 0.0, 0.0, 0.0, 1.0],
                [0.923629, 0.322747, -0.206747, 0.102271, 0.271277, -0.931516, -0.242254, 0.106217, -0.270775, 0.167667, -0.947929, 0.066487, 0.0, 0.0, 0.0, 1.0],
                [0.922188, 0.320827, -0.215961, 0.102271, 0.277141, -0.937694, -0.209578, 0.106217, -0.269743, 0.133419, -0.953645, 0.066488, 0.0, 0.0, 0.0, 1.0],
                [0.92081, 0.319641, -0.223468, 0.102271, 0.282689, -0.941747, -0.182207, 0.106217, -0.268691, 0.104606, -0.957529, 0.066487, 0.0, 0.0, 0.0, 1.0],
                [0.919517, 0.319045, -0.229561, 0.102271, 0.287823, -0.944305, -0.159514, 0.106217, -0.267668, 0.080603, -0.960134, 0.066487, 0.0, 0.0, 0.0, 1.0],
                [0.918338, 0.318913, -0.234413, 0.102271, 0.292437, -0.945817, -0.141108, 0.106217, -0.266713, 0.061033, -0.961842, 0.066488, 0.0, 0.0, 0.0, 1.0],
                [0.917299, 0.319088, -0.238213, 0.102271, 0.296444, -0.946636, -0.126491, 0.106217, -0.265863, 0.045413, -0.962941, 0.066488, 0.0, 0.0, 0.0, 1.0],
                [0.916426, 0.31945, -0.241071, 0.102271, 0.29977, -0.947013, -0.115345, 0.106217, -0.265145, 0.033439, -0.963629, 0.066488, 0.0, 0.0, 0.0, 1.0],
                [0.915737, 0.319866, -0.24313, 0.102271, 0.302367, -0.947141, -0.107225, 0.106217, -0.264576, 0.024675, -0.964049, 0.066488, 0.0, 0.0, 0.0, 1.0],
                [0.915243, 0.320237, -0.244498, 0.102271, 0.304213, -0.947151, -0.101777, 0.106217, -0.26417, 0.018771, -0.964293, 0.066488, 0.0, 0.0, 0.0, 1.0],
                [0.914948, 0.32049, -0.245267, 0.102271, 0.305305, -0.947126, -0.098691, 0.106217, -0.263928, 0.015416, -0.964419, 0.066487, 0.0, 0.0, 0.0, 1.0],
                [0.914852, 0.320579, -0.24551, 0.102271, 0.305663, -0.947113, -0.097709, 0.106217, -0.263849, 0.014345, -0.964457, 0.066487, 0.0, 0.0, 0.0, 1.0]
            ]
        },
        {
            "name": "Leg_R",
            "time": [0.0, 0.0167, 0.0333, 0.05, 0.0667, 0.0833, 0.1, 0.1167, 0.1333, 0.15, 0.1667, 0.1833, 0.2, 0.2167, 0.2333, 0.25, 0.2667, 0.2833, 0.3, 0.3167, 0.3333, 0.35, 0.3667, 0.3833, 0.4, 0.4167, 0.4333, 0.45, 0.4667, 0.4833, 0.5, 0.5167, 0.5333, 0.55, 0.5667, 0.5833, 0.6, 0.6167, 0.6333, 0.65, 0.6667, 0.6833, 0.7, 0.7167, 0.7333, 0.75, 0.7667, 0.7833, 0.8, 0.8167, 0.8333, 0.85, 0.8667, 0.8833, 0.9, 0.9167, 0.9333, 0.95, 0.9667, 0.9833, 1.0, 1.0167, 1.0333, 1.05, 1.0667, 1.0833, 1.1, 1.1167, 1.1333, 1.15, 1.1667, 1.1833, 1.2, 1.2167, 1.2333, 1.25, 1.2667, 1.2833, 1.3, 1.3167, 1.3333, 1.35, 1.3667, 1.3833, 1.4, 1.4167, 1.4333, 1.45, 1.4667, 1.4833, 1.5, 1.5167, 1.5333, 1.55, 1.5667, 1.5833, 1.6, 1.6167, 1.6333, 1.65, 1.6667, 1.6833, 1.7, 1.7167, 1.7333, 1.75, 1.7667],
            "transform": [
                [0.999837, -0.017448, -0.004547, -0.0, 0.017503, 0.878654, 0.477138, 0.374721, -0.00433, -0.47714, 0.878817, 0.0, 0.0, 0.0, 0.0, 1.0],
                [0.999811, -0.018734, -0.005279, -0.0, 0.018793, 0.858606, 0.512292, 0.374721, -0.005065, -0.512294, 0.858795, 0.0, 0.0, 0.0, 0.0, 1.0],
                [0.999728, -0.022066, -0.007524, 0.0, 0.022136, 0.797118, 0.603418, 0.374721, -0.007318, -0.603421, 0.79739, 0.0, 0.0, 0.0, 0.0, 1.0],
                [0.999602, -0.025985, -0.010957, 0.0, 0.026067, 0.703128, 0.710586, 0.374721, -0.010761, -0.710589, 0.703526, -0.0, 0.0, 0.0, 0.0, 1.0],
                [0.999463, -0.029257, -0.014752, 0.0, 0.029349, 0.599211, 0.800053, 0.374721, -0.014568, -0.800056, 0.599748, 0.0, 0.0, 0.0, 0.0, 1.0],
                [0.999344, -0.031427, -0.017997, 0.0, 0.031526, 0.510355, 0.859386, 0.374721, -0.017823, -0.85939, 0.511011, -0.0, 0.0, 0.0, 0.0, 1.0],
                [0.999265, -0.032614, -0.02016, -0.0, 0.032717, 0.451124, 0.891861, 0.374721, -0.019993, -0.891865, 0.451859, -0.0, 0.0, 0.0, 0.0, 1.0],
                [0.999219, -0.033219, -0.021415, 0.0, 0.033324, 0.416758, 0.908407, 0.374721, -0.021252, -0.908411, 0.417539, 0.0, 0.0, 0.0, 0.0, 1.0],
                [0.999199, -0.033467, -0.021967, 0.0, 0.033573, 0.401636, 0.915184, 0.374721, -0.021806, -0.915188, 0.402437, 0.0, 0.0, 0.0, 0.0, 1.0],
                [0.99921, -0.033331, -0.021661, -0.0, 0.033436, 0.410031, 0.911459, 0.374721, -0.021499, -0.911462, 0.410822, 0.0, 0.0, 0.0, 0.0, 1.0],
                [0.999252, -0.032782, -0.020497, -0.0, 0.032886, 0.441907, 0.896458, 0.374721, -0.020331, -0.896462, 0.442655, -0.0, 0.0, 0.0, 0.0, 1.0],
                [0.999318, -0.031833, -0.018698, 0.0, 0.031933, 0.491145, 0.870492, 0.374721, -0.018527, -0.870496, 0.491827, 0.0, 0.0, 0.0, 0.0, 1.0],
                [0.999396, -0.030543, -0.016582, 0.0, 0.030639, 0.549086, 0.835204, 0.374721, -0.016404, -0.835207, 0.549691, 0.0, 0.0, 0.0, 0.0, 1.0],
                [0.999469, -0.029144, -0.014602, -0.0, 0.029236, 0.60331, 0.796971, 0.374721, -0.014418, -0.796974, 0.603841, 0.0, 0.0, 0.0, 0.0, 1.0],
                [0.999535, -0.027676, -0.012786, -0.0, 0.027763, 0.653029, 0.756824, 0.374721, -0.012596, -0.756828, 0.653494, 0.0, 0.0, 0.0, 0.0, 1.0],
                [0.999614, -0.025677, -0.010649, -0.0, 0.025758, 0.711561, 0.702152, 0.374721, -0.010452, -0.702155, 0.711948, -0.0, 0.0, 0.0, 0.0, 1.0],
                [0.999715, -0.022533, -0.007884, -0.0, 0.022604, 0.787281, 0.61618, 0.374721, -0.007678, -0.616183, 0.787566, 0.0, 0.0, 0.0, 0.0, 1.0],
                [0.999831, -0.01779, -0.004735, -0.0, 0.017846, 0.873508, 0.486483, 0.374721, -0.004519, -0.486485, 0.873677, -0.0, 0.0, 0.0, 0.0, 1.0],
                [0.999931, -0.011633, -0.002015, -0.0, 0.01167, 0.947978, 0.318121, 0.374721, -0.001791, -0.318122, 0.948048, 0.0, 0.0, 0.0, 0.0, 1.0],
                [0.99998, -0.006274, -0.000657, 0.0, 0.006294, 0.985152, 0.171567, 0.374721, -0.000429, -0.171568, 0.985172, -0.0, 0.0, 0.0, 0.0, 1.0],
                [0.999959, -0.008942, -0.001225, 0.0, 0.00897, 0.9696, 0.244531, 0.374721, -0.000999, -0.244532, 0.969641, 0.0, 0.0, 0.0, 0.0, 1.0],
                [0.999845, -0.017072, -0.004345, 0.0, 0.017126, 0.884176, 0.466841, 0.374721, -0.004128, -0.466843, 0.884331, 0.0, 0.0, 0.0, 0.0, 1.0],
                [0.999625, -0.025355, -0.010335, -0.0, 0.025434, 0.720163, 0.693339, 0.374721, -0.010137, -0.693342, 0.720538, 0.0, 0.0, 0.0, 0.0, 1.0],
                [0.999353, -0.031282, -0.017755, -0.0, 0.03138, 0.516983, 0.85542, 0.374721, -0.01758, -0.855424, 0.517631, 0.0, 0.0, 0.0, 0.0, 1.0],
                [0.999112, -0.034406, -0.024327, -0.0, 0.034515, 0.337032, 0.94086, 0.374721, -0.024173, -0.940864, 0.33792, -0.0, 0.0, 0.0, 0.0, 1.0],
                [0.998951, -0.035674, -0.028711, 0.0, 0.035786, 0.216983, 0.975519, 0.374721, -0.028571, -0.975523, 0.218032, 0.0, 0.0, 0.0, 0.0, 1.0],
                [0.998853, -0.036167, -0.0314, -0.0, 0.036281, 0.143343, 0.989008, 0.374721, -0.031268, -0.989012, 0.144491, 0.0, 0.0, 0.0, 0.0, 1.0],
                [0.99879, -0.036372, -0.033088, -0.0, 0.036486, 0.097134, 0.994602, 0.374721, -0.032961, -0.994607, 0.098344, 0.0, 0.0, 0.0, 0.0, 1.0],
                [0.99876, -0.036443, -0.033911, -0.0, 0.036557, 0.074577, 0.996545, 0.374721, -0.033788, -0.996549, 0.075817, 0.0, 0.0, 0.0, 0.0, 1.0],
                [0.998753, -0.036457, -0.034117, 0.0, 0.036572, 0.068944, 0.99695, 0.374721, -0.033994, -0.996954, 0.070191, -0.0, 0.0, 0.0, 0.0, 1.0],
                [0.998763, -0.036437, -0.033839, 0.0, 0.036552, 0.07655, 0.996395, 0.374721, -0.033715, -0.9964, 0.077787, 0.0, 0.0, 0.0, 0.0, 1.0],
                [0.998792, -0.036368, -0.033047, -0.0, 0.036482, 0.098246, 0.994493, 0.374721, -0.032921, -0.994498, 0.099454, -0.0, 0.0, 0.0, 0.0, 1.0],
                [0.998857, -0.03615, -0.031285, -0.0, 0.036264, 0.1465, 0.988546, 0.374721, -0.031153, -0.98855, 0.147643, -0.0, 0.0, 0.0, 0.0, 1.0],
                [0.999024, -0.035171, -0.026718, 0.0, 0.035282, 0.271561, 0.961774, 0.374721, -0.026571, -0.961778, 0.272537, 0.0, 0.0, 0.0, 0.0, 1.0],
                [0.999395, -0.030562, -0.016611, -0.0, 0.030658, 0.548292, 0.835725, 0.374721, -0.016433, -0.835729, 0.548897, 0.0, 0.0, 0.0, 0.0, 1.0],
