{
    "animation": [
        {
            "name": "Root",
            "time": [0.0, 0.0167, 0.0333, 0.05, 0.0667, 0.0833, 0.1, 0.1167, 0.1333, 0.15, 0.1667, 0.1833, 0.2, 0.2167, 0.2333, 0.25, 0.2667, 0.2833, 0.3, 0.3167, 0.3333, 0.35, 0.3667, 0.3833, 0.4, 0.4167, 0.4333, 0.45, 0.4667, 0.4833, 0.5, 0.5167, 0.5333, 0.55, 0.5667, 0.5833, 0.6, 0.6167, 0.6333, 0.65, 0.6667, 0.6833, 0.7, 0.7167, 0.7333, 0.75, 0.7667, 0.7833, 0.8, 0.8167, 0.8333, 0.85, 0.8667, 0.8833, 0.9, 0.9167, 0.9333, 0.95, 0.9667, 0.9833, 1.0, 1.0167, 1.0333, 1.05, 1.0667, 1.0833, 1.1, 1.1167, 1.1333, 1.15, 1.1667, 1.1833, 1.2, 1.2167, 1.2333, 1.25, 1.2667, 1.2833, 1.3, 1.3167, 1.3333, 1.35, 1.3667, 1.3833, 1.4, 1.4167, 1.4333, 1.45, 1.4667, 1.4833, 1.5, 1.5167, 1.5333, 1.55, 1.5667, 1.5833, 1.6, 1.6167, 1.6333, 1.65, 1.6667, 1.6833, 1.7, 1.7167, 1.7333, 1.75, 1.7667, 1.7833, 1.8, 1.8167, 1.8333, 1.85, 1.8667, 1.8833, 1.9],
            "transform": [
                [0.997126, 0.0, -0.075768, -0.016997, -0.075768, 0.0, -0.997126, -0.023369, 0.0, 1.0, 0.0, 0.512414, 0.0, 0.0, 0.0, 1.0],
                [0.997126, 0.0, -0.075768, -0.016997, -0.075768, 0.0, -0.997126, -0.025846, 0.0, 1.0, 0.0, 0.512398, 0.0, 0.0, 0.0, 1.0],
                [0.997126, 0.0, -0.075768, -0.016997, -0.075768, 0.0, -0.997126, -0.033324, 0.0, 1.0, 0.0, 0.512279, 0.0, 0.0, 0.0, 1.0],
                [0.997126, 0.0, -0.075768, -0.016997, -0.075768, 0.0, -0.997126, -0.045654, 0.0, 1.0, 0.0, 0.51192, 0.0, 0.0, 0.0, 1.0],
                [0.997126, 0.0, -0.075768, -0.016997, -0.075768, 0.0, -0.997126, -0.062296, 0.0, 1.0, 0.0, 0.511147, 0.0, 0.0, 0.0, 1.0],
                [0.997126, 0.0, -0.075768, -0.016997, -0.075768, 0.0, -0.997126, -0.082225, 0.0, 1.0, 0.0, 0.509763, 0.0, 0.0, 0.0, 1.0],
                [0.997126, 0.0, -0.075768, -0.016997, -0.075768, 0.0, -0.997126, -0.103946, 0.0, 1.0, 0.0, 0.507577, 0.0, 0.0, 0.0, 1.0],
                [0.997126, 0.0, -0.075768, -0.016997, -0.075768, 0.0, -0.997126, -0.125666, 0.0, 1.0, 0.0, 0.504432, 0.0, 0.0, 0.0, 1.0],
                [0.997126, 0.0, -0.075768, -0.016997, -0.075768, 0.0, -0.997126, -0.145595, 0.0, 1.0, 0.0, 0.500243, 0.0, 0.0, 0.0, 1.0],
                [0.997126, 0.0, -0.075768, -0.016997, -0.075768, 0.0, -0.997126, -0.162237, 0.0, 1.0, 0.0, 0.495, 0.0, 0.0, 0.0, 1.0],
                [0.997126, 0.0, -0.075768, -0.016997, -0.075768, 0.0, -0.997126, -0.174567, 0.0, 1.0, 0.0, 0.488763, 0.0, 0.0, 0.0, 1.0],
                [0.997126, 0.0, -0.075768, -0.016997, -0.075768, 0.0, -0.997126, -0.182045, 0.0, 1.0, 0.0, 0.481631, 0.0, 0.0, 0.0, 1.0],
                [0.997126, 0.0, -0.075768, -0.016997, -0.075768, 0.0, -0.997126, -0.184522, 0.0, 1.0, 0.0, 0.473721, 0.0, 0.0, 0.0, 1.0],
                [0.997126, 0.0, -0.075768, -0.016997, -0.075768, 0.0, -0.997126, -0.184263, 0.0, 1.0, 0.0, 0.460853, 0.0, 0.0, 0.0, 1.0],
                [0.997126, 0.0, -0.075768, -0.016997, -0.075768, 0.0, -0.997126, -0.182153, 0.0, 1.0, 0.0, 0.439024, 0.0, 0.0, 0.0, 1.0],
                [0.997126, 0.0, -0.075768, -0.016997, -0.075768, 0.0, -0.997126, -0.175548, 0.0, 1.0, 0.0, 0.409857, 0.0, 0.0, 0.0, 1.0],
                [0.997126, 0.0, -0.075768, -0.016997, -0.075768, 0.0, -0.997126, -0.161307, 0.0, 1.0, 0.0, 0.376989, 0.0, 0.0, 0.0, 1.0],
                [0.997126, 0.0, -0.075768, -0.016997, -0.075768, 0.0, -0.997126, -0.136795, 0.0, 1.0, 0.0, 0.345548, 0.0, 0.0, 0.0, 1.0],
                [0.997126, 0.0, -0.075768, -0.016997, -0.075768, 0.0, -0.997126, -0.100938, 0.0, 1.0, 0.0, 0.320444, 0.0, 0.0, 0.0, 1.0],
                [0.997126, 0.0, -0.075768, -0.016997, -0.075768, 0.0, -0.997126, -0.054384, 0.0, 1.0, 0.0, 0.304787, 0.0, 0.0, 0.0, 1.0],
                [0.997126, 0.0, -0.075768, -0.016997, -0.075768, 0.0, -0.997126, 0.001203, 0.0, 1.0, 0.0, 0.299604, 0.0, 0.0, 0.0, 1.0],
                [0.997126, 0.0, -0.075768, -0.016997, -0.075768, 0.0, -0.997126, 0.079991, 0.0, 1.0, 0.0, 0.314482, 0.0, 0.0, 0.0, 1.0],
                [0.997126, 0.0, -0.075768, -0.016997, -0.075768, 0.0, -0.997126, 0.194633, 0.0, 1.0, 0.0, 0.358275, 0.0, 0.0, 0.0, 1.0],
                [0.997126, 0.0, -0.075768, -0.016997, -0.075768, 0.0, -0.997126, 0.326953, 0.0, 1.0, 0.0, 0.419567, 0.0, 0.0, 0.0, 1.0],
                [0.997126, 0.0, -0.075768, -0.016997, -0.075768, 0.0, -0.997126, 0.447065, 0.0, 1.0, 0.0, 0.477157, 0.0, 0.0, 0.0, 1.0],
                [0.997126, 0.0, -0.075768, -0.016997, -0.075768, 0.0, -0.997126, 0.535161, 0.0, 1.0, 0.0, 0.515509, 0.0, 0.0, 0.0, 1.0],
                [0.997126, 0.0, -0.075768, -0.016997, -0.075768, 0.0, -0.997126, 0.603282, 0.0, 1.0, 0.0, 0.541673, 0.0, 0.0, 0.0, 1.0],
                [0.997126, 0.0, -0.075768, -0.016997, -0.075768, 0.0, -0.997126, 0.667446, 0.0, 1.0, 0.0, 0.566667, 0.0, 0.0, 0.0, 1.0],
                [0.997126, 0.0, -0.075768, -0.016997, -0.075768, 0.0, -0.997126, 0.727555, 0.0, 1.0, 0.0, 0.590416, 0.0, 0.0, 0.0, 1.0],
                [0.997126, 0.0, -0.075768, -0.016997, -0.075768, 0.0, -0.997126, 0.783537, 0.0, 1.0, 0.0, 0.612847, 0.0, 0.0, 0.0, 1.0],
                [0.997126, 0.0, -0.075768, -0.016997, -0.075768, 0.0, -0.997126, 0.835362, 0.0, 1.0, 0.0, 0.633894, 0.0, 0.0, 0.0, 1.0],
                [0.997126, 0.0, -0.075768, -0.016997, -0.075768, 0.0, -0.997126, 0.883043, 0.0, 1.0, 0.0, 0.653496, 0.0, 0.0, 0.0, 1.0],
                [0.997126, 0.0, -0.075768, -0.016997, -0.075768, 0.0, -0.997126, 0.926646, 0.0, 1.0, 0.0, 0.671604, 0.0, 0.0, 0.0, 1.0],
                [0.997126, 0.0, -0.075768, -0.016997, -0.075768, 0.0, -0.997126, 0.966296, 0.0, 1.0, 0.0, 0.688179, 0.0, 0.0, 0.0, 1.0],
                [0.997126, 0.0, -0.075768, -0.016997, -0.075768, 0.0, -0.997126, 1.002184, 0.0, 1.0, 0.0, 0.703202, 0.0, 0.0, 0.0, 1.0],
                [0.997126, 0.0, -0.075768, -0.016997, -0.075768, 0.0, -0.997126, 1.034562, 0.0, 1.0, 0.0, 0.71667, 0.0, 0.0, 0.0, 1.0],
                [0.997126, 0.0, -0.075768, -0.016997, -0.075768, 0.0, -0.997126, 1.06375, 0.0, 1.0, 0.0, 0.728604, 0.0, 0.0, 0.0, 1.0],
                [0.997126, 0.0, -0.075768, -0.016997, -0.075768, 0.0, -0.997126, 1.090119, 0.0, 1.0, 0.0, 0.739042, 0.0, 0.0, 0.0, 1.0],
                [0.997126, 0.0, -0.075768, -0.016997, -0.075768, 0.0, -0.997126, 1.114092, 0.0, 1.0, 0.0, 0.748045, 0.0, 0.0, 0.0, 1.0],
                [0.997126, 0.0, -0.075768, -0.016997, -0.075768, 0.0, -0.997126, 1.136123, 0.0, 1.0, 0.0, 0.755695, 0.0, 0.0, 0.0, 1.0],
                [0.997126, 0.0, -0.075768, -0.016997, -0.075768, 0.0, -0.997126, 1.156685, 0.0, 1.0, 0.0, 0.762088, 0.0, 0.0, 0.0, 1.0],
                [0.997126, 0.0, -0.075768, -0.016997, -0.075768, 0.0, -0.997126, 1.176255, 0.0, 1.0, 0.0, 0.767334, 0.0, 0.0, 0.0, 1.0],
                [0.997126, 0.0, -0.075768, -0.016997, -0.075768, 0.0, -0.997126, 1.195297, 0.0, 1.0, 0.0, 0.771551, 0.0, 0.0, 0.0, 1.0],
                [0.997126, 0.0, -0.075768, -0.016997, -0.075768, 0.0, -0.997126, 1.21425, 0.0, 1.0, 0.0, 0.774863, 0.0, 0.0, 0.0, 1.0],
                [0.997126, 0.0, -0.075768, -0.016997, -0.075768, 0.0, -0.997126, 1.233518, 0.0, 1.0, 0.0, 0.777393, 0.0, 0.0, 0.0, 1.0],
                [0.997126, 0.0, -0.075768, -0.016997, -0.075768, 0.0, -0.997126, 1.253463, 0.0, 1.0, 0.0, 0.779264, 0.0, 0.0, 0.0, 1.0],
                [0.997126, 0.0, -0.075768, -0.016997, -0.075768, 0.0, -0.997126, 1.274398, 0.0, 1.0, 0.0, 0.780589, 0.0, 0.0, 0.0, 1.0],
                [0.997126, 0.0, -0.075768, -0.016997, -0.075768, 0.0, -0.997126, 1.296593, 0.0, 1.0, 0.0, 0.781478, 0.0, 0.0, 0.0, 1.0],
                [0.997126, 0.0, -0.075768, -0.016997, -0.075768, 0.0, -0.997126, 1.320265, 0.0, 1.0, 0.0, 0.782028, 0.0, 0.0, 0.0, 1.0],
                [0.997126, 0.0, -0.075768, -0.016997, -0.075768, 0.0, -0.997126, 1.345594, 0.0, 1.0, 0.0, 0.782328, 0.0, 0.0, 0.0, 1.0],
                [0.997126, 0.0, -0.075768, -0.016997, -0.075768, 0.0, -0.997126, 1.372717, 0.0, 1.0, 0.0, 0.782459, 0.0, 0.0, 0.0, 1.0],
                [0.997126, 0.0, -0.075768, -0.016997, -0.075768, 0.0, -0.997126, 1.401734, 0.0, 1.0, 0.0, 0.782488, 0.0, 0.0, 0.0, 1.0],
                [0.997126, 0.0, -0.075768, -0.016997, -0.075768, 0.0, -0.997126, 1.430952, 0.0, 1.0, 0.0, 0.781097, 0.0, 0.0, 0.0, 1.0],
                [0.997126, 0.0, -0.075768, -0.016997, -0.075768, 0.0, -0.997126, 1.458625, 0.0, 1.0, 0.0, 0.776749, 0.0, 0.0, 0.0, 1.0],
                [0.997126, 0.0, -0.075768, -0.016997, -0.075768, 0.0, -0.997126, 1.484848, 0.0, 1.0, 0.0, 0.76927, 0.0, 0.0, 0.0, 1.0],
                [0.997126, 0.0, -0.075768, -0.016997, -0.075768, 0.0, -0.997126, 1.509876, 0.0, 1.0, 0.0, 0.758677, 0.0, 0.0, 0.0, 1.0],
                [0.997126, 0.0, -0.075768, -0.016997, -0.075768, 0.0, -0.997126, 1.534152, 0.0, 1.0, 0.0, 0.745269, 0.0, 0.0, 0.0, 1.0],
                [0.997126, 0.0, -0.075768, -0.016997, -0.075768, 0.0, -0.997126, 1.55827, 0.0, 1.0, 0.0, 0.729655, 0.0, 0.0, 0.0, 1.0],
                [0.997126, 0.0, -0.075768, -0.016997, -0.075768, 0.0, -0.997126, 1.582877, 0.0, 1.0, 0.0, 0.712673, 0.0, 0.0, 0.0, 1.0],
                [0.997126, 0.0, -0.075768, -0.016997, -0.075768, 0.0, -0.997126, 1.608542, 0.0, 1.0, 0.0, 0.695222, 0.0, 0.0, 0.0, 1.0],
                [0.997126, 0.0, -0.075768, -0.016997, -0.075768, 0.0, -0.997126, 1.635662, 0.0, 1.0, 0.0, 0.678088, 0.0, 0.0, 0.0, 1.0],
                [0.997126, 0.0, -0.075768, -0.016997, -0.075768, 0.0, -0.997126, 1.664439, 0.0, 1.0, 0.0, 0.66185, 0.0, 0.0, 0.0, 1.0],
                [0.997126, 0.0, -0.075768, -0.016997, -0.075768, 0.0, -0.997126, 1.69492, 0.0, 1.0, 0.0, 0.646863, 0.0, 0.0, 0.0, 1.0],
                [0.997126, 0.0, -0.075768, -0.016997, -0.075768, 0.0, -0.997126, 1.719656, 0.0, 1.0, 0.0, 0.635284, 0.0, 0.0, 0.0, 1.0],
                [0.997126, 0.0, -0.075768, -0.016997, -0.075768, 0.0, -0.997126, 1.734555, 0.0, 1.0, 0.0, 0.627755, 0.0, 0.0, 0.0, 1.0],
                [0.997126, 0.0, -0.075768, -0.016997, -0.075768, 0.0, -0.997126, 1.749419, 0.0, 1.0, 0.0, 0.620225, 0.0, 0.0, 0.0, 1.0],
                [0.997126, 0.0, -0.075768, -0.016997, -0.075768, 0.0, -0.997126, 1.778152, 0.0, 1.0, 0.0, 0.606958, 0.0, 0.0, 0.0, 1.0],
                [0.997126, 0.0, -0.075768, -0.016997, -0.075768, 0.0, -0.997126, 1.831168, 0.0, 1.0, 0.0, 0.583658, 0.0, 0.0, 0.0, 1.0],
                [0.997126, 0.0, -0.075768, -0.016997, -0.075768, 0.0, -0.997126, 1.910825, 0.0, 1.0, 0.0, 0.549357, 0.0, 0.0, 0.0, 1.0],
                [0.997126, 0.0, -0.075768, -0.016997, -0.075768, 0.0, -0.997126, 2.037516, 0.0, 1.0, 0.0, 0.489313, 0.0, 0.0, 0.0, 1.0],
                [0.997126, 0.0, -0.075768, -0.016997, -0.075768, 0.0, -0.997126, 2.223144, 0.0, 1.0, 0.0, 0.400881, 0.0, 0.0, 0.0, 1.0],
                [0.997126, 0.0, -0.075768, -0.016997, -0.075768, 0.0, -0.997126, 2.417296, 0.0, 1.0, 0.0, 0.325564, 0.0, 0.0, 0.0, 1.0],
                [0.997126, 0.0, -0.075768, -0.016997, -0.075768, 0.0, -0.997126, 2.565505, 0.0, 1.0, 0.0, 0.298629, 0.0, 0.0, 0.0, 1.0],
                [0.997126, 0.0, -0.075768, -0.01409, -0.075768, 0.0, -0.997126, 2.666422, 0.0, 1.0, 0.0, 0.313139, 0.0, 0.0, 0.0, 1.0],
                [0.997126, 0.0, -0.075768, -0.007869, -0.075768, 0.0, -0.997126, 2.731518, 0.0, 1.0, 0.0, 0.349947, 0.0, 0.0, 0.0, 1.0],
                [0.997126, 0.0, -0.075768, -0.004962, -0.075768, 0.0, -0.997126, 2.78141, 0.0, 1.0, 0.0, 0.382205, 0.0, 0.0, 0.0, 1.0],
                [0.997126, 0.0, -0.075768, -0.005705, -0.075768, 0.0, -0.997126, 2.828022, 0.0, 1.0, 0.0, 0.405057, 0.0, 0.0, 0.0, 1.0],
                [0.997126, 0.0, -0.075768, -0.007869, -0.075768, 0.0, -0.997126, 2.865027, 0.0, 1.0, 0.0, 0.426767, 0.0, 0.0, 0.0, 1.0],
                [0.997126, 0.0, -0.075768, -0.010979, -0.075768, 0.0, -0.997126, 2.893053, 0.0, 1.0, 0.0, 0.44665, 0.0, 0.0, 0.0, 1.0],
                [0.997126, 0.0, -0.075768, -0.01409, -0.075768, 0.0, -0.997126, 3.397188, 0.0, 1.0, 0.0, 0.464269, 0.0, 0.0, 0.0, 1.0],
                [0.997126, 0.0, -0.075768, -0.016253, -0.075768, 0.0, -0.997126, 4.449674, 0.0, 1.0, 0.0, 0.479755, 0.0, 0.0, 0.0, 1.0],
                [0.997126, 0.0, -0.075768, -0.016997, -0.075768, 0.0, -0.997126, 4.956187, 0.0, 1.0, 0.0, 0.49364, 0.0, 0.0, 0.0, 1.0],
                [0.997126, 0.0, -0.075768, -0.016997, -0.075768, 0.0, -0.997126, 4.986811, 0.0, 1.0, 0.0, 0.505424, 0.0, 0.0, 0.0, 1.0],
                [0.997126, 0.0, -0.075768, -0.016997, -0.075768, 0.0, -0.997126, 5.019876, 0.0, 1.0, 0.0, 0.513891, 0.0, 0.0, 0.0, 1.0],
                [0.997126, 0.0, -0.075768, -0.016997, -0.075768, 0.0, -0.997126, 5.04395, 0.0, 1.0, 0.0, 0.519931, 0.0, 0.0, 0.0, 1.0],
                [0.997126, 0.0, -0.075768, -0.016997, -0.075768, 0.0, -0.997126, 5.05188, 0.0, 1.0, 0.0, 0.525588, 0.0, 0.0, 0.0, 1.0],
                [0.997126, 0.0, -0.075768, -0.016997, -0.075768, 0.0, -0.997126, 5.051057, 0.0, 1.0, 0.0, 0.531609, 0.0, 0.0, 0.0, 1.0],
                [0.997126, 0.0, -0.075768, -0.016997, -0.075768, 0.0, -0.997126, 5.048532, 0.0, 1.0, 0.0, 0.537678, 0.0, 0.0, 0.0, 1.0],
                [0.997126, 0.0, -0.075768, -0.016997, -0.075768, 0.0, -0.997126, 5.044271, 0.0, 1.0, 0.0, 0.543711, 0.0, 0.0, 0.0, 1.0],
                [0.997126, 0.0, -0.075768, -0.016997, -0.075768, 0.0, -0.997126, 5.038323, 0.0, 1.0, 0.0, 0.549595, 0.0, 0.0, 0.0, 1.0],
                [0.997126, 0.0, -0.075768, -0.016997, -0.075768, 0.0, -0.997126, 5.03086, 0.0, 1.0, 0.0, 0.555194, 0.0, 0.0, 0.0, 1.0],
                [0.997126, 0.0, -0.075768, -0.016997, -0.075768, 0.0, -0.997126, 5.022187, 0.0, 1.0, 0.0, 0.560358, 0.0, 0.0, 0.0, 1.0],
                [0.997126, 0.0, -0.075768, -0.016997, -0.075768, 0.0, -0.997126, 5.012731, 0.0, 1.0, 0.0, 0.564943, 0.0, 0.0, 0.0, 1.0],
                [0.997126, 0.0, -0.075768, -0.016997, -0.075768, 0.0, -0.997126, 5.002986, 0.0, 1.0, 0.0, 0.568836, 0.0, 0.0, 0.0, 1.0],
                [0.997126, 0.0, -0.075768, -0.016997, -0.075768, 0.0, -0.997126, 4.993442, 0.0, 1.0, 0.0, 0.571968, 0.0, 0.0, 0.0, 1.0],
                [0.997126, 0.0, -0.075768, -0.016997, -0.075768, 0.0, -0.997126, 4.984517, 0.0, 1.0, 0.0, 0.574324, 0.0, 0.0, 0.0, 1.0],
                [0.997126, 0.0, -0.075768, -0.016997, -0.075768, 0.0, -0.997126, 4.97652, 0.0, 1.0, 0.0, 0.575929, 0.0, 0.0, 0.0, 1.0],
                [0.997126, 0.0, -0.075768, -0.016997, -0.075768, 0.0, -0.997126, 4.969644, 0.0, 1.0, 0.0, 0.57684, 0.0, 0.0, 0.0, 1.0],
                [0.997126, 0.0, -0.075768, -0.016997, -0.075768, 0.0, -0.997126, 4.963982, 0.0, 1.0, 0.0, 0.577127, 0.0, 0.0, 0.0, 1.0],
                [0.997126, 0.0, -0.075768, -0.016997, -0.075768, 0.0, -0.997126, 4.958911, 0.0, 1.0, 0.0, 0.576961, 0.0, 0.0, 0.0, 1.0],
                [0.997126, 0.0, -0.075768, -0.016997, -0.075768, 0.0, -0.997126, 4.953804, 0.0, 1.0, 0.0, 0.576461, 0.0, 0.0, 0.0, 1.0],
                [0.997126, 0.0, -0.075768, -0.016997, -0.075768, 0.0, -0.997126, 4.948704, 0.0, 1.0, 0.0, 0.575626, 0.0, 0.0, 0.0, 1.0],
                [0.997126, 0.0, -0.075768, -0.016997, -0.075768, 0.0, -0.997126, 4.943666, 0.0, 1.0, 0.0, 0.574472, 0.0, 0.0, 0.0, 1.0],
                [0.997126, 0.0, -0.075768, -0.016997, -0.075768, 0.0, -0.997126, 4.938757, 0.0, 1.0, 0.0, 0.573028, 0.0, 0.0, 0.0, 1.0],
                [0.997126, 0.0, -0.075768, -0.016997, -0.075768, 0.0, -0.997126, 4.934053, 0.0, 1.0, 0.0, 0.571342, 0.0, 0.0, 0.0, 1.0],
                [0.997126, 0.0, -0.075768, -0.016997, -0.075768, 0.0, -0.997126, 4.929639, 0.0, 1.0, 0.0, 0.569481, 0.0, 0.0, 0.0, 1.0],
                [0.997126, 0.0, -0.075768, -0.016997, -0.075768, 0.0, -0.997126, 4.925594, 0.0, 1.0, 0.0, 0.567528, 0.0, 0.0, 0.0, 1.0],
                [0.997126, 0.0, -0.075768, -0.016997, -0.075768, 0.0, -0.997126, 4.921989, 0.0, 1.0, 0.0, 0.565575, 0.0, 0.0, 0.0, 1.0],
                [0.997126, 0.0, -0.075768, -0.016997, -0.075768, 0.0, -0.997126, 4.918877, 0.0, 1.0, 0.0, 0.563714, 0.0, 0.0, 0.0, 1.0],
                [0.997126, 0.0, -0.075768, -0.016997, -0.075768, 0.0, -0.997126, 4.916286, 0.0, 1.0, 0.0, 0.562028, 0.0, 0.0, 0.0, 1.0],
                [0.997126, 0.0, -0.075768, -0.016997, -0.075768, 0.0, -0.997126, 4.914225, 0.0, 1.0, 0.0, 0.560584, 0.0, 0.0, 0.0, 1.0],
                [0.997126, 0.0, -0.075768, -0.016997, -0.075768, 0.0, -0.997126, 4.91268, 0.0, 1.0, 0.0, 0.55943, 0.0, 0.0, 0.0, 1.0],
                [0.997126, 0.0, -0.075768, -0.016997, -0.075768, 0.0, -0.997126, 4.911623, 0.0, 1.0, 0.0, 0.558595, 0.0, 0.0, 0.0, 1.0],
                [0.997126, 0.0, -0.075768, -0.016997, -0.075768, 0.0, -0.997126, 4.911019, 0.0, 1.0, 0.0, 0.558095, 0.0, 0.0, 0.0, 1.0],
                [0.997126, 0.0, -0.075768, -0.016997, -0.075768, 0.0, -0.997126, 4.910828, 0.0, 1.0, 0.0, 0.557929, 0.0, 0.0, 0.0, 1.0]
            ]
        },
        {
            "name": "Thigh_R",
            "time": [0.0, 0.0167, 0.0333, 0.05, 0.0667, 0.0833, 0.1, 0.1167, 0.1333, 0.15, 0.1667, 0.1833, 0.2, 0.2167, 0.2333, 0.25, 0.2667, 0.2833, 0.3, 0.3167, 0.3333, 0.35, 0.3667, 0.3833, 0.4, 0.4167, 0.4333, 0.45, 0.4667, 0.4833, 0.5, 0.5167, 0.5333, 0.55, 0.5667, 0.5833, 0.6, 0.6167, 0.6333, 0.65, 0.6667, 0.6833, 0.7, 0.7167, 0.7333, 0.75, 0.7667, 0.7833, 0.8, 0.8167, 0.8333, 0.85, 0.8667, 0.8833, 0.9, 0.9167, 0.9333, 0.95, 0.9667, 0.9833, 1.0, 1.0167, 1.0333, 1.05, 1.0667, 1.0833, 1.1, 1.1167, 1.1333, 1.15, 1.1667, 1.1833, 1.2, 1.2167, 1.2333, 1.25, 1.2667, 1.2833, 1.3, 1.3167, 1.3333, 1.35, 1.3667, 1.3833, 1.4, 1.4167, 1.4333, 1.45, 1.4667, 1.4833, 1.5, 1.5167, 1.5333, 1.55, 1.5667, 1.5833, 1.6, 1.6167, 1.6333, 1.65, 1.6667, 1.6833, 1.7, 1.7167, 1.7333, 1.75, 1.7667, 1.7833, 1.8, 1.8167, 1.8333, 1.85, 1.8667, 1.8833, 1.9],
            "transform": [
                [0.777628, 0.000706, -0.628725, 0.066297, 0.577523, -0.396077, 0.713855, -0.021119, -0.24852, -0.918217, -0.308408, -0.160805, 0.0, 0.0, 0.0, 1.0],
                [0.777289, -5.8e-05, -0.629143, 0.066297, 0.578179, -0.394205, 0.714361, -0.021119, -0.248053, -0.919022, -0.306378, -0.160805, 0.0, 0.0, 0.0, 1.0],
                [0.776241, -0.0023, -0.630432, 0.066297, 0.580195, -0.388587, 0.715803, -0.021119, -0.246624, -0.921409, -0.300303, -0.160805, 0.0, 0.0, 0.0, 1.0],
                [0.774454, -0.005662, -0.632605, 0.066297, 0.583581, -0.379663, 0.717836, -0.021119, -0.244242, -0.925107, -0.290727, -0.160805, 0.0, 0.0, 0.0, 1.0],
                [0.77194, -0.009755, -0.635621, 0.066297, 0.588249, -0.368074, 0.720058, -0.021119, -0.24098, -0.929745, -0.278393, -0.160805, 0.0, 0.0, 0.0, 1.0],
                [0.768761, -0.013847, -0.639386, 0.066297, 0.594002, -0.35503, 0.721883, -0.021119, -0.236997, -0.934752, -0.264709, -0.160805, 0.0, 0.0, 0.0, 1.0],
                [0.765032, -0.017367, -0.643758, 0.066297, 0.600561, -0.341648, 0.722913, -0.021119, -0.232493, -0.939667, -0.250942, -0.160805, 0.0, 0.0, 0.0, 1.0],
                [0.760904, -0.020091, -0.648553, 0.066297, 0.60761, -0.328647, 0.72305, -0.021119, -0.227672, -0.944239, -0.237862, -0.160805, 0.0, 0.0, 0.0, 1.0],
                [0.756542, -0.022277, -0.653566, 0.066297, 0.614857, -0.316119, 0.722509, -0.021119, -0.2227, -0.948458, -0.22546, -0.160805, 0.0, 0.0, 0.0, 1.0],
                [0.75209, -0.024581, -0.658602, 0.066297, 0.622072, -0.303589, 0.721706, -0.021119, -0.217685, -0.952486, -0.213035, -0.160805, 0.0, 0.0, 0.0, 1.0],
                [0.747656, -0.027735, -0.663507, 0.066297, 0.629109, -0.290399, 0.721034, -0.021119, -0.212679, -0.956503, -0.199671, -0.160805, 0.0, 0.0, 0.0, 1.0],
                [0.743305, -0.032476, -0.668164, 0.066297, 0.635895, -0.275806, 0.720811, -0.021119, -0.207692, -0.960665, -0.184357, -0.160805, 0.0, 0.0, 0.0, 1.0],
                [0.739064, -0.03906, -0.672502, 0.066297, 0.642408, -0.259563, 0.721067, -0.021119, -0.202722, -0.964936, -0.166742, -0.160805, 0.0, 0.0, 0.0, 1.0],
                [0.73029, -0.050045, -0.681302, 0.065328, 0.654383, -0.235057, 0.718701, -0.021119, -0.196112, -0.970692, -0.138911, -0.160731, 0.0, 0.0, 0.0, 1.0],
                [0.711846, -0.067956, -0.69904, 0.062387, 0.677322, -0.196838, 0.708865, -0.021119, -0.185769, -0.978078, -0.09409, -0.160508, 0.0, 0.0, 0.0, 1.0],
                [0.683439, -0.090931, -0.724322, 0.057459, 0.709619, -0.150107, 0.68841, -0.021119, -0.171324, -0.984479, -0.038063, -0.160133, 0.0, 0.0, 0.0, 1.0],
                [0.646306, -0.114316, -0.754467, 0.050575, 0.747464, -0.10415, 0.656088, -0.021119, -0.153579, -0.98797, 0.018135, -0.15961, 0.0, 0.0, 0.0, 1.0],
                [0.604201, -0.129926, -0.786169, 0.041835, 0.785251, -0.070518, 0.615149, -0.021119, -0.135363, -0.989013, 0.059418, -0.158946, 0.0, 0.0, 0.0, 1.0],
                [0.563017, -0.127806, -0.816503, 0.031417, 0.817493, -0.058896, 0.572919, -0.021119, -0.121312, -0.990049, 0.071321, -0.158154, 0.0, 0.0, 0.0, 1.0],
                [0.52894, -0.097744, -0.843012, 0.019584, 0.840587, -0.076341, 0.53627, -0.021119, -0.116774, -0.992279, 0.041782, -0.157255, 0.0, 0.0, 0.0, 1.0],
                [0.506862, -0.033298, -0.861384, 0.006688, 0.852641, -0.127692, 0.506654, -0.021119, -0.126862, -0.991255, -0.036331, -0.156275, 0.0, 0.0, 0.0, 1.0],
                [0.525284, 0.015376, -0.850788, -0.006853, 0.83199, -0.21904, 0.509719, -0.021119, -0.178519, -0.975595, -0.127852, -0.155246, 0.0, 0.0, 0.0, 1.0],
                [0.600418, -0.034448, -0.798944, -0.020578, 0.739703, -0.355711, 0.571235, -0.021119, -0.303871, -0.933961, -0.188094, -0.154204, 0.0, 0.0, 0.0, 1.0],
                [0.673529, -0.212717, -0.707891, -0.034018, 0.570579, -0.459195, 0.680867, -0.021119, -0.469892, -0.862491, -0.18791, -0.153182, 0.0, 0.0, 0.0, 1.0],
                [0.684622, -0.444788, -0.577456, -0.046738, 0.413119, -0.415919, 0.81015, -0.021119, -0.600521, -0.793205, -0.100997, -0.152216, 0.0, 0.0, 0.0, 1.0],
                [0.64572, -0.615608, -0.451744, -0.058362, 0.355465, -0.281251, 0.891371, -0.021119, -0.675789, -0.736155, 0.037218, -0.151333, 0.0, 0.0, 0.0, 1.0],
                [0.577791, -0.692466, -0.432028, -0.068593, 0.380675, -0.239588, 0.893131, -0.021119, -0.721972, -0.680506, 0.125173, -0.150555, 0.0, 0.0, 0.0, 1.0],
                [0.48721, -0.679176, -0.548949, -0.077219, 0.441738, -0.350583, 0.825808, -0.021119, -0.753322, -0.644834, 0.12921, -0.1499, 0.0, 0.0, 0.0, 1.0],
                [0.38566, -0.444889, -0.808294, -0.084106, 0.500588, -0.635014, 0.58836, -0.021119, -0.775034, -0.63153, -0.022193, -0.149376, 0.0, 0.0, 0.0, 1.0],
                [0.304342, -0.478893, -0.82343, -0.089188, 0.540193, -0.625227, 0.563278, -0.021119, -0.784581, -0.61624, 0.068412, -0.14899, 0.0, 0.0, 0.0, 1.0],
                [0.249199, -0.492069, -0.834127, -0.092453, 0.533534, -0.649052, 0.542285, -0.021119, -0.808234, -0.580172, 0.100792, -0.148742, 0.0, 0.0, 0.0, 1.0],
                [0.209619, -0.494661, -0.843428, -0.094759, 0.4996, -0.687307, 0.527265, -0.021119, -0.840512, -0.531901, 0.103061, -0.148574, 0.0, 0.0, 0.0, 1.0],
                [0.168583, -0.495226, -0.85225, -0.096946, 0.466981, -0.721308, 0.511512, -0.021119, -0.868049, -0.484217, 0.109661, -0.148429, 0.0, 0.0, 0.0, 1.0],
                [0.126517, -0.494104, -0.860148, -0.099004, 0.436504, -0.75092, 0.495563, -0.021119, -0.890762, -0.438155, 0.120675, -0.148308, 0.0, 0.0, 0.0, 1.0],
                [0.08378, -0.491695, -0.866728, -0.100921, 0.408793, -0.776268, 0.479892, -0.021119, -0.908774, -0.394518, 0.135965, -0.14821, 0.0, 0.0, 0.0, 1.0],
                [0.040669, -0.488411, -0.871666, -0.102686, 0.384221, -0.797664, 0.464873, -0.021119, -0.922345, -0.353818, 0.155217, -0.148133, 0.0, 0.0, 0.0, 1.0],
                [-0.002581, -0.484629, -0.874716, -0.10429, 0.362909, -0.815538, 0.450771, -0.021119, -0.931821, -0.316279, 0.177981, -0.148078, 0.0, 0.0, 0.0, 1.0],
                [-0.04577, -0.480669, -0.875707, -0.105726, 0.344743, -0.83037, 0.437765, -0.021119, -0.937581, -0.281857, 0.203713, -0.148041, 0.0, 0.0, 0.0, 1.0],
                [-0.08871, -0.476774, -0.874538, -0.106989, 0.329411, -0.842638, 0.425969, -0.02112, -0.94001, -0.250295, 0.231805, -0.148019, 0.0, 0.0, 0.0, 1.0],
                [-0.131211, -0.473117, -0.871174, -0.108079, 0.316455, -0.852785, 0.415468, -0.02112, -0.939489, -0.221174, 0.261615, -0.14801, 0.0, 0.0, 0.0, 1.0],
                [-0.173075, -0.469797, -0.865642, -0.108998, 0.30532, -0.8612, 0.406341, -0.02112, -0.936389, -0.19397, 0.292491, -0.148007, 0.0, 0.0, 0.0, 1.0],
                [-0.21411, -0.466854, -0.858023, -0.109755, 0.295404, -0.86821, 0.398682, -0.02112, -0.931071, -0.168102, 0.323803, -0.148007, 0.0, 0.0, 0.0, 1.0],
                [-0.25414, -0.46428, -0.848444, -0.110361, 0.286104, -0.874074, 0.392606, -0.02112, -0.923881, -0.142966, 0.35497, -0.148004, 0.0, 0.0, 0.0, 1.0],
                [-0.293031, -0.462022, -0.837059, -0.110831, 0.276855, -0.878986, 0.388245, -0.02112, -0.915141, -0.117977, 0.385484, -0.147994, 0.0, 0.0, 0.0, 1.0],
                [-0.330701, -0.459998, -0.824038, -0.111183, 0.267152, -0.883081, 0.385744, -0.02112, -0.905134, -0.092578, 0.414925, -0.147973, 0.0, 0.0, 0.0, 1.0],
                [-0.367124, -0.458098, -0.809547, -0.111435, 0.25657, -0.886428, 0.38525, -0.02112, -0.894087, -0.066271, 0.442964, -0.147936, 0.0, 0.0, 0.0, 1.0],
                [-0.402327, -0.456195, -0.793737, -0.111606, 0.244769, -0.889041, 0.386903, -0.02112, -0.882168, -0.038621, 0.469348, -0.14788, 0.0, 0.0, 0.0, 1.0],
                [-0.436375, -0.454145, -0.776743, -0.111714, 0.231501, -0.89088, 0.390821, -0.02112, -0.869474, -0.009273, 0.493892, -0.147804, 0.0, 0.0, 0.0, 1.0],
                [-0.46935, -0.451792, -0.75868, -0.111776, 0.216604, -0.891851, 0.397095, -0.02112, -0.856034, 0.022044, 0.51645, -0.147705, 0.0, 0.0, 0.0, 1.0],
                [-0.50134, -0.448975, -0.739648, -0.111805, 0.2, -0.891819, 0.405782, -0.021119, -0.841818, 0.055505, 0.5369, -0.147584, 0.0, 0.0, 0.0, 1.0],
                [-0.53242, -0.445531, -0.719744, -0.111816, 0.181698, -0.89061, 0.416892, -0.02112, -0.82675, 0.091185, 0.555131, -0.147439, 0.0, 0.0, 0.0, 1.0],
                [-0.56264, -0.441302, -0.699062, -0.111817, 0.161785, -0.88803, 0.430381, -0.021119, -0.810717, 0.129052, 0.571037, -0.147271, 0.0, 0.0, 0.0, 1.0],
                [-0.592933, -0.437163, -0.676253, -0.111814, 0.143615, -0.883749, 0.445379, -0.021119, -0.792341, 0.16696, 0.586787, -0.147079, 0.0, 0.0, 0.0, 1.0],
                [-0.624743, -0.434244, -0.648943, -0.111794, 0.131198, -0.877657, 0.460983, -0.021119, -0.769729, 0.202856, 0.605282, -0.146697, 0.0, 0.0, 0.0, 1.0],
                [-0.658821, -0.432736, -0.615382, -0.111731, 0.125831, -0.869864, 0.476973, -0.021119, -0.741702, 0.236805, 0.627536, -0.145807, 0.0, 0.0, 0.0, 1.0],
                [-0.695672, -0.432731, -0.573397, -0.111595, 0.128987, -0.860476, 0.492892, -0.021119, -0.706685, 0.26893, 0.654426, -0.144003, 0.0, 0.0, 0.0, 1.0],
                [-0.733247, -0.494365, -0.466853, -0.111352, 0.145591, -0.78481, 0.602392, -0.021119, -0.664193, 0.373732, 0.647435, -0.140834, 0.0, 0.0, 0.0, 1.0],
                [-0.77307, -0.518118, -0.365947, -0.110971, 0.171706, -0.726301, 0.665585, -0.021119, -0.610639, 0.451708, 0.650445, -0.135881, 0.0, 0.0, 0.0, 1.0],
                [-0.812195, -0.523454, -0.257555, -0.110432, 0.208697, -0.672969, 0.709618, -0.021119, -0.544779, 0.522598, 0.655825, -0.128853, 0.0, 0.0, 0.0, 1.0],
                [-0.846771, -0.512867, -0.141229, -0.109726, 0.255754, -0.625292, 0.737292, -0.021119, -0.466443, 0.588198, 0.660647, -0.119645, 0.0, 0.0, 0.0, 1.0],
                [-0.872429, -0.48834, -0.019769, -0.108862, 0.310485, -0.585018, 0.749235, -0.021119, -0.377447, 0.647517, 0.662009, -0.108332, 0.0, 0.0, 0.0, 1.0],
                [-0.885566, -0.453156, 0.102096, -0.107855, 0.369289, -0.553483, 0.746513, -0.021119, -0.281779, 0.698789, 0.657491, -0.095112, 0.0, 0.0, 0.0, 1.0],
                [-0.88458, -0.41175, 0.219041, -0.106724, 0.428183, -0.530814, 0.731366, -0.021119, -0.18487, 0.740742, 0.645852, -0.080241, 0.0, 0.0, 0.0, 1.0],
                [-0.869239, -0.369258, 0.328744, -0.105682, 0.486165, -0.517618, 0.70407, -0.021132, -0.08982, 0.771829, 0.629455, -0.058787, 0.0, 0.0, 0.0, 1.0],
                [-0.841439, -0.323268, 0.432987, -0.104855, 0.540259, -0.518155, 0.66305, -0.021166, 0.010011, 0.791842, 0.610644, -0.025796, 0.0, 0.0, 0.0, 1.0],
                [-0.80207, -0.269308, 0.533064, -0.104069, 0.585047, -0.533659, 0.610678, -0.021218, 0.120014, 0.801674, 0.58559, 0.017589, 0.0, 0.0, 0.0, 1.0],
                [-0.750113, -0.206113, 0.628369, -0.103075, 0.619663, -0.550935, 0.559007, -0.021277, 0.230972, 0.808695, 0.540984, 0.068643, 0.0, 0.0, 0.0, 1.0],
                [-0.688564, -0.138668, 0.711794, -0.101569, 0.652526, -0.546693, 0.524725, -0.021331, 0.31637, 0.825771, 0.466918, 0.122968, 0.0, 0.0, 0.0, 1.0],
                [-0.625475, -0.076497, 0.776485, -0.099251, 0.696708, -0.502773, 0.51168, -0.021365, 0.351254, 0.861027, 0.367768, 0.175125, 0.0, 0.0, 0.0, 1.0],
                [-0.565244, -0.026756, 0.82449, -0.095907, 0.770557, -0.373962, 0.516134, -0.021366, 0.294517, 0.927058, 0.231997, 0.219896, 0.0, 0.0, 0.0, 1.0],
                [-0.496428, -0.041055, 0.867106, -0.091442, 0.850659, -0.222108, 0.476495, -0.021327, 0.173029, 0.974157, 0.145185, 0.25345, 0.0, 0.0, 0.0, 1.0],
                [-0.431363, -0.363836, 0.82556, -0.08588, 0.896541, -0.275012, 0.347249, -0.021244, 0.100697, 0.889939, 0.444824, 0.273787, 0.0, 0.0, 0.0, 1.0],
                [-0.368111, -0.309594, 0.876725, -0.079314, 0.925911, -0.208007, 0.315311, -0.021119, 0.084747, 0.927839, 0.363226, 0.280476, 0.0, 0.0, 0.0, 1.0],
                [-0.230973, -0.268448, 0.935194, -0.045518, 0.959686, -0.221091, 0.173557, -0.016644, 0.160172, 0.937579, 0.308692, 0.246635, 0.0, 0.0, 0.0, 1.0],
                [0.055769, -0.203224, 0.977543, 0.021057, 0.946811, -0.300004, -0.116385, -0.00725, 0.316919, 0.932039, 0.175684, 0.163182, 0.0, 0.0, 0.0, 1.0],
                [0.288023, -0.101512, 0.952228, 0.061831, 0.873505, -0.379678, -0.304687, -0.002831, 0.392469, 0.919532, -0.020685, 0.09531, 0.0, 0.0, 0.0, 1.0],
                [0.410021, 0.242149, 0.879345, 0.076541, 0.831176, -0.496167, -0.250929, -0.002781, 0.375539, 0.833776, -0.404707, 0.05367, 0.0, 0.0, 0.0, 1.0],
                [0.500722, 0.410259, 0.76221, 0.087768, 0.800169, -0.555238, -0.226802, -0.002772, 0.330161, 0.723462, -0.606297, 0.018679, 0.0, 0.0, 0.0, 1.0],
                [0.554465, 0.51297, 0.655309, 0.094941, 0.786759, -0.579767, -0.211851, -0.002795, 0.271254, 0.633034, -0.725044, -0.009127, 0.0, 0.0, 0.0, 1.0],
                [0.581674, 0.582451, 0.567808, 0.098433, 0.784988, -0.584898, -0.204176, -0.002827, 0.213187, 0.564486, -0.797438, -0.031088, 0.0, 0.0, 0.0, 1.0],
                [0.595804, 0.635163, 0.491513, 0.099542, 0.78705, -0.583614, -0.199868, -0.002844, 0.159906, 0.505928, -0.847625, -0.050009, 0.0, 0.0, 0.0, 1.0],
                [0.605424, 0.677615, 0.417492, 0.099674, 0.788583, -0.581684, -0.199451, -0.002831, 0.107697, 0.44998, -0.886521, -0.068494, 0.0, 0.0, 0.0, 1.0],
                [0.614911, 0.712864, 0.337207, 0.099635, 0.787564, -0.576997, -0.216371, -0.002745, 0.040325, 0.398621, -0.916229, -0.086387, 0.0, 0.0, 0.0, 1.0],
                [0.624104, 0.736749, 0.26018, 0.09928, 0.778854, -0.560065, -0.282337, -0.002399, -0.062294, 0.37885, -0.923359, -0.10039, 0.0, 0.0, 0.0, 1.0],
                [0.620346, 0.780463, 0.077761, 0.098251, 0.756494, -0.569206, -0.322056, -0.001593, -0.207091, 0.258613, -0.943522, -0.108122, 0.0, 0.0, 0.0, 1.0],
                [0.591406, 0.780535, -0.202492, 0.096509, 0.717596, -0.623976, -0.309371, -0.000346, -0.367825, 0.037657, -0.929133, -0.110189, 0.0, 0.0, 0.0, 1.0],
                [0.544253, 0.741111, -0.39312, 0.087327, 0.674617, -0.665183, -0.320036, 0.001653, -0.498679, -0.091025, -0.861994, -0.109159, 0.0, 0.0, 0.0, 1.0],
                [0.50162, 0.701645, -0.506035, 0.065294, 0.645222, -0.693093, -0.32142, 0.004616, -0.576252, -0.165274, -0.800386, -0.10626, 0.0, 0.0, 0.0, 1.0],
                [0.481621, 0.66771, -0.56763, 0.037963, 0.630961, -0.713698, -0.304176, 0.007752, -0.608218, -0.211655, -0.765031, -0.10254, 0.0, 0.0, 0.0, 1.0],
                [0.478522, 0.642286, -0.598736, 0.016977, 0.625802, -0.727777, -0.280559, 0.009986, -0.615945, -0.240437, -0.750201, -0.099643, 0.0, 0.0, 0.0, 1.0],
                [0.479068, 0.627097, -0.614201, 0.009577, 0.62586, -0.734645, -0.261909, 0.010743, -0.615462, -0.258931, -0.74442, -0.098614, 0.0, 0.0, 0.0, 1.0],
                [0.478363, 0.617225, -0.624661, 0.009577, 0.628867, -0.737267, -0.246908, 0.010743, -0.61294, -0.274717, -0.740834, -0.098615, 0.0, 0.0, 0.0, 1.0],
                [0.477495, 0.607919, -0.634376, 0.009577, 0.632995, -0.738739, -0.231475, 0.010743, -0.609357, -0.291029, -0.737554, -0.098615, 0.0, 0.0, 0.0, 1.0],
                [0.47652, 0.599142, -0.643395, 0.009577, 0.637847, -0.739254, -0.215997, 0.010743, -0.605045, -0.307461, -0.734431, -0.098614, 0.0, 0.0, 0.0, 1.0],
                [0.475495, 0.590803, -0.65181, 0.009577, 0.643039, -0.739046, -0.200777, 0.010743, -0.600337, -0.32367, -0.731323, -0.098615, 0.0, 0.0, 0.0, 1.0],
                [0.474464, 0.58278, -0.659736, 0.009577, 0.648252, -0.738353, -0.186022, 0.010743, -0.595528, -0.339415, -0.72811, -0.098615, 0.0, 0.0, 0.0, 1.0],
                [0.47346, 0.574952, -0.667283, 0.009577, 0.653253, -0.73738, -0.171845, 0.010743, -0.590844, -0.354543, -0.724709, -0.098615, 0.0, 0.0, 0.0, 1.0],
                [0.472505, 0.567228, -0.67453, 0.009577, 0.657892, -0.736285, -0.158309, 0.010743, -0.586444, -0.368966, -0.721074, -0.098614, 0.0, 0.0, 0.0, 1.0],
                [0.471615, 0.559569, -0.681514, 0.009577, 0.662089, -0.735174, -0.145455, 0.010744, -0.582424, -0.382624, -0.717204, -0.098614, 0.0, 0.0, 0.0, 1.0],
                [0.470745, 0.55225, -0.688054, 0.009577, 0.666174, -0.733806, -0.133197, 0.010744, -0.578456, -0.395662, -0.71333, -0.098615, 0.0, 0.0, 0.0, 1.0],
                [0.469843, 0.545527, -0.694009, 0.009577, 0.670496, -0.731914, -0.121397, 0.010743, -0.57418, -0.408293, -0.709658, -0.098615, 0.0, 0.0, 0.0, 1.0],
                [0.468908, 0.539359, -0.69944, 0.009577, 0.675021, -0.729546, -0.110038, 0.010743, -0.569624, -0.420539, -0.706169, -0.098615, 0.0, 0.0, 0.0, 1.0],
                [0.467942, 0.533721, -0.704395, 0.009577, 0.679698, -0.726762, -0.099133, 0.010743, -0.564836, -0.432388, -0.702852, -0.098615, 0.0, 0.0, 0.0, 1.0],
                [0.466951, 0.52856, -0.70893, 0.009577, 0.684458, -0.723637, -0.088693, 0.010743, -0.559887, -0.443817, -0.69968, -0.098615, 0.0, 0.0, 0.0, 1.0],
                [0.465946, 0.523853, -0.713072, 0.009577, 0.689211, -0.720265, -0.078783, 0.010743, -0.554871, -0.454749, -0.69665, -0.098615, 0.0, 0.0, 0.0, 1.0],
                [0.464944, 0.519512, -0.716892, 0.009577, 0.693853, -0.716762, -0.069416, 0.010743, -0.549904, -0.465143, -0.69372, -0.098615, 0.0, 0.0, 0.0, 1.0],
                [0.463972, 0.515688, -0.720275, 0.009577, 0.698267, -0.713245, -0.06086, 0.010743, -0.545118, -0.474707, -0.691013, -0.098615, 0.0, 0.0, 0.0, 1.0],
                [0.463052, 0.512327, -0.723259, 0.009577, 0.702342, -0.709851, -0.05317, 0.010743, -0.540647, -0.483354, -0.688527, -0.098615, 0.0, 0.0, 0.0, 1.0],
                [0.462214, 0.509447, -0.725825, 0.009577, 0.705978, -0.706708, -0.046454, 0.010743, -0.536612, -0.490945, -0.686309, -0.098614, 0.0, 0.0, 0.0, 1.0],
                [0.461478, 0.507055, -0.727966, 0.009577, 0.7091, -0.703926, -0.040792, 0.010743, -0.533118, -0.497376, -0.684399, -0.098615, 0.0, 0.0, 0.0, 1.0],
                [0.460863, 0.505151, -0.729677, 0.009577, 0.71166, -0.70159, -0.036223, 0.010743, -0.530232, -0.502588, -0.682832, -0.098614, 0.0, 0.0, 0.0, 1.0],
                [0.460382, 0.503721, -0.730967, 0.009577, 0.713631, -0.699756, -0.03275, 0.010743, -0.527996, -0.506563, -0.681626, -0.098615, 0.0, 0.0, 0.0, 1.0],
                [0.46004, 0.502742, -0.731856, 0.009577, 0.715014, -0.698451, -0.030342, 0.010743, -0.52642, -0.509329, -0.680783, -0.098614, 0.0, 0.0, 0.0, 1.0],
                [0.459838, 0.502181, -0.732368, 0.009577, 0.715824, -0.69768, -0.028945, 0.010743, -0.525495, -0.510937, -0.680293, -0.098615, 0.0, 0.0, 0.0, 1.0],
                [0.459772, 0.502002, -0.732532, 0.009577, 0.716087, -0.697429, -0.028496, 0.010743, -0.525195, -0.511455, -0.680136, -0.098615, 0.0, 0.0, 0.0, 1.0]
            ]
        },
        {
            "name": "Leg_R",
            "time": [0.0, 0.0167, 0.0333, 0.05, 0.0667, 0.0833, 0.1, 0.1167, 0.1333, 0.15, 0.1667, 0.1833, 0.2, 0.2167, 0.2333, 0.25, 0.2667, 0.2833, 0.3, 0.3167, 0.3333, 0.35, 0.3667, 0.3833, 0.4, 0.4167, 0.4333, 0.45, 0.4667, 0.4833, 0.5, 0.5167, 0.5333, 0.55, 0.5667, 0.5833, 0.6, 0.6167, 0.6333, 0.65, 0.6667, 0.6833, 0.7, 0.7167, 0.7333, 0.75, 0.7667, 0.7833, 0.8, 0.8167, 0.8333, 0.85, 0.8667, 0.8833, 0.9, 0.9167, 0.9333, 0.95, 0.9667, 0.9833, 1.0, 1.0167, 1.0333, 1.05, 1.0667, 1.0833, 1.1, 1.1167, 1.1333, 1.15, 1.1667, 1.1833, 1.2, 1.2167, 1.2333, 1.25, 1.2667, 1.2833, 1.3, 1.3167, 1.3333, 1.35, 1.3667, 1.3833, 1.4, 1.4167, 1.4333, 1.45, 1.4667, 1.4833, 1.5, 1.5167, 1.5333, 1.55, 1.5667, 1.5833, 1.6, 1.6167, 1.6333, 1.65, 1.6667, 1.6833, 1.7, 1.7167, 1.7333, 1.75, 1.7667, 1.7833, 1.8, 1.8167, 1.8333, 1.85, 1.8667, 1.8833, 1.9],
            "transform": [
                [0.99873, -0.036495, -0.034734, -0.0, 0.03661, 0.052038, 0.997974, 0.374721, -0.034614, -0.997978, 0.053308, -0.0, 0.0, 0.0, 0.0, 1.0],
                [0.998736, -0.036487, -0.034591, -0.0, 0.036602, 0.055977, 0.997761, 0.374721, -0.034469, -0.997766, 0.057241, 0.0, 0.0, 0.0, 0.0, 1.0],
                [0.998751, -0.03646, -0.034155, -0.0, 0.036575, 0.067908, 0.997021, 0.374721, -0.034032, -0.997025, 0.069157, 0.0, 0.0, 0.0, 0.0, 1.0],
                [0.998779, -0.036402, -0.033416, 0.0, 0.036517, 0.088142, 0.995438, 0.374721, -0.033291, -0.995443, 0.089364, -0.0, 0.0, 0.0, 0.0, 1.0],
                [0.998816, -0.036298, -0.032397, -0.0, 0.036412, 0.116034, 0.992577, 0.374721, -0.032269, -0.992582, 0.117218, 0.0, 0.0, 0.0, 0.0, 1.0],
                [0.998862, -0.036127, -0.031134, -0.0, 0.036241, 0.150624, 0.987927, 0.374721, -0.031002, -0.987931, 0.151762, -0.0, 0.0, 0.0, 0.0, 1.0],
                [0.998914, -0.035882, -0.029715, 0.0, 0.035995, 0.189476, 0.981226, 0.374721, -0.029578, -0.98123, 0.190561, 0.0, 0.0, 0.0, 0.0, 1.0],
                [0.998967, -0.035575, -0.028279, 0.0, 0.035687, 0.228802, 0.972819, 0.374721, -0.028138, -0.972823, 0.229835, -0.0, 0.0, 0.0, 0.0, 1.0],
                [0.999014, -0.035248, -0.026995, 0.0, 0.035359, 0.263972, 0.963882, 0.374721, -0.026849, -0.963886, 0.264958, 0.0, 0.0, 0.0, 0.0, 1.0],
                [0.999049, -0.034969, -0.026029, -0.0, 0.035079, 0.290423, 0.956255, 0.374721, -0.02588, -0.95626, 0.291373, -0.0, 0.0, 0.0, 0.0, 1.0],
                [0.999069, -0.034807, -0.025508, 0.0, 0.034916, 0.304687, 0.951812, 0.374721, -0.025358, -0.951816, 0.305619, 0.0, 0.0, 0.0, 0.0, 1.0],
                [0.999068, -0.034812, -0.025523, -0.0, 0.034921, 0.30428, 0.951942, 0.374721, -0.025373, -0.951946, 0.305213, -0.0, 0.0, 0.0, 0.0, 1.0],
                [0.999047, -0.034991, -0.026099, -0.0, 0.035101, 0.288493, 0.956838, 0.374721, -0.025951, -0.956842, 0.289447, -0.0, 0.0, 0.0, 0.0, 1.0],
                [0.999001, -0.035346, -0.027358, -0.0, 0.035457, 0.254034, 0.966545, 0.374721, -0.027213, -0.966549, 0.255034, -0.0, 0.0, 0.0, 0.0, 1.0],
                [0.998923, -0.035835, -0.029474, -0.0, 0.035948, 0.196073, 0.97993, 0.374721, -0.029337, -0.979934, 0.19715, 0.0, 0.0, 0.0, 0.0, 1.0],
                [0.998815, -0.036299, -0.03241, 0.0, 0.036413, 0.115683, 0.992618, 0.374721, -0.032282, -0.992623, 0.116868, 0.0, 0.0, 0.0, 0.0, 1.0],
                [0.998684, -0.036539, -0.035995, 0.0, 0.036654, 0.017521, 0.999174, 0.374721, -0.035878, -0.999179, 0.018837, 0.0, 0.0, 0.0, 0.0, 1.0],
