{
    "animation": [
        {
            "name": "Root",
            "time": [0.0, 0.0167, 0.0333, 0.05, 0.0667, 0.0833, 0.1, 0.1167, 0.1333, 0.15, 0.1667, 0.1833, 0.2, 0.2167, 0.2333, 0.25, 0.2667, 0.2833, 0.3, 0.3167, 0.3333, 0.35, 0.3667, 0.3833, 0.4, 0.4167, 0.4333, 0.45, 0.4667, 0.4833, 0.5, 0.5167, 0.5333, 0.55, 0.5667, 0.5833, 0.6, 0.6167, 0.6333, 0.65, 0.6667, 0.6833, 0.7, 0.7167, 0.7333, 0.75, 0.7667, 0.7833, 0.8, 0.8167, 0.8333, 0.85, 0.8667, 0.8833, 0.9, 0.9167, 0.9333, 0.95, 0.9667, 0.9833, 1.0, 1.0167, 1.0333, 1.05, 1.0667, 1.0833, 1.1, 1.1167, 1.1333, 1.15, 1.1667, 1.1833, 1.2],
            "transform": [
                [1.0, 0.0, -0.0, -5e-06, -0.0, 0.0, -1.0, 0.03963, 0.0, 1.0, 0.0, 0.488706, 0.0, 0.0, 0.0, 1.0],
                [1.0, 0.0, -0.0, -5e-06, -0.0, 0.0, -1.0, 0.390076, 0.0, 1.0, 0.0, 0.793153, 0.0, 0.0, 0.0, 1.0],
                [1.0, 0.0, -0.0, -5e-06, -0.0, 0.0, -1.0, 1.237457, 0.0, 1.0, 0.0, 1.494531, 0.0, 0.0, 0.0, 1.0],
                [1.0, 0.0, -0.0, -5e-06, -0.0, 0.0, -1.0, 1.894215, 0.0, 1.0, 0.0, 1.952788, 0.0, 0.0, 0.0, 1.0],
                [1.0, 0.0, -0.0, -5e-06, -0.0, 0.0, -1.0, 2.25018, 0.0, 1.0, 0.0, 2.149359, 0.0, 0.0, 0.0, 1.0],
                [1.0, 0.0, -0.0, -5e-06, -0.0, 0.0, -1.0, 2.496165, 0.0, 1.0, 0.0, 2.26647, 0.0, 0.0, 0.0, 1.0],
                [1.0, 0.0, -0.0, -5e-06, -0.0, 0.0, -1.0, 2.666821, 0.0, 1.0, 0.0, 2.326869, 0.0, 0.0, 0.0, 1.0],
                [1.0, 0.0, -0.0, -5e-06, -0.0, 0.0, -1.0, 2.803324, 0.0, 1.0, 0.0, 2.357851, 0.0, 0.0, 0.0, 1.0],
                [1.0, 0.0, -0.0, -5e-06, -0.0, 0.0, -1.0, 2.942659, 0.0, 1.0, 0.0, 2.384212, 0.0, 0.0, 0.0, 1.0],
                [1.0, 0.0, -0.0, -5e-06, -0.0, 0.0, -1.0, 3.111375, 0.0, 1.0, 0.0, 2.424086, 0.0, 0.0, 0.0, 1.0],
                [1.0, 0.0, -0.0, -5e-06, -0.0, 0.0, -1.0, 3.277122, 0.0, 1.0, 0.0, 2.457409, 0.0, 0.0, 0.0, 1.0],
                [1.0, 0.0, -0.0, -5e-06, -0.0, 0.0, -1.0, 3.447522, 0.0, 1.0, 0.0, 2.491449, 0.0, 0.0, 0.0, 1.0],
                [1.0, 0.0, -0.0, -5e-06, -0.0, 0.0, -1.0, 3.619849, 0.0, 1.0, 0.0, 2.523916, 0.0, 0.0, 0.0, 1.0],
                [1.0, 0.0, -0.0, -5e-06, -0.0, 0.0, -1.0, 3.791896, 0.0, 1.0, 0.0, 2.553598, 0.0, 0.0, 0.0, 1.0],
                [1.0, 0.0, -0.0, -5e-06, -0.0, 0.0, -1.0, 3.961598, 0.0, 1.0, 0.0, 2.579635, 0.0, 0.0, 0.0, 1.0],
                [1.0, 0.0, -0.0, -5e-06, -0.0, 0.0, -1.0, 4.126966, 0.0, 1.0, 0.0, 2.601283, 0.0, 0.0, 0.0, 1.0],
                [1.0, 0.0, -0.0, -5e-06, -0.0, 0.0, -1.0, 4.286078, 0.0, 1.0, 0.0, 2.617807, 0.0, 0.0, 0.0, 1.0],
                [1.0, 0.0, -0.0, -5e-06, -0.0, 0.0, -1.0, 4.437083, 0.0, 1.0, 0.0, 2.62841, 0.0, 0.0, 0.0, 1.0],
                [1.0, 0.0, -0.0, -5e-06, -0.0, 0.0, -1.0, 4.578199, 0.0, 1.0, 0.0, 2.632176, 0.0, 0.0, 0.0, 1.0],
                [1.0, 0.0, -0.0, -5e-06, -0.0, 0.0, -1.0, 4.701025, 0.0, 1.0, 0.0, 2.631588, 0.0, 0.0, 0.0, 1.0],
                [1.0, 0.0, -0.0, -5e-06, -0.0, 0.0, -1.0, 4.814255, 0.0, 1.0, 0.0, 2.629214, 0.0, 0.0, 0.0, 1.0],
                [1.0, 0.0, -0.0, -5e-06, -0.0, 0.0, -1.0, 4.91698, 0.0, 1.0, 0.0, 2.624269, 0.0, 0.0, 0.0, 1.0],
                [1.0, 0.0, -0.0, -5e-06, -0.0, 0.0, -1.0, 5.008922, 0.0, 1.0, 0.0, 2.616284, 0.0, 0.0, 0.0, 1.0],
                [1.0, 0.0, -0.0, -5e-06, -0.0, 0.0, -1.0, 5.090332, 0.0, 1.0, 0.0, 2.605174, 0.0, 0.0, 0.0, 1.0],
                [1.0, 0.0, -0.0, -5e-06, -0.0, 0.0, -1.0, 5.161757, 0.0, 1.0, 0.0, 2.591137, 0.0, 0.0, 0.0, 1.0],
                [1.0, 0.0, -0.0, -5e-06, -0.0, 0.0, -1.0, 5.207019, 0.0, 1.0, 0.0, 2.578914, 0.0, 0.0, 0.0, 1.0],
                [1.0, 0.0, -0.0, -5e-06, -0.0, 0.0, -1.0, 5.24481, 0.0, 1.0, 0.0, 2.571302, 0.0, 0.0, 0.0, 1.0],
                [1.0, 0.0, -0.0, -5e-06, -0.0, 0.0, -1.0, 5.279482, 0.0, 1.0, 0.0, 2.563493, 0.0, 0.0, 0.0, 1.0],
                [1.0, 0.0, -0.0, -5e-06, -0.0, 0.0, -1.0, 5.312559, 0.0, 1.0, 0.0, 2.55372, 0.0, 0.0, 0.0, 1.0],
                [1.0, 0.0, -0.0, -5e-06, -0.0, 0.0, -1.0, 5.344813, 0.0, 1.0, 0.0, 2.54097, 0.0, 0.0, 0.0, 1.0],
                [1.0, 0.0, -0.0, -5e-06, -0.0, 0.0, -1.0, 5.376721, 0.0, 1.0, 0.0, 2.524479, 0.0, 0.0, 0.0, 1.0],
                [1.0, 0.0, -0.0, -5e-06, -0.0, 0.0, -1.0, 5.408626, 0.0, 1.0, 0.0, 2.503554, 0.0, 0.0, 0.0, 1.0],
                [1.0, 0.0, -0.0, -5e-06, -0.0, 0.0, -1.0, 5.440804, 0.0, 1.0, 0.0, 2.477491, 0.0, 0.0, 0.0, 1.0],
                [1.0, 0.0, -0.0, -5e-06, -0.0, 0.0, -1.0, 5.473504, 0.0, 1.0, 0.0, 2.445509, 0.0, 0.0, 0.0, 1.0],
                [1.0, 0.0, -0.0, -5e-06, -0.0, 0.0, -1.0, 5.506971, 0.0, 1.0, 0.0, 2.406699, 0.0, 0.0, 0.0, 1.0],
                [1.0, 0.0, -0.0, -5e-06, -0.0, 0.0, -1.0, 5.54147, 0.0, 1.0, 0.0, 2.359951, 0.0, 0.0, 0.0, 1.0],
                [1.0, 0.0, -0.0, -5e-06, -0.0, 0.0, -1.0, 5.577302, 0.0, 1.0, 0.0, 2.303866, 0.0, 0.0, 0.0, 1.0],
                [1.0, 0.0, -0.0, -5e-06, -0.0, 0.0, -1.0, 5.611548, 0.0, 1.0, 0.0, 2.117504, 0.0, 0.0, 0.0, 1.0],
                [1.0, 0.0, -0.0, -5e-06, -0.0, 0.0, -1.0, 5.633118, 0.0, 1.0, 0.0, 1.863521, 0.0, 0.0, 0.0, 1.0],
                [1.0, 0.0, -0.0, -5e-06, -0.0, 0.0, -1.0, 5.661688, 0.0, 1.0, 0.0, 1.575303, 0.0, 0.0, 0.0, 1.0],
                [1.0, 0.0, -0.0, -5e-06, -0.0, 0.0, -1.0, 5.714954, 0.0, 1.0, 0.0, 1.287738, 0.0, 0.0, 0.0, 1.0],
                [1.0, 0.0, -0.0, -5e-06, -0.0, 0.0, -1.0, 5.804828, 0.0, 1.0, 0.0, 1.028884, 0.0, 0.0, 0.0, 1.0],
                [1.0, 0.0, -0.0, -5e-06, -0.0, 0.0, -1.0, 5.936766, 0.0, 1.0, 0.0, 0.816415, 0.0, 0.0, 0.0, 1.0],
                [1.0, 0.0, -0.0, -5e-06, -0.0, 0.0, -1.0, 6.309267, 0.0, 1.0, 0.0, 0.651435, 0.0, 0.0, 0.0, 1.0],
                [1.0, 0.0, -0.0, -5e-06, -0.0, 0.0, -1.0, 6.776455, 0.0, 1.0, 0.0, 0.519426, 0.0, 0.0, 0.0, 1.0],
                [1.0, 0.0, -0.0, -5e-06, -0.0, 0.0, -1.0, 6.967231, 0.0, 1.0, 0.0, 0.444968, 0.0, 0.0, 0.0, 1.0],
                [1.0, 0.0, -0.0, -5e-06, -0.0, 0.0, -1.0, 6.936843, 0.0, 1.0, 0.0, 0.406496, 0.0, 0.0, 0.0, 1.0],
                [1.0, 0.0, -0.0, -5e-06, -0.0, 0.0, -1.0, 6.865945, 0.0, 1.0, 0.0, 0.389312, 0.0, 0.0, 0.0, 1.0],
                [1.0, 0.0, -0.0, -5e-06, -0.0, 0.0, -1.0, 6.817454, 0.0, 1.0, 0.0, 0.386722, 0.0, 0.0, 0.0, 1.0],
                [1.0, 0.0, -0.0, -5e-06, -0.0, 0.0, -1.0, 6.793677, 0.0, 1.0, 0.0, 0.393151, 0.0, 0.0, 0.0, 1.0],
                [1.0, 0.0, -0.0, -5e-06, -0.0, 0.0, -1.0, 6.776654, 0.0, 1.0, 0.0, 0.407004, 0.0, 0.0, 0.0, 1.0],
                [1.0, 0.0, -0.0, -5e-06, -0.0, 0.0, -1.0, 6.763813, 0.0, 1.0, 0.0, 0.424148, 0.0, 0.0, 0.0, 1.0],
                [1.0, 0.0, -0.0, -5e-06, -0.0, 0.0, -1.0, 6.753974, 0.0, 1.0, 0.0, 0.44258, 0.0, 0.0, 0.0, 1.0],
                [1.0, 0.0, -0.0, -5e-06, -0.0, 0.0, -1.0, 6.746492, 0.0, 1.0, 0.0, 0.46108, 0.0, 0.0, 0.0, 1.0],
                [1.0, 0.0, -0.0, -5e-06, -0.0, 0.0, -1.0, 6.740979, 0.0, 1.0, 0.0, 0.478763, 0.0, 0.0, 0.0, 1.0],
                [1.0, 0.0, -0.0, -5e-06, -0.0, 0.0, -1.0, 6.737189, 0.0, 1.0, 0.0, 0.494904, 0.0, 0.0, 0.0, 1.0],
                [1.0, 0.0, -0.0, -5e-06, -0.0, 0.0, -1.0, 6.734973, 0.0, 1.0, 0.0, 0.508829, 0.0, 0.0, 0.0, 1.0],
                [1.0, 0.0, -0.0, -5e-06, -0.0, 0.0, -1.0, 6.734245, 0.0, 1.0, 0.0, 0.519857, 0.0, 0.0, 0.0, 1.0],
                [1.0, 0.0, -0.0, -5e-06, -0.0, 0.0, -1.0, 6.737269, 0.0, 1.0, 0.0, 0.526768, 0.0, 0.0, 0.0, 1.0],
                [1.0, 0.0, -0.0, -5e-06, -0.0, 0.0, -1.0, 6.742614, 0.0, 1.0, 0.0, 0.533044, 0.0, 0.0, 0.0, 1.0],
                [1.0, 0.0, -0.0, -5e-06, -0.0, 0.0, -1.0, 6.74866, 0.0, 1.0, 0.0, 0.53889, 0.0, 0.0, 0.0, 1.0],
                [1.0, 0.0, -0.0, -5e-06, -0.0, 0.0, -1.0, 6.75493, 0.0, 1.0, 0.0, 0.544365, 0.0, 0.0, 0.0, 1.0],
                [1.0, 0.0, -0.0, -5e-06, -0.0, 0.0, -1.0, 6.761195, 0.0, 1.0, 0.0, 0.549492, 0.0, 0.0, 0.0, 1.0],
                [1.0, 0.0, -0.0, -5e-06, -0.0, 0.0, -1.0, 6.767313, 0.0, 1.0, 0.0, 0.554272, 0.0, 0.0, 0.0, 1.0],
                [1.0, 0.0, -0.0, -5e-06, -0.0, 0.0, -1.0, 6.773181, 0.0, 1.0, 0.0, 0.558701, 0.0, 0.0, 0.0, 1.0],
                [1.0, 0.0, -0.0, -5e-06, -0.0, 0.0, -1.0, 6.778716, 0.0, 1.0, 0.0, 0.562763, 0.0, 0.0, 0.0, 1.0],
                [1.0, 0.0, -0.0, -5e-06, -0.0, 0.0, -1.0, 6.783838, 0.0, 1.0, 0.0, 0.566438, 0.0, 0.0, 0.0, 1.0],
                [1.0, 0.0, -0.0, -5e-06, -0.0, 0.0, -1.0, 6.788468, 0.0, 1.0, 0.0, 0.569698, 0.0, 0.0, 0.0, 1.0],
                [1.0, 0.0, -0.0, -5e-06, -0.0, 0.0, -1.0, 6.792523, 0.0, 1.0, 0.0, 0.572506, 0.0, 0.0, 0.0, 1.0],
                [1.0, 0.0, -0.0, -5e-06, -0.0, 0.0, -1.0, 6.795908, 0.0, 1.0, 0.0, 0.574818, 0.0, 0.0, 0.0, 1.0],
                [1.0, 0.0, -0.0, -5e-06, -0.0, 0.0, -1.0, 6.798513, 0.0, 1.0, 0.0, 0.576574, 0.0, 0.0, 0.0, 1.0],
                [1.0, 0.0, -0.0, -5e-06, -0.0, 0.0, -1.0, 6.800204, 0.0, 1.0, 0.0, 0.577701, 0.0, 0.0, 0.0, 1.0],
                [1.0, 0.0, -0.0, -5e-06, -0.0, 0.0, -1.0, 6.800812, 0.0, 1.0, 0.0, 0.578103, 0.0, 0.0, 0.0, 1.0]
            ]
        },
        {
            "name": "Thigh_R",
            "time": [0.0, 0.0167, 0.0333, 0.05, 0.0667, 0.0833, 0.1, 0.1167, 0.1333, 0.15, 0.1667, 0.1833, 0.2, 0.2167, 0.2333, 0.25, 0.2667, 0.2833, 0.3, 0.3167, 0.3333, 0.35, 0.3667, 0.3833, 0.4, 0.4167, 0.4333, 0.45, 0.4667, 0.4833, 0.5, 0.5167, 0.5333, 0.55, 0.5667, 0.5833, 0.6, 0.6167, 0.6333, 0.65, 0.6667, 0.6833, 0.7, 0.7167, 0.7333, 0.75, 0.7667, 0.7833, 0.8, 0.8167, 0.8333, 0.85, 0.8667, 0.8833, 0.9, 0.9167, 0.9333, 0.95, 0.9667, 0.9833, 1.0, 1.0167, 1.0333, 1.05, 1.0667, 1.0833, 1.1, 1.1167, 1.1333, 1.15, 1.1667, 1.1833, 1.2],
            "transform": [
                [1.0, 0.000776, -0.000311, 0.124994, 0.00083, -0.965514, 0.260323, -0.002831, -9.9e-05, -0.260301, -0.965494, -1.2e-05, 0.0, 0.0, 0.0, 1.0],
                [0.959237, 0.169223, 0.226324, 0.121103, 0.146024, -0.982483, 0.115731, 0.000823, 0.241953, -0.077942, -0.967121, 0.00016, 0.0, 0.0, 0.0, 1.0],
                [0.728578, 0.107448, 0.676457, 0.109956, 0.382505, -0.883104, -0.271679, 0.010495, 0.568211, 0.456709, -0.684486, 0.000576, 0.0, 0.0, 0.0, 1.0],
                [0.551786, 0.038653, 0.833057, 0.097372, 0.526432, -0.79091, -0.311968, 0.019859, 0.646839, 0.610712, -0.456743, 0.000899, 0.0, 0.0, 0.0, 1.0],
                [0.371783, 0.340273, 0.863671, 0.083342, 0.637832, -0.769639, 0.028673, 0.029217, 0.674498, 0.540244, -0.503169, 0.001115, 0.0, 0.0, 0.0, 1.0],
                [-0.062934, 0.389207, 0.918959, 0.068073, 0.768689, -0.568377, 0.293363, 0.039596, 0.636518, 0.724881, -0.263419, 0.001449, 0.0, 0.0, 0.0, 1.0],
                [-0.782328, -0.000802, 0.622847, 0.052763, 0.622192, -0.047532, 0.781399, 0.049445, 0.028978, 0.998861, 0.037658, 0.001672, 0.0, 0.0, 0.0, 1.0],
                [-0.79928, -0.349856, 0.488615, 0.038538, 0.426921, 0.241673, 0.871365, 0.057369, -0.422953, 0.905084, -0.043826, 0.00158, 0.0, 0.0, 0.0, 1.0],
                [-0.665232, -0.418696, 0.61818, 0.026202, 0.487584, 0.383416, 0.784347, 0.062425, -0.565446, 0.823205, -0.050932, 0.001038, 0.0, 0.0, 0.0, 1.0],
                [-0.492872, -0.336645, 0.802323, 0.016172, 0.645581, 0.476735, 0.596582, 0.064179, -0.583355, 0.812017, -0.017658, -1.2e-05, 0.0, 0.0, 0.0, 1.0],
                [-0.215333, -0.193227, 0.957213, 0.009306, 0.814154, 0.505751, 0.285221, 0.064577, -0.539246, 0.840745, 0.048389, -0.008559, 0.0, 0.0, 0.0, 1.0],
                [0.129563, -0.133129, 0.982573, 0.002951, 0.865786, 0.498227, -0.046667, 0.065191, -0.483351, 0.856748, 0.17979, -0.023177, 0.0, 0.0, 0.0, 1.0],
                [0.412417, -0.155739, 0.897566, -0.002803, 0.782552, 0.564982, -0.261538, 0.065791, -0.466396, 0.810253, 0.354858, -0.039875, 0.0, 0.0, 0.0, 1.0],
                [0.581968, -0.159676, 0.797365, -0.007892, 0.621119, 0.720174, -0.309115, 0.066258, -0.524904, 0.675148, 0.518273, -0.056687, 0.0, 0.0, 0.0, 1.0],
                [0.637339, -0.099418, 0.764125, -0.012252, 0.408164, 0.884652, -0.225349, 0.066515, -0.653607, 0.455502, 0.604381, -0.072374, 0.0, 0.0, 0.0, 1.0],
                [0.572649, -0.014302, 0.819652, -0.015814, 0.15561, 0.983558, -0.091572, 0.066498, -0.804897, 0.179974, 0.565443, -0.086002, 0.0, 0.0, 0.0, 1.0],
                [0.411738, 0.025288, 0.910921, -0.018495, -0.090822, 0.995771, 0.013385, 0.066144, -0.906765, -0.088255, 0.412285, -0.096762, 0.0, 0.0, 0.0, 1.0],
                [0.228685, -0.001532, 0.973465, -0.020197, -0.278624, 0.95806, 0.06694, 0.065394, -0.932776, -0.286553, 0.218665, -0.103867, 0.0, 0.0, 0.0, 1.0],
                [0.083923, -0.049932, 0.995185, -0.020798, -0.401547, 0.912368, 0.07962, 0.064179, -0.911985, -0.406311, 0.056522, -0.106484, 0.0, 0.0, 0.0, 1.0],
                [-0.051875, -0.016426, 0.998482, -0.020801, -0.476494, 0.879116, -0.010305, 0.057187, -0.877646, -0.476322, -0.053423, -0.106614, 0.0, 0.0, 0.0, 1.0],
                [-0.16489, 0.087169, 0.982417, -0.020802, -0.534498, 0.829244, -0.163293, 0.044419, -0.828929, -0.552041, -0.090129, -0.106678, 0.0, 0.0, 0.0, 1.0],
                [-0.220994, 0.20513, 0.953423, -0.020802, -0.581261, 0.757316, -0.297667, 0.028444, -0.783133, -0.619986, -0.048113, -0.106695, 0.0, 0.0, 0.0, 1.0],
                [-0.207673, 0.317175, 0.925314, -0.020802, -0.625672, 0.684087, -0.374907, 0.012009, -0.751935, -0.656816, 0.056397, -0.106687, 0.0, 0.0, 0.0, 1.0],
                [-0.121511, 0.417679, 0.900396, -0.020801, -0.669084, 0.635602, -0.385139, -0.002628, -0.733186, -0.649254, 0.202244, -0.106675, 0.0, 0.0, 0.0, 1.0],
                [0.036197, 0.493802, 0.868783, -0.020801, -0.700747, 0.632369, -0.330238, -0.014004, -0.71249, -0.596859, 0.368932, -0.106674, 0.0, 0.0, 0.0, 1.0],
                [0.228497, 0.520779, 0.822508, -0.020801, -0.708692, 0.668251, -0.226248, -0.022903, -0.667492, -0.531224, 0.521775, -0.106658, 0.0, 0.0, 0.0, 1.0],
                [0.408306, 0.494146, 0.767499, -0.0208, -0.688383, 0.718869, -0.096647, -0.031761, -0.599512, -0.488889, 0.63369, -0.106638, 0.0, 0.0, 0.0, 1.0],
                [0.566875, 0.426295, 0.704901, -0.0208, -0.643761, 0.763148, 0.056149, -0.040256, -0.514027, -0.485635, 0.707052, -0.106615, 0.0, 0.0, 0.0, 1.0],
                [0.696229, 0.330961, 0.636947, -0.0208, -0.58219, 0.779426, 0.231337, -0.048263, -0.419905, -0.531904, 0.735353, -0.106594, 0.0, 0.0, 0.0, 1.0],
                [0.794681, 0.225132, 0.563719, -0.020799, -0.512252, 0.746984, 0.423758, -0.055699, -0.325699, -0.625534, 0.708952, -0.106572, 0.0, 0.0, 0.0, 1.0],
                [0.865628, 0.12736, 0.484207, -0.020799, -0.440953, 0.652018, 0.616754, -0.06249, -0.23717, -0.747405, 0.62058, -0.106552, 0.0, 0.0, 0.0, 1.0],
                [0.914587, 0.052738, 0.400927, -0.020799, -0.372674, 0.494807, 0.785003, -0.06856, -0.156988, -0.86738, 0.472216, -0.106534, 0.0, 0.0, 0.0, 1.0],
                [0.947029, 0.008414, 0.321033, -0.020799, -0.30953, 0.290375, 0.905441, -0.073824, -0.085605, -0.956858, 0.277619, -0.106517, 0.0, 0.0, 0.0, 1.0],
                [0.96743, -0.008082, 0.253006, -0.020798, -0.252159, 0.057172, 0.965972, -0.07818, -0.022272, -0.998316, 0.053296, -0.106503, 0.0, 0.0, 0.0, 1.0],
                [0.979115, -0.004956, 0.203239, -0.020798, -0.200397, -0.192024, 0.960691, -0.081509, 0.034267, -0.981365, -0.18898, -0.106493, 0.0, 0.0, 0.0, 1.0],
                [0.984415, 0.005925, 0.175756, -0.020798, -0.153732, -0.456351, 0.876401, -0.083656, 0.085403, -0.889771, -0.448298, -0.106486, 0.0, 0.0, 0.0, 1.0],
                [0.984879, 0.000555, 0.173234, -0.020798, -0.111609, -0.762788, 0.636929, -0.084426, 0.132499, -0.646644, -0.751158, -0.106484, 0.0, 0.0, 0.0, 1.0],
                [0.978347, -0.001147, 0.206961, -0.011944, -0.082121, -0.920054, 0.383074, -0.084428, 0.189983, -0.391789, -0.900192, -0.106484, 0.0, 0.0, 0.0, 1.0],
                [0.963275, 0.035661, 0.266127, 0.010427, -0.074733, -0.916375, 0.393268, -0.084429, 0.257906, -0.398729, -0.880023, -0.106484, 0.0, 0.0, 0.0, 1.0],
                [0.941638, 0.062669, 0.330729, 0.038655, -0.082285, -0.909862, 0.406654, -0.084428, 0.326414, -0.41015, -0.851572, -0.106484, 0.0, 0.0, 0.0, 1.0],
                [0.914439, 0.084377, 0.395815, 0.064949, -0.093563, -0.907461, 0.409569, -0.084427, 0.39376, -0.411575, -0.821892, -0.106484, 0.0, 0.0, 0.0, 1.0],
                [0.87923, 0.106464, 0.464332, 0.083211, -0.097212, -0.914106, 0.393634, -0.084426, 0.466374, -0.391247, -0.79333, -0.106484, 0.0, 0.0, 0.0, 1.0],
                [0.825346, 0.225538, 0.517605, 0.089752, -0.072228, -0.867051, 0.492943, -0.084426, 0.559989, -0.444244, -0.699298, -0.106484, 0.0, 0.0, 0.0, 1.0],
                [0.544672, 0.696783, 0.466676, 0.089757, 0.242379, -0.66353, 0.70779, -0.084426, 0.80286, -0.272391, -0.530277, -0.063069, 0.0, 0.0, 0.0, 1.0],
                [0.441326, 0.633802, 0.635197, 0.089754, 0.728214, -0.666601, 0.159198, -0.084426, 0.524342, 0.392329, -0.755724, 0.029833, 0.0, 0.0, 0.0, 1.0],
                [0.572917, 0.429063, 0.698301, 0.089752, 0.760724, -0.595499, -0.2582, -0.084426, 0.305065, 0.679176, -0.66756, 0.073248, 0.0, 0.0, 0.0, 1.0],
                [0.555244, 0.534214, 0.637397, 0.089752, 0.78174, -0.59683, -0.180736, -0.084426, 0.283875, 0.598665, -0.748995, 0.073248, 0.0, 0.0, 0.0, 1.0],
                [0.561734, 0.642137, 0.521608, 0.089752, 0.774201, -0.630288, -0.057793, -0.084426, 0.291662, 0.436324, -0.851192, 0.073248, 0.0, 0.0, 0.0, 1.0],
                [0.574105, 0.686826, 0.445687, 0.089752, 0.759197, -0.650397, 0.024385, -0.084426, 0.306633, 0.324393, -0.894827, 0.073248, 0.0, 0.0, 0.0, 1.0],
                [0.586441, 0.69741, 0.411911, 0.089752, 0.743336, -0.66541, 0.068357, -0.084426, 0.321774, 0.266128, -0.908628, 0.073248, 0.0, 0.0, 0.0, 1.0],
                [0.601923, 0.695194, 0.392886, 0.089752, 0.722024, -0.68398, 0.104131, -0.084426, 0.34113, 0.221021, -0.913645, 0.073248, 0.0, 0.0, 0.0, 1.0],
                [0.61754, 0.686826, 0.383251, 0.089752, 0.69874, -0.702782, 0.133605, -0.084426, 0.361118, 0.185313, -0.913903, 0.073248, 0.0, 0.0, 0.0, 1.0],
                [0.631933, 0.67518, 0.380474, 0.089752, 0.67546, -0.720529, 0.156791, -0.084426, 0.380018, 0.15794, -0.911376, 0.073248, 0.0, 0.0, 0.0, 1.0],
                [0.644512, 0.662107, 0.382343, 0.089752, 0.653468, -0.736644, 0.174144, -0.084426, 0.396967, 0.137637, -0.907434, 0.073248, 0.0, 0.0, 0.0, 1.0],
                [0.65507, 0.648647, 0.387439, 0.089752, 0.633648, -0.750946, 0.185907, -0.084426, 0.411549, 0.123744, -0.902927, 0.073248, 0.0, 0.0, 0.0, 1.0],
                [0.663587, 0.635605, 0.394497, 0.089752, 0.616629, -0.763317, 0.192635, -0.084426, 0.423582, 0.115454, -0.898449, 0.073248, 0.0, 0.0, 0.0, 1.0],
                [0.670109, 0.623684, 0.402421, 0.089752, 0.602896, -0.773605, 0.195046, -0.084426, 0.432978, 0.111941, -0.894405, 0.073248, 0.0, 0.0, 0.0, 1.0],
                [0.674674, 0.613592, 0.410232, 0.089752, 0.592888, -0.781571, 0.193966, -0.084426, 0.439657, 0.112383, -0.891085, 0.073248, 0.0, 0.0, 0.0, 1.0],
                [0.67644, 0.605376, 0.419427, 0.089752, 0.58893, -0.786593, 0.18554, -0.084426, 0.442256, 0.121532, -0.888595, 0.073248, 0.0, 0.0, 0.0, 1.0],
                [0.677278, 0.596268, 0.430963, 0.089752, 0.587042, -0.791075, 0.171974, -0.084426, 0.443483, 0.136545, -0.885799, 0.073248, 0.0, 0.0, 0.0, 1.0],
                [0.677746, 0.58691, 0.442906, 0.089752, 0.585987, -0.794997, 0.156814, -0.084426, 0.444161, 0.153284, -0.882715, 0.073248, 0.0, 0.0, 0.0, 1.0],
                [0.67801, 0.577436, 0.454795, 0.089752, 0.585395, -0.798388, 0.141001, -0.084426, 0.444538, 0.170661, -0.879331, 0.073248, 0.0, 0.0, 0.0, 1.0],
                [0.678148, 0.567957, 0.466378, 0.089752, 0.585092, -0.801264, 0.125042, -0.084426, 0.444727, 0.188104, -0.87567, 0.073247, 0.0, 0.0, 0.0, 1.0],
                [0.678202, 0.558573, 0.4775, 0.089752, 0.584981, -0.803649, 0.109265, -0.084426, 0.444791, 0.205252, -0.871777, 0.073247, 0.0, 0.0, 0.0, 1.0],
                [0.678199, 0.549391, 0.48804, 0.089752, 0.584998, -0.805572, 0.093931, -0.084426, 0.444773, 0.221825, -0.867717, 0.073248, 0.0, 0.0, 0.0, 1.0],
                [0.678159, 0.540487, 0.497938, 0.089752, 0.585101, -0.807079, 0.079202, -0.084426, 0.4447, 0.23766, -0.863553, 0.073248, 0.0, 0.0, 0.0, 1.0],
                [0.678094, 0.532079, 0.507, 0.089752, 0.585259, -0.808197, 0.065439, -0.084426, 0.444591, 0.252379, -0.859423, 0.073248, 0.0, 0.0, 0.0, 1.0],
                [0.678015, 0.524292, 0.51515, 0.089752, 0.585446, -0.808984, 0.052832, -0.084426, 0.444464, 0.265798, -0.855434, 0.073248, 0.0, 0.0, 0.0, 1.0],
                [0.677933, 0.517319, 0.522259, 0.089752, 0.585641, -0.809495, 0.041657, -0.084426, 0.444333, 0.277643, -0.851732, 0.073248, 0.0, 0.0, 0.0, 1.0],
                [0.677854, 0.511381, 0.528176, 0.089752, 0.585827, -0.80979, 0.032225, -0.084426, 0.444208, 0.287604, -0.848485, 0.073248, 0.0, 0.0, 0.0, 1.0],
                [0.677786, 0.506739, 0.532717, 0.089752, 0.585985, -0.809935, 0.024905, -0.084426, 0.444103, 0.295311, -0.845889, 0.073248, 0.0, 0.0, 0.0, 1.0],
                [0.677739, 0.503694, 0.535658, 0.089752, 0.586096, -0.809987, 0.020124, -0.084426, 0.444028, 0.300336, -0.844157, 0.073248, 0.0, 0.0, 0.0, 1.0],
                [0.677721, 0.502593, 0.536713, 0.089752, 0.586138, -0.809997, 0.0184, -0.084426, 0.444, 0.302145, -0.843526, 0.073248, 0.0, 0.0, 0.0, 1.0]
            ]
        },
        {
            "name": "Leg_R",
            "time": [0.0, 0.0167, 0.0333, 0.05, 0.0667, 0.0833, 0.1, 0.1167, 0.1333, 0.15, 0.1667, 0.1833, 0.2, 0.2167, 0.2333, 0.25, 0.2667, 0.2833, 0.3, 0.3167, 0.3333, 0.35, 0.3667, 0.3833, 0.4, 0.4167, 0.4333, 0.45, 0.4667, 0.4833, 0.5, 0.5167, 0.5333, 0.55, 0.5667, 0.5833, 0.6, 0.6167, 0.6333, 0.65, 0.6667, 0.6833, 0.7, 0.7167, 0.7333, 0.75, 0.7667, 0.7833, 0.8, 0.8167, 0.8333, 0.85, 0.8667, 0.8833, 0.9, 0.9167, 0.9333, 0.95, 0.9667, 0.9833, 1.0, 1.0167, 1.0333, 1.05, 1.0667, 1.0833, 1.1, 1.1167, 1.1333, 1.15, 1.1667, 1.1833, 1.2],
            "transform": [
                [0.999999, -0.001117, -0.001188, 0.0, 0.001232, 0.040278, 0.999173, 0.375166, -0.001069, -0.999206, 0.040288, -0.0, 0.0, 0.0, 0.0, 1.0],
                [0.999999, -0.001055, -0.000864, 0.0, 0.001164, 0.330331, 0.943848, 0.375166, -0.000711, -0.943886, 0.330344, 0.0, 0.0, 0.0, 0.0, 1.0],
                [1.0, -0.000283, -0.000151, 0.0, 0.000312, 0.967497, 0.252876, 0.375166, 7.5e-05, -0.252883, 0.967499, -0.0, 0.0, 0.0, 0.0, 1.0],
                [1.0, -6e-06, -0.000115, -0.0, 7e-06, 0.999986, 0.005378, 0.375166, 0.000115, -0.005366, 0.999986, 0.0, 0.0, 0.0, 0.0, 1.0],
                [1.0, -0.000768, -0.000421, 0.0, 0.000848, 0.726363, 0.687291, 0.375166, -0.000222, -0.687327, 0.726375, -0.0, 0.0, 0.0, 0.0, 1.0],
                [0.999999, -0.001003, -0.000739, 0.0, 0.001106, 0.441997, 0.896998, 0.375166, -0.000573, -0.897038, 0.44201, -0.0, 0.0, 0.0, 0.0, 1.0],
                [0.999999, -0.001073, -0.000917, -0.0, 0.001183, 0.282695, 0.959193, 0.375167, -0.00077, -0.959231, 0.282707, -0.0, 0.0, 0.0, 0.0, 1.0],
                [0.999999, -0.001083, -0.000955, -0.0, 0.001194, 0.249201, 0.968435, 0.375167, -0.000811, -0.968472, 0.249213, -0.0, 0.0, 0.0, 0.0, 1.0],
                [0.999999, -0.001085, -0.000962, -0.0, 0.001197, 0.242286, 0.970188, 0.375166, -0.000819, -0.970225, 0.242298, -0.0, 0.0, 0.0, 0.0, 1.0],
                [0.999999, -0.001106, -0.001069, 0.0, 0.00122, 0.146885, 0.989138, 0.375166, -0.000937, -0.989173, 0.146895, 0.0, 0.0, 0.0, 0.0, 1.0],
                [0.999998, -0.001117, -0.001279, 0.0, 0.001232, -0.04105, 0.999142, 0.375166, -0.001169, -0.999173, -0.041041, 0.0, 0.0, 0.0, 0.0, 1.0],
                [0.999998, -0.001104, -0.001412, -0.0, 0.001218, -0.15962, 0.987163, 0.375166, -0.001315, -0.987192, -0.15961, 0.0, 0.0, 0.0, 0.0, 1.0],
                [0.999998, -0.001101, -0.001426, -0.0, 0.001215, -0.172643, 0.984969, 0.375166, -0.001331, -0.984998, -0.172633, -0.0, 0.0, 0.0, 0.0, 1.0],
                [0.999999, -0.001114, -0.001327, 0.0, 0.001229, -0.084188, 0.996435, 0.375166, -0.001222, -0.996465, -0.084179, -0.0, 0.0, 0.0, 0.0, 1.0],
                [0.999999, -0.001114, -0.00114, 0.0, 0.001229, 0.083831, 0.996464, 0.375166, -0.001015, -0.996498, 0.083841, -0.0, 0.0, 0.0, 0.0, 1.0],
                [0.999999, -0.001067, -0.000899, -0.0, 0.001177, 0.29886, 0.95428, 0.375166, -0.00075, -0.954317, 0.298873, 0.0, 0.0, 0.0, 0.0, 1.0],
                [0.999999, -0.000953, -0.000648, -0.0, 0.001051, 0.523113, 0.852244, 0.375167, -0.000473, -0.852283, 0.523127, 0.0, 0.0, 0.0, 0.0, 1.0],
                [0.999999, -0.000781, -0.000433, 0.0, 0.000861, 0.715912, 0.698171, 0.375166, -0.000235, -0.698207, 0.715924, -0.0, 0.0, 0.0, 0.0, 1.0],
                [1.0, -0.000612, -0.000297, 1e-06, 0.000675, 0.837068, 0.547081, 0.375167, -8.6e-05, -0.54711, 0.837076, -0.0, 0.0, 0.0, 0.0, 1.0],
                [1.0, -0.000638, -0.000315, 0.0, 0.000703, 0.82133, 0.570436, 0.375167, -0.000105, -0.570466, 0.821338, 0.0, 0.0, 0.0, 0.0, 1.0],
                [1.0, -0.000811, -0.000464, 0.0, 0.000895, 0.688037, 0.725655, 0.375166, -0.00027, -0.725692, 0.688049, 0.0, 0.0, 0.0, 0.0, 1.0],
                [0.999999, -0.000982, -0.000699, 0.0, 0.001083, 0.478088, 0.878292, 0.375166, -0.000529, -0.878333, 0.478102, 0.0, 0.0, 0.0, 0.0, 1.0],
                [0.999999, -0.001085, -0.000963, 0.0, 0.001197, 0.242109, 0.970231, 0.375166, -0.00082, -0.97027, 0.242121, 0.0, 0.0, 0.0, 0.0, 1.0],
                [0.999999, -0.001118, -0.00121, -0.0, 0.001233, 0.021181, 0.999759, 0.375166, -0.001092, -0.999794, 0.021191, -0.0, 0.0, 0.0, 0.0, 1.0],
                [0.999998, -0.001104, -0.001413, 0.0, 0.001217, -0.160779, 0.986974, 0.375166, -0.001317, -0.987006, -0.160769, 0.0, 0.0, 0.0, 0.0, 1.0],
                [0.999998, -0.001063, -0.00158, -0.0, 0.001173, -0.309763, 0.950799, 0.375167, -0.0015, -0.950826, -0.309752, -0.0, 0.0, 0.0, 0.0, 1.0],
                [0.999998, -0.001016, -0.001699, 0.0, 0.001121, -0.416815, 0.908978, 0.375166, -0.001632, -0.909001, -0.416804, -0.0, 0.0, 0.0, 0.0, 1.0],
                [0.999998, -0.000971, -0.001787, 0.0, 0.001071, -0.495465, 0.868616, 0.375166, -0.001729, -0.868636, -0.495453, 1e-06, 0.0, 0.0, 0.0, 1.0],
                [0.999998, -0.000936, -0.001845, 0.0, 0.001032, -0.547115, 0.837047, 0.375167, -0.001793, -0.837064, -0.547102, -0.0, 0.0, 0.0, 0.0, 1.0],
                [0.999998, -0.00092, -0.001869, 0.0, 0.001014, -0.5687, 0.822534, 0.375167, -0.00182, -0.822551, -0.568687, 0.0, 0.0, 0.0, 0.0, 1.0],
                [0.999998, -0.00093, -0.001854, -0.0, 0.001026, -0.555325, 0.831622, 0.375166, -0.001803, -0.831639, -0.555313, -0.0, 0.0, 0.0, 0.0, 1.0],
                [0.999998, -0.000969, -0.001792, -0.0, 0.001068, -0.499822, 0.866116, 0.375166, -0.001735, -0.866136, -0.49981, 0.0, 0.0, 0.0, 0.0, 1.0],
                [0.999998, -0.001028, -0.001673, -0.0, 0.001134, -0.393334, 0.919382, 0.375166, -0.001603, -0.919405, -0.393323, 0.0, 0.0, 0.0, 0.0, 1.0],
                [0.999998, -0.00109, -0.001483, -0.0, 0.001202, -0.223488, 0.974692, 0.375166, -0.001394, -0.97472, -0.223478, 0.0, 0.0, 0.0, 0.0, 1.0],
                [0.999999, -0.001118, -0.001206, -0.0, 0.001233, 0.024736, 0.999678, 0.375166, -0.001088, -0.999711, 0.024746, -0.0, 0.0, 0.0, 0.0, 1.0],
                [0.999999, -0.001038, -0.000818, -0.0, 0.001145, 0.37159, 0.928379, 0.375166, -0.00066, -0.928417, 0.371603, 0.0, 0.0, 0.0, 0.0, 1.0],
                [1.0, -0.0006, -0.00029, 0.0, 0.000662, 0.843838, 0.536582, 0.375166, -7.8e-05, -0.536609, 0.843845, 0.0, 0.0, 0.0, 0.0, 1.0],
                [1.0, -5e-06, -0.000115, -0.0, 6e-06, 0.99999, 0.004562, 0.375166, 0.000115, -0.00455, 0.99999, -0.0, 0.0, 0.0, 0.0, 1.0],
                [1.0, -5e-06, -0.000115, -0.0, 6e-06, 0.99999, 0.004611, 0.375166, 0.000115, -0.004599, 0.99999, 0.0, 0.0, 0.0, 0.0, 1.0],
                [1.0, -5e-06, -0.000115, -0.0, 6e-06, 0.99999, 0.004642, 0.375166, 0.000115, -0.00463, 0.99999, 0.0, 0.0, 0.0, 0.0, 1.0],
                [1.0, -5e-06, -0.000115, -0.0, 6e-06, 0.99999, 0.004647, 0.375166, 0.000115, -0.004635, 0.99999, -0.0, 0.0, 0.0, 0.0, 1.0],
                [1.0, -5e-06, -0.000115, -0.0, 6e-06, 0.99999, 0.004615, 0.375166, 0.000115, -0.004603, 0.99999, 0.0, 0.0, 0.0, 0.0, 1.0],
                [1.0, -0.000365, -0.000176, 0.0, 0.000403, 0.945173, 0.326559, 0.375167, 4.7e-05, -0.326572, 0.945176, 1e-06, 0.0, 0.0, 0.0, 1.0],
                [0.999999, -0.001116, -0.00117, 0.0, 0.001231, 0.056644, 0.998379, 0.375166, -0.001048, -0.998412, 0.056654, 0.0, 0.0, 0.0, 0.0, 1.0],
                [0.999999, -0.001043, -0.00083, -0.0, 0.00115, 0.360883, 0.932593, 0.375167, -0.000673, -0.932632, 0.360896, -1e-06, 0.0, 0.0, 0.0, 1.0],
                [1.0, -0.000759, -0.000412, 0.0, 0.000837, 0.734188, 0.678926, 0.375167, -0.000213, -0.678962, 0.734199, -0.0, 0.0, 0.0, 0.0, 1.0],
                [0.999999, -0.000953, -0.000649, 0.0, 0.001051, 0.522793, 0.85244, 0.375166, -0.000474, -0.85248, 0.522806, 1e-06, 0.0, 0.0, 0.0, 1.0],
                [0.999999, -0.001092, -0.000994, 0.0, 0.001205, 0.214362, 0.976737, 0.375166, -0.000854, -0.976775, 0.214374, 0.0, 0.0, 0.0, 0.0, 1.0],
                [0.999999, -0.001117, -0.001186, -0.0, 0.001232, 0.041977, 0.999102, 0.375166, -0.001067, -0.999137, 0.041987, -0.0, 0.0, 0.0, 0.0, 1.0],
                [0.999999, -0.001118, -0.001258, -0.0, 0.001233, -0.021819, 0.999746, 0.375166, -0.001145, -0.999779, -0.021809, -0.0, 0.0, 0.0, 0.0, 1.0],
                [0.999999, -0.001117, -0.001285, -0.0, 0.001232, -0.046521, 0.998901, 0.375166, -0.001176, -0.998934, -0.046511, 0.0, 0.0, 0.0, 0.0, 1.0],
                [0.999999, -0.001117, -0.001288, 0.0, 0.001232, -0.048956, 0.998785, 0.375166, -0.001179, -0.998818, -0.048946, -0.0, 0.0, 0.0, 0.0, 1.0],
                [0.999999, -0.001117, -0.001274, -0.0, 0.001233, -0.036351, 0.999323, 0.375166, -0.001163, -0.999356, -0.036341, -0.0, 0.0, 0.0, 0.0, 1.0],
                [0.999999, -0.001118, -0.001249, -0.0, 0.001233, -0.01417, 0.999883, 0.375166, -0.001136, -0.999917, -0.01416, 1e-06, 0.0, 0.0, 0.0, 1.0],
                [0.999999, -0.001118, -0.001217, -0.0, 0.001233, 0.01415, 0.999884, 0.375166, -0.001101, -0.999918, 0.01416, 0.0, 0.0, 0.0, 0.0, 1.0],
                [0.999999, -0.001117, -0.001182, -0.0, 0.001232, 0.045484, 0.998949, 0.375167, -0.001062, -0.998983, 0.045494, -1e-06, 0.0, 0.0, 0.0, 1.0],
                [0.999999, -0.001115, -0.001147, -1e-06, 0.00123, 0.076912, 0.997021, 0.375166, -0.001023, -0.997057, 0.076923, 1e-06, 0.0, 0.0, 0.0, 1.0],
                [0.999999, -0.001112, -0.001115, 0.0, 0.001226, 0.105555, 0.994397, 0.375166, -0.000988, -0.994433, 0.105566, 1e-06, 0.0, 0.0, 0.0, 1.0],
                [0.999999, -0.001108, -0.001084, 0.0, 0.001222, 0.133335, 0.991054, 0.375166, -0.000954, -0.99109, 0.133346, -0.0, 0.0, 0.0, 0.0, 1.0],
                [0.999999, -0.001103, -0.001047, 0.0, 0.001216, 0.166206, 0.986074, 0.375166, -0.000913, -0.986111, 0.166217, 0.0, 0.0, 0.0, 0.0, 1.0],
                [0.999999, -0.001096, -0.00101, 0.0, 0.001208, 0.200086, 0.979761, 0.375166, -0.000872, -0.979799, 0.200098, 0.0, 0.0, 0.0, 0.0, 1.0],
                [0.999999, -0.001087, -0.000972, -0.0, 0.001199, 0.233991, 0.972222, 0.375166, -0.00083, -0.972259, 0.234002, 0.0, 0.0, 0.0, 0.0, 1.0],
                [0.999999, -0.001078, -0.000934, -0.0, 0.001188, 0.267306, 0.963594, 0.375166, -0.000789, -0.963632, 0.267318, -0.0, 0.0, 0.0, 0.0, 1.0],
                [0.999999, -0.001067, -0.000898, -0.0, 0.001177, 0.299598, 0.954048, 0.375166, -0.000749, -0.954086, 0.29961, -0.0, 0.0, 0.0, 0.0, 1.0],
                [0.999999, -0.001055, -0.000864, -0.0, 0.001164, 0.330483, 0.943794, 0.375166, -0.000711, -0.943833, 0.330496, -0.0, 0.0, 0.0, 0.0, 1.0],
                [0.999999, -0.001043, -0.000831, -0.0, 0.001151, 0.359748, 0.933032, 0.375166, -0.000675, -0.933071, 0.359761, -1e-06, 0.0, 0.0, 0.0, 1.0],
                [0.999999, -0.001031, -0.000801, -0.0, 0.001137, 0.386747, 0.922168, 0.375166, -0.000641, -0.922207, 0.386761, -1e-06, 0.0, 0.0, 0.0, 1.0],
                [0.999999, -0.001019, -0.000773, -0.0, 0.001124, 0.411197, 0.911528, 0.375167, -0.000611, -0.911567, 0.411211, -0.0, 0.0, 0.0, 0.0, 1.0],
                [0.999999, -0.001008, -0.000749, -0.0, 0.001112, 0.432644, 0.901547, 0.375166, -0.000585, -0.901586, 0.432657, 0.0, 0.0, 0.0, 0.0, 1.0],
                [0.999999, -0.000998, -0.000729, -0.0, 0.001101, 0.450573, 0.892721, 0.375166, -0.000563, -0.89276, 0.450587, -0.0, 0.0, 0.0, 0.0, 1.0],
                [0.999999, -0.00099, -0.000714, -0.0, 0.001092, 0.464377, 0.885619, 0.375166, -0.000546, -0.885659, 0.46439, 0.0, 0.0, 0.0, 0.0, 1.0],
                [0.999999, -0.000985, -0.000704, 0.0, 0.001086, 0.473333, 0.880865, 0.375166, -0.000534, -0.880904, 0.473347, 1e-06, 0.0, 0.0, 0.0, 1.0],
                [0.999999, -0.000983, -0.0007, -1e-06, 0.001084, 0.47655, 0.879129, 0.375166, -0.000531, -0.879168, 0.476563, 1e-06, 0.0, 0.0, 0.0, 1.0]
            ]
        },
        {
            "name": "Knee_R",
            "time": [0.0, 0.0167, 0.0333, 0.05, 0.0667, 0.0833, 0.1, 0.1167, 0.1333, 0.15, 0.1667, 0.1833, 0.2, 0.2167, 0.2333, 0.25, 0.2667, 0.2833, 0.3, 0.3167, 0.3333, 0.35, 0.3667, 0.3833, 0.4, 0.4167, 0.4333, 0.45, 0.4667, 0.4833, 0.5, 0.5167, 0.5333, 0.55, 0.5667, 0.5833, 0.6, 0.6167, 0.6333, 0.65, 0.6667, 0.6833, 0.7, 0.7167, 0.7333, 0.75, 0.7667, 0.7833, 0.8, 0.8167, 0.8333, 0.85, 0.8667, 0.8833, 0.9, 0.9167, 0.9333, 0.95, 0.9667, 0.9833, 1.0, 1.0167, 1.0333, 1.05, 1.0667, 1.0833, 1.1, 1.1167, 1.1333, 1.15, 1.1667, 1.1833, 1.2],
            "transform": [
                [1.0, -5.7e-05, 5.4e-05, 0.0, 5.7e-05, 0.048757, -0.998811, 0.375166, 5.4e-05, 0.998811, 0.048757, -0.0, 0.0, 0.0, 0.0, 1.0],
                [1.0, -5.7e-05, 5.4e-05, 0.0, 5.7e-05, 0.048757, -0.998811, 0.375166, 5.4e-05, 0.998811, 0.048757, 0.0, 0.0, 0.0, 0.0, 1.0],
                [1.0, -5.7e-05, 5.4e-05, 0.0, 5.7e-05, 0.048757, -0.998811, 0.375166, 5.4e-05, 0.998811, 0.048757, -0.0, 0.0, 0.0, 0.0, 1.0],
                [1.0, -5.7e-05, 5.4e-05, -0.0, 5.7e-05, 0.048757, -0.998811, 0.375166, 5.4e-05, 0.998811, 0.048757, 0.0, 0.0, 0.0, 0.0, 1.0],
                [1.0, -5.7e-05, 5.4e-05, 0.0, 5.7e-05, 0.048757, -0.998811, 0.375166, 5.4e-05, 0.998811, 0.048757, -0.0, 0.0, 0.0, 0.0, 1.0],
                [1.0, -5.7e-05, 5.4e-05, 0.0, 5.7e-05, 0.048757, -0.998811, 0.375166, 5.4e-05, 0.998811, 0.048757, -0.0, 0.0, 0.0, 0.0, 1.0],
                [1.0, -5.7e-05, 5.4e-05, -0.0, 5.7e-05, 0.048757, -0.998811, 0.375167, 5.4e-05, 0.998811, 0.048757, -0.0, 0.0, 0.0, 0.0, 1.0],
                [1.0, -5.7e-05, 5.4e-05, -0.0, 5.7e-05, 0.048757, -0.998811, 0.375167, 5.4e-05, 0.998811, 0.048757, -0.0, 0.0, 0.0, 0.0, 1.0],
                [1.0, -5.7e-05, 5.4e-05, -0.0, 5.7e-05, 0.048757, -0.998811, 0.375166, 5.4e-05, 0.998811, 0.048757, -0.0, 0.0, 0.0, 0.0, 1.0],
                [1.0, -5.7e-05, 5.4e-05, 0.0, 5.7e-05, 0.048757, -0.998811, 0.375166, 5.4e-05, 0.998811, 0.048757, 0.0, 0.0, 0.0, 0.0, 1.0],
                [1.0, -5.7e-05, 5.4e-05, 0.0, 5.7e-05, 0.048757, -0.998811, 0.375166, 5.4e-05, 0.998811, 0.048757, 0.0, 0.0, 0.0, 0.0, 1.0],
                [1.0, -5.7e-05, 5.4e-05, -0.0, 5.7e-05, 0.048757, -0.998811, 0.375166, 5.4e-05, 0.998811, 0.048757, 0.0, 0.0, 0.0, 0.0, 1.0],
                [1.0, -5.7e-05, 5.4e-05, -0.0, 5.7e-05, 0.048757, -0.998811, 0.375166, 5.4e-05, 0.998811, 0.048757, -0.0, 0.0, 0.0, 0.0, 1.0],
                [1.0, -5.7e-05, 5.4e-05, 0.0, 5.7e-05, 0.048757, -0.998811, 0.375166, 5.4e-05, 0.998811, 0.048757, -0.0, 0.0, 0.0, 0.0, 1.0],
                [1.0, -5.7e-05, 5.4e-05, 0.0, 5.7e-05, 0.048757, -0.998811, 0.375166, 5.4e-05, 0.998811, 0.048757, -0.0, 0.0, 0.0, 0.0, 1.0],
                [1.0, -5.7e-05, 5.4e-05, -0.0, 5.7e-05, 0.048757, -0.998811, 0.375166, 5.4e-05, 0.998811, 0.048757, 0.0, 0.0, 0.0, 0.0, 1.0],
                [1.0, -5.7e-05, 5.4e-05, -0.0, 5.7e-05, 0.048757, -0.998811, 0.375167, 5.4e-05, 0.998811, 0.048757, 0.0, 0.0, 0.0, 0.0, 1.0],
                [1.0, -5.7e-05, 5.4e-05, 0.0, 5.7e-05, 0.048757, -0.998811, 0.375166, 5.4e-05, 0.998811, 0.048757, -0.0, 0.0, 0.0, 0.0, 1.0],
                [1.0, -5.7e-05, 5.4e-05, 1e-06, 5.7e-05, 0.048757, -0.998811, 0.375167, 5.4e-05, 0.998811, 0.048757, -0.0, 0.0, 0.0, 0.0, 1.0],
                [1.0, -5.7e-05, 5.4e-05, 0.0, 5.7e-05, 0.048757, -0.998811, 0.375167, 5.4e-05, 0.998811, 0.048757, 0.0, 0.0, 0.0, 0.0, 1.0],
                [1.0, -5.7e-05, 5.4e-05, 0.0, 5.7e-05, 0.048757, -0.998811, 0.375166, 5.4e-05, 0.998811, 0.048757, 0.0, 0.0, 0.0, 0.0, 1.0],
                [1.0, -5.7e-05, 5.4e-05, 0.0, 5.7e-05, 0.048757, -0.998811, 0.375166, 5.4e-05, 0.998811, 0.048757, 0.0, 0.0, 0.0, 0.0, 1.0],
                [1.0, -5.7e-05, 5.4e-05, 0.0, 5.7e-05, 0.048757, -0.998811, 0.375166, 5.4e-05, 0.998811, 0.048757, 0.0, 0.0, 0.0, 0.0, 1.0],
                [1.0, -5.7e-05, 5.4e-05, -0.0, 5.7e-05, 0.048757, -0.998811, 0.375166, 5.4e-05, 0.998811, 0.048757, -0.0, 0.0, 0.0, 0.0, 1.0],
                [1.0, -5.7e-05, 5.4e-05, 0.0, 5.7e-05, 0.048757, -0.998811, 0.375166, 5.4e-05, 0.998811, 0.048757, 0.0, 0.0, 0.0, 0.0, 1.0],
                [1.0, -5.7e-05, 5.4e-05, -0.0, 5.7e-05, 0.048757, -0.998811, 0.375167, 5.4e-05, 0.998811, 0.048757, -0.0, 0.0, 0.0, 0.0, 1.0],
                [1.0, -5.7e-05, 5.4e-05, 0.0, 5.7e-05, 0.048757, -0.998811, 0.375166, 5.4e-05, 0.998811, 0.048757, -0.0, 0.0, 0.0, 0.0, 1.0],
                [1.0, -5.7e-05, 5.4e-05, 0.0, 5.7e-05, 0.048757, -0.998811, 0.375166, 5.4e-05, 0.998811, 0.048757, 1e-06, 0.0, 0.0, 0.0, 1.0],
                [1.0, -5.7e-05, 5.4e-05, 0.0, 5.7e-05, 0.048757, -0.998811, 0.375167, 5.4e-05, 0.998811, 0.048757, -0.0, 0.0, 0.0, 0.0, 1.0],
                [1.0, -5.7e-05, 5.4e-05, 0.0, 5.7e-05, 0.048757, -0.998811, 0.375167, 5.4e-05, 0.998811, 0.048757, 0.0, 0.0, 0.0, 0.0, 1.0],
                [1.0, -5.7e-05, 5.4e-05, -0.0, 5.7e-05, 0.048757, -0.998811, 0.375166, 5.4e-05, 0.998811, 0.048757, -0.0, 0.0, 0.0, 0.0, 1.0],
                [1.0, -5.7e-05, 5.4e-05, -0.0, 5.7e-05, 0.048757, -0.998811, 0.375166, 5.4e-05, 0.998811, 0.048757, 0.0, 0.0, 0.0, 0.0, 1.0],
                [1.0, -5.7e-05, 5.4e-05, -0.0, 5.7e-05, 0.048757, -0.998811, 0.375166, 5.4e-05, 0.998811, 0.048757, 0.0, 0.0, 0.0, 0.0, 1.0],
                [1.0, -5.7e-05, 5.4e-05, -0.0, 5.7e-05, 0.048757, -0.998811, 0.375166, 5.4e-05, 0.998811, 0.048757, 0.0, 0.0, 0.0, 0.0, 1.0],
                [1.0, -5.7e-05, 5.4e-05, -0.0, 5.7e-05, 0.048757, -0.998811, 0.375166, 5.4e-05, 0.998811, 0.048757, -0.0, 0.0, 0.0, 0.0, 1.0],
                [1.0, -5.7e-05, 5.4e-05, -0.0, 5.7e-05, 0.048757, -0.998811, 0.375166, 5.4e-05, 0.998811, 0.048757, 0.0, 0.0, 0.0, 0.0, 1.0],
                [1.0, -5.7e-05, 5.4e-05, 0.0, 5.7e-05, 0.048757, -0.998811, 0.375166, 5.4e-05, 0.998811, 0.048757, 0.0, 0.0, 0.0, 0.0, 1.0],
                [1.0, -5.7e-05, 5.4e-05, -0.0, 5.7e-05, 0.048757, -0.998811, 0.375166, 5.4e-05, 0.998811, 0.048757, -0.0, 0.0, 0.0, 0.0, 1.0],
                [1.0, -5.7e-05, 5.4e-05, -0.0, 5.7e-05, 0.048757, -0.998811, 0.375166, 5.4e-05, 0.998811, 0.048757, 0.0, 0.0, 0.0, 0.0, 1.0],
                [1.0, -5.7e-05, 5.4e-05, -0.0, 5.7e-05, 0.048757, -0.998811, 0.375166, 5.4e-05, 0.998811, 0.048757, 0.0, 0.0, 0.0, 0.0, 1.0],
                [1.0, -5.7e-05, 5.4e-05, -0.0, 5.7e-05, 0.048757, -0.998811, 0.375166, 5.4e-05, 0.998811, 0.048757, -0.0, 0.0, 0.0, 0.0, 1.0],
                [1.0, -5.7e-05, 5.4e-05, -0.0, 5.7e-05, 0.048757, -0.998811, 0.375166, 5.4e-05, 0.998811, 0.048757, 0.0, 0.0, 0.0, 0.0, 1.0],
                [1.0, -5.7e-05, 5.4e-05, 0.0, 5.7e-05, 0.048757, -0.998811, 0.375167, 5.4e-05, 0.998811, 0.048757, 1e-06, 0.0, 0.0, 0.0, 1.0],
                [1.0, -5.7e-05, 5.4e-05, 0.0, 5.7e-05, 0.048757, -0.998811, 0.375166, 5.4e-05, 0.998811, 0.048757, 0.0, 0.0, 0.0, 0.0, 1.0],
