{
    "animation": [
        {
            "name": "Root",
            "time": [0.0, 0.0167, 0.0333, 0.05, 0.0667, 0.0833, 0.1, 0.1167, 0.1333, 0.15, 0.1667, 0.1833, 0.2, 0.2167, 0.2333, 0.25, 0.2667, 0.2833, 0.3, 0.3167, 0.3333, 0.35, 0.3667, 0.3833, 0.4, 0.4167, 0.4333, 0.45, 0.4667, 0.4833, 0.5, 0.5167, 0.5333, 0.55, 0.5667, 0.5833, 0.6, 0.6167, 0.6333, 0.65, 0.6667, 0.6833, 0.7, 0.7167, 0.7333, 0.75, 0.7667, 0.7833, 0.8, 0.8167, 0.8333, 0.85, 0.8667, 0.8833, 0.9, 0.9167, 0.9333, 0.95, 0.9667, 0.9833, 1.0, 1.0167, 1.0333, 1.05, 1.0667, 1.0833, 1.1, 1.1167, 1.1333, 1.15, 1.1667, 1.1833, 1.2, 1.2167, 1.2333, 1.25, 1.2667, 1.2833, 1.3, 1.3167, 1.3333, 1.35, 1.3667, 1.3833, 1.4, 1.4167, 1.4333, 1.45, 1.4667, 1.4833, 1.5, 1.5167, 1.5333, 1.55, 1.5667, 1.5833, 1.6, 1.6167, 1.6333, 1.65, 1.6667, 1.6833, 1.7, 1.7167],
            "transform": [
                [1.0, 0.0, -0.0, -0.01162, -0.0, 0.0, -1.0, -0.001589, 0.0, 1.0, 0.0, 0.597825, 0.0, 0.0, 0.0, 1.0],
                [1.0, 0.0, -0.0, -0.012078, -0.0, 0.0, -1.0, -0.001508, 0.0, 1.0, 0.0, 0.596174, 0.0, 0.0, 0.0, 1.0],
                [1.0, 0.0, -0.0, -0.013553, -0.0, 0.0, -1.0, -0.000862, 0.0, 1.0, 0.0, 0.59097, 0.0, 0.0, 0.0, 1.0],
                [1.0, 0.0, -0.0, -0.016179, -0.0, 0.0, -1.0, 0.001124, 0.0, 1.0, 0.0, 0.581957, 0.0, 0.0, 0.0, 1.0],
                [1.0, 0.0, -0.0, -0.020024, -0.0, 0.0, -1.0, 0.005423, 0.0, 1.0, 0.0, 0.569163, 0.0, 0.0, 0.0, 1.0],
                [1.0, 0.0, -0.0, -0.025049, -0.0, 0.0, -1.0, 0.013061, 0.0, 1.0, 0.0, 0.553037, 0.0, 0.0, 0.0, 1.0],
                [1.0, 0.0, -0.0, -0.031082, -0.0, 0.0, -1.0, 0.024867, 0.0, 1.0, 0.0, 0.534451, 0.0, 0.0, 0.0, 1.0],
                [1.0, 0.0, -0.0, -0.037848, -0.0, 0.0, -1.0, 0.041251, 0.0, 1.0, 0.0, 0.514526, 0.0, 0.0, 0.0, 1.0],
                [1.0, 0.0, -0.0, -0.045045, -0.0, 0.0, -1.0, 0.062148, 0.0, 1.0, 0.0, 0.494354, 0.0, 0.0, 0.0, 1.0],
                [1.0, 0.0, -0.0, -0.052404, -0.0, 0.0, -1.0, 0.087132, 0.0, 1.0, 0.0, 0.474789, 0.0, 0.0, 0.0, 1.0],
                [1.0, 0.0, -0.0, -0.059727, -0.0, 0.0, -1.0, 0.115612, 0.0, 1.0, 0.0, 0.456381, 0.0, 0.0, 0.0, 1.0],
                [1.0, 0.0, -0.0, -0.070143, -0.0, 0.0, -1.0, 0.200887, 0.0, 1.0, 0.0, 0.432693, 0.0, 0.0, 0.0, 1.0],
                [1.0, 0.0, -0.0, -0.083416, -0.0, 0.0, -1.0, 0.315197, 0.0, 1.0, 0.0, 0.403425, 0.0, 0.0, 0.0, 1.0],
                [1.0, 0.0, -0.0, -0.096427, -0.0, 0.0, -1.0, 0.445947, 0.0, 1.0, 0.0, 0.375241, 0.0, 0.0, 0.0, 1.0],
                [1.0, 0.0, -0.0, -0.105304, -0.0, 0.0, -1.0, 0.570834, 0.0, 1.0, 0.0, 0.356219, 0.0, 0.0, 0.0, 1.0],
                [1.0, 0.0, -0.0, -0.108243, -0.0, 0.0, -1.0, 0.674104, 0.0, 1.0, 0.0, 0.349963, 0.0, 0.0, 0.0, 1.0],
                [1.0, 0.0, -0.0, -0.104887, -0.0, 0.0, -1.0, 0.756957, 0.0, 1.0, 0.0, 0.350166, 0.0, 0.0, 0.0, 1.0],
                [1.0, 0.0, -0.0, -0.094737, -0.0, 0.0, -1.0, 0.831683, 0.0, 1.0, 0.0, 0.351917, 0.0, 0.0, 0.0, 1.0],
                [1.0, 0.0, -0.0, -0.079834, -0.0, 0.0, -1.0, 0.898404, 0.0, 1.0, 0.0, 0.357334, 0.0, 0.0, 0.0, 1.0],
                [1.0, 0.0, -0.0, -0.064589, -0.0, 0.0, -1.0, 0.960318, 0.0, 1.0, 0.0, 0.36772, 0.0, 0.0, 0.0, 1.0],
                [1.0, 0.0, -0.0, -0.052563, -0.0, 0.0, -1.0, 1.021372, 0.0, 1.0, 0.0, 0.382615, 0.0, 0.0, 0.0, 1.0],
                [1.0, 0.0, -0.0, -0.042337, -0.0, 0.0, -1.0, 1.081628, 0.0, 1.0, 0.0, 0.420804, 0.0, 0.0, 0.0, 1.0],
                [1.0, 0.0, -0.0, -0.032567, -0.0, 0.0, -1.0, 1.145179, 0.0, 1.0, 0.0, 0.474078, 0.0, 0.0, 0.0, 1.0],
                [1.0, 0.0, -0.0, -0.023739, -0.0, 0.0, -1.0, 1.205141, 0.0, 1.0, 0.0, 0.531213, 0.0, 0.0, 0.0, 1.0],
                [1.0, 0.0, -0.0, -0.016115, -0.0, 0.0, -1.0, 1.254108, 0.0, 1.0, 0.0, 0.576439, 0.0, 0.0, 0.0, 1.0],
                [1.0, 0.0, -0.0, -0.009541, -0.0, 0.0, -1.0, 1.28955, 0.0, 1.0, 0.0, 0.600936, 0.0, 0.0, 0.0, 1.0],
                [1.0, 0.0, -0.0, -0.004122, -0.0, 0.0, -1.0, 1.30462, 0.0, 1.0, 0.0, 0.613459, 0.0, 0.0, 0.0, 1.0],
                [1.0, 0.0, -0.0, 0.001381, -0.0, 0.0, -1.0, 1.311458, 0.0, 1.0, 0.0, 0.622987, 0.0, 0.0, 0.0, 1.0],
                [1.0, 0.0, -0.0, 0.006654, -0.0, 0.0, -1.0, 1.315672, 0.0, 1.0, 0.0, 0.630701, 0.0, 0.0, 0.0, 1.0],
                [1.0, 0.0, -0.0, 0.01155, -0.0, 0.0, -1.0, 1.319684, 0.0, 1.0, 0.0, 0.637072, 0.0, 0.0, 0.0, 1.0],
                [1.0, 0.0, -0.0, 0.015966, -0.0, 0.0, -1.0, 1.324926, 0.0, 1.0, 0.0, 0.642333, 0.0, 0.0, 0.0, 1.0],
                [1.0, 0.0, -0.0, 0.019815, -0.0, 0.0, -1.0, 1.33244, 0.0, 1.0, 0.0, 0.646605, 0.0, 0.0, 0.0, 1.0],
                [1.0, 0.0, -0.0, 0.023008, -0.0, 0.0, -1.0, 1.343118, 0.0, 1.0, 0.0, 0.649947, 0.0, 0.0, 0.0, 1.0],
                [1.0, 0.0, -0.0, 0.025448, -0.0, 0.0, -1.0, 1.357824, 0.0, 1.0, 0.0, 0.652375, 0.0, 0.0, 0.0, 1.0],
                [1.0, 0.0, -0.0, 0.027018, -0.0, 0.0, -1.0, 1.377478, 0.0, 1.0, 0.0, 0.653872, 0.0, 0.0, 0.0, 1.0],
                [1.0, 0.0, -0.0, 0.027579, -0.0, 0.0, -1.0, 1.403137, 0.0, 1.0, 0.0, 0.654389, 0.0, 0.0, 0.0, 1.0],
                [1.0, 0.0, -0.0, 0.026239, -0.0, 0.0, -1.0, 1.434377, 0.0, 1.0, 0.0, 0.654223, 0.0, 0.0, 0.0, 1.0],
                [1.0, 0.0, -0.0, 0.02124, -0.0, 0.0, -1.0, 1.460806, 0.0, 1.0, 0.0, 0.652789, 0.0, 0.0, 0.0, 1.0],
                [1.0, 0.0, -0.0, 0.011534, -0.0, 0.0, -1.0, 1.495802, 0.0, 1.0, 0.0, 0.648356, 0.0, 0.0, 0.0, 1.0],
                [1.0, 0.0, -0.0, -0.002424, -0.0, 0.0, -1.0, 1.553149, 0.0, 1.0, 0.0, 0.639854, 0.0, 0.0, 0.0, 1.0],
                [1.0, 0.0, -0.0, -0.019007, -0.0, 0.0, -1.0, 1.636993, 0.0, 1.0, 0.0, 0.627662, 0.0, 0.0, 0.0, 1.0],
                [1.0, 0.0, -0.0, -0.045337, -0.0, 0.0, -1.0, 1.783823, 0.0, 1.0, 0.0, 0.592176, 0.0, 0.0, 0.0, 1.0],
                [1.0, 0.0, -0.0, -0.079897, -0.0, 0.0, -1.0, 1.981044, 0.0, 1.0, 0.0, 0.540295, 0.0, 0.0, 0.0, 1.0],
                [1.0, 0.0, -0.0, -0.114335, -0.0, 0.0, -1.0, 2.180001, 0.0, 1.0, 0.0, 0.485739, 0.0, 0.0, 0.0, 1.0],
                [1.0, 0.0, -0.0, -0.13806, -0.0, 0.0, -1.0, 2.318038, 0.0, 1.0, 0.0, 0.447008, 0.0, 0.0, 0.0, 1.0],
                [1.0, 0.0, -0.0, -0.145957, -0.0, 0.0, -1.0, 2.364173, 0.0, 1.0, 0.0, 0.433896, 0.0, 0.0, 0.0, 1.0],
                [1.0, 0.0, -0.0, -0.144832, -0.0, 0.0, -1.0, 2.353572, 0.0, 1.0, 0.0, 0.437677, 0.0, 0.0, 0.0, 1.0],
                [1.0, 0.0, -0.0, -0.141505, -0.0, 0.0, -1.0, 2.322505, 0.0, 1.0, 0.0, 0.448838, 0.0, 0.0, 0.0, 1.0],
                [1.0, 0.0, -0.0, -0.136811, -0.0, 0.0, -1.0, 2.279373, 0.0, 1.0, 0.0, 0.464539, 0.0, 0.0, 0.0, 1.0],
                [1.0, 0.0, -0.0, -0.132334, -0.0, 0.0, -1.0, 2.23947, 0.0, 1.0, 0.0, 0.479437, 0.0, 0.0, 0.0, 1.0],
                [1.0, 0.0, -0.0, -0.129253, -0.0, 0.0, -1.0, 2.213837, 0.0, 1.0, 0.0, 0.489576, 0.0, 0.0, 0.0, 1.0],
                [1.0, 0.0, -0.0, -0.127254, -0.0, 0.0, -1.0, 2.199283, 0.0, 1.0, 0.0, 0.495893, 0.0, 0.0, 0.0, 1.0],
                [1.0, 0.0, -0.0, -0.125583, -0.0, 0.0, -1.0, 2.188783, 0.0, 1.0, 0.0, 0.500966, 0.0, 0.0, 0.0, 1.0],
                [1.0, 0.0, -0.0, -0.12443, -0.0, 0.0, -1.0, 2.18295, 0.0, 1.0, 0.0, 0.504289, 0.0, 0.0, 0.0, 1.0],
                [1.0, 0.0, -0.0, -0.123841, -0.0, 0.0, -1.0, 2.180791, 0.0, 1.0, 0.0, 0.505883, 0.0, 0.0, 0.0, 1.0],
                [1.0, 0.0, -0.0, -0.123685, -0.0, 0.0, -1.0, 2.180429, 0.0, 1.0, 0.0, 0.50628, 0.0, 0.0, 0.0, 1.0],
                [1.0, 0.0, -0.0, -0.123685, -0.0, 0.0, -1.0, 2.180429, 0.0, 1.0, 0.0, 0.50628, 0.0, 0.0, 0.0, 1.0],
                [1.0, 0.0, -0.0, -0.123685, -0.0, 0.0, -1.0, 2.180429, 0.0, 1.0, 0.0, 0.50628, 0.0, 0.0, 0.0, 1.0],
                [1.0, 0.0, -0.0, -0.123685, -0.0, 0.0, -1.0, 2.180429, 0.0, 1.0, 0.0, 0.50628, 0.0, 0.0, 0.0, 1.0],
                [1.0, 0.0, -0.0, -0.123685, -0.0, 0.0, -1.0, 2.180429, 0.0, 1.0, 0.0, 0.50628, 0.0, 0.0, 0.0, 1.0],
                [1.0, 0.0, -0.0, -0.123685, -0.0, 0.0, -1.0, 2.180429, 0.0, 1.0, 0.0, 0.50628, 0.0, 0.0, 0.0, 1.0],
                [1.0, 0.0, -0.0, -0.118748, -0.0, 0.0, -1.0, 2.372525, 0.0, 1.0, 0.0, 0.494078, 0.0, 0.0, 0.0, 1.0],
                [1.0, 0.0, -0.0, -0.108557, -0.0, 0.0, -1.0, 2.772156, 0.0, 1.0, 0.0, 0.469506, 0.0, 0.0, 0.0, 1.0],
                [1.0, 0.0, -0.0, -0.09617, -0.0, 0.0, -1.0, 3.262304, 0.0, 1.0, 0.0, 0.44056, 0.0, 0.0, 0.0, 1.0],
                [1.0, 0.0, -0.0, -0.082887, -0.0, 0.0, -1.0, 3.793523, 0.0, 1.0, 0.0, 0.410673, 0.0, 0.0, 0.0, 1.0],
                [1.0, 0.0, -0.0, -0.069448, -0.0, 0.0, -1.0, 4.337906, 0.0, 1.0, 0.0, 0.381853, 0.0, 0.0, 0.0, 1.0],
                [1.0, 0.0, -0.0, -0.056362, -0.0, 0.0, -1.0, 4.876466, 0.0, 1.0, 0.0, 0.355538, 0.0, 0.0, 0.0, 1.0],
                [1.0, 0.0, -0.0, -0.044038, -0.0, 0.0, -1.0, 5.394248, 0.0, 1.0, 0.0, 0.332935, 0.0, 0.0, 0.0, 1.0],
                [1.0, 0.0, -0.0, -0.032848, -0.0, 0.0, -1.0, 5.877912, 0.0, 1.0, 0.0, 0.315193, 0.0, 0.0, 0.0, 1.0],
                [1.0, 0.0, -0.0, -0.023167, -0.0, 0.0, -1.0, 6.314239, 0.0, 1.0, 0.0, 0.303517, 0.0, 0.0, 0.0, 1.0],
                [1.0, 0.0, -0.0, -0.015407, -0.0, 0.0, -1.0, 6.688916, 0.0, 1.0, 0.0, 0.299279, 0.0, 0.0, 0.0, 1.0],
                [1.0, 0.0, -0.0, -0.010541, -0.0, 0.0, -1.0, 7.004907, 0.0, 1.0, 0.0, 0.304939, 0.0, 0.0, 0.0, 1.0],
                [1.0, 0.0, -0.0, -0.006608, -0.0, 0.0, -1.0, 7.327885, 0.0, 1.0, 0.0, 0.321782, 0.0, 0.0, 0.0, 1.0],
                [1.0, 0.0, -0.0, -0.004009, -0.0, 0.0, -1.0, 7.600333, 0.0, 1.0, 0.0, 0.345827, 0.0, 0.0, 0.0, 1.0],
                [1.0, 0.0, -0.0, -0.002749, -0.0, 0.0, -1.0, 7.76819, 0.0, 1.0, 0.0, 0.369259, 0.0, 0.0, 0.0, 1.0],
                [1.0, 0.0, -0.0, -0.002432, -0.0, 0.0, -1.0, 7.820257, 0.0, 1.0, 0.0, 0.386129, 0.0, 0.0, 0.0, 1.0],
                [1.0, 0.0, -0.0, -0.002432, -0.0, 0.0, -1.0, 7.815331, 0.0, 1.0, 0.0, 0.398795, 0.0, 0.0, 0.0, 1.0],
                [1.0, 0.0, -0.0, -0.002432, -0.0, 0.0, -1.0, 7.805154, 0.0, 1.0, 0.0, 0.411143, 0.0, 0.0, 0.0, 1.0],
                [1.0, 0.0, -0.0, -0.002432, -0.0, 0.0, -1.0, 7.792776, 0.0, 1.0, 0.0, 0.422746, 0.0, 0.0, 0.0, 1.0],
                [1.0, 0.0, -0.0, -0.002432, -0.0, 0.0, -1.0, 7.779489, 0.0, 1.0, 0.0, 0.43339, 0.0, 0.0, 0.0, 1.0],
                [1.0, 0.0, -0.0, -0.002432, -0.0, 0.0, -1.0, 7.76603, 0.0, 1.0, 0.0, 0.442913, 0.0, 0.0, 0.0, 1.0],
                [1.0, 0.0, -0.0, -0.002432, -0.0, 0.0, -1.0, 7.752905, 0.0, 1.0, 0.0, 0.451163, 0.0, 0.0, 0.0, 1.0],
                [1.0, 0.0, -0.0, -0.002432, -0.0, 0.0, -1.0, 7.74052, 0.0, 1.0, 0.0, 0.457975, 0.0, 0.0, 0.0, 1.0],
                [1.0, 0.0, -0.0, -0.002432, -0.0, 0.0, -1.0, 7.729244, 0.0, 1.0, 0.0, 0.463158, 0.0, 0.0, 0.0, 1.0],
                [1.0, 0.0, -0.0, -0.002432, -0.0, 0.0, -1.0, 7.719448, 0.0, 1.0, 0.0, 0.466485, 0.0, 0.0, 0.0, 1.0],
                [1.0, 0.0, -0.0, -0.002432, -0.0, 0.0, -1.0, 7.711537, 0.0, 1.0, 0.0, 0.467669, 0.0, 0.0, 0.0, 1.0],
                [1.0, 0.0, -0.0, -0.002432, -0.0, 0.0, -1.0, 7.706625, 0.0, 1.0, 0.0, 0.467269, 0.0, 0.0, 0.0, 1.0],
                [1.0, 0.0, -0.0, -0.002432, -0.0, 0.0, -1.0, 7.702142, 0.0, 1.0, 0.0, 0.466595, 0.0, 0.0, 0.0, 1.0],
                [1.0, 0.0, -0.0, -0.002432, -0.0, 0.0, -1.0, 7.697924, 0.0, 1.0, 0.0, 0.465844, 0.0, 0.0, 0.0, 1.0],
                [1.0, 0.0, -0.0, -0.002432, -0.0, 0.0, -1.0, 7.693924, 0.0, 1.0, 0.0, 0.465067, 0.0, 0.0, 0.0, 1.0],
                [1.0, 0.0, -0.0, -0.002432, -0.0, 0.0, -1.0, 7.690127, 0.0, 1.0, 0.0, 0.464286, 0.0, 0.0, 0.0, 1.0],
                [1.0, 0.0, -0.0, -0.002432, -0.0, 0.0, -1.0, 7.686525, 0.0, 1.0, 0.0, 0.463515, 0.0, 0.0, 0.0, 1.0],
                [1.0, 0.0, -0.0, -0.002432, -0.0, 0.0, -1.0, 7.683116, 0.0, 1.0, 0.0, 0.462763, 0.0, 0.0, 0.0, 1.0],
                [1.0, 0.0, -0.0, -0.002432, -0.0, 0.0, -1.0, 7.679907, 0.0, 1.0, 0.0, 0.462038, 0.0, 0.0, 0.0, 1.0],
                [1.0, 0.0, -0.0, -0.002432, -0.0, 0.0, -1.0, 7.676901, 0.0, 1.0, 0.0, 0.461346, 0.0, 0.0, 0.0, 1.0],
                [1.0, 0.0, -0.0, -0.002432, -0.0, 0.0, -1.0, 7.674109, 0.0, 1.0, 0.0, 0.460693, 0.0, 0.0, 0.0, 1.0],
                [1.0, 0.0, -0.0, -0.002432, -0.0, 0.0, -1.0, 7.671545, 0.0, 1.0, 0.0, 0.460084, 0.0, 0.0, 0.0, 1.0],
                [1.0, 0.0, -0.0, -0.002432, -0.0, 0.0, -1.0, 7.669223, 0.0, 1.0, 0.0, 0.459526, 0.0, 0.0, 0.0, 1.0],
                [1.0, 0.0, -0.0, -0.002432, -0.0, 0.0, -1.0, 7.667164, 0.0, 1.0, 0.0, 0.459026, 0.0, 0.0, 0.0, 1.0],
                [1.0, 0.0, -0.0, -0.002432, -0.0, 0.0, -1.0, 7.66539, 0.0, 1.0, 0.0, 0.458591, 0.0, 0.0, 0.0, 1.0],
                [1.0, 0.0, -0.0, -0.002432, -0.0, 0.0, -1.0, 7.663933, 0.0, 1.0, 0.0, 0.458231, 0.0, 0.0, 0.0, 1.0],
                [1.0, 0.0, -0.0, -0.002432, -0.0, 0.0, -1.0, 7.662827, 0.0, 1.0, 0.0, 0.457955, 0.0, 0.0, 0.0, 1.0],
                [1.0, 0.0, -0.0, -0.002432, -0.0, 0.0, -1.0, 7.66212, 0.0, 1.0, 0.0, 0.457778, 0.0, 0.0, 0.0, 1.0],
                [1.0, 0.0, -0.0, -0.002432, -0.0, 0.0, -1.0, 7.661869, 0.0, 1.0, 0.0, 0.457714, 0.0, 0.0, 0.0, 1.0]
            ]
        },
        {
            "name": "Thigh_R",
            "time": [0.0, 0.0167, 0.0333, 0.05, 0.0667, 0.0833, 0.1, 0.1167, 0.1333, 0.15, 0.1667, 0.1833, 0.2, 0.2167, 0.2333, 0.25, 0.2667, 0.2833, 0.3, 0.3167, 0.3333, 0.35, 0.3667, 0.3833, 0.4, 0.4167, 0.4333, 0.45, 0.4667, 0.4833, 0.5, 0.5167, 0.5333, 0.55, 0.5667, 0.5833, 0.6, 0.6167, 0.6333, 0.65, 0.6667, 0.6833, 0.7, 0.7167, 0.7333, 0.75, 0.7667, 0.7833, 0.8, 0.8167, 0.8333, 0.85, 0.8667, 0.8833, 0.9, 0.9167, 0.9333, 0.95, 0.9667, 0.9833, 1.0, 1.0167, 1.0333, 1.05, 1.0667, 1.0833, 1.1, 1.1167, 1.1333, 1.15, 1.1667, 1.1833, 1.2, 1.2167, 1.2333, 1.25, 1.2667, 1.2833, 1.3, 1.3167, 1.3333, 1.35, 1.3667, 1.3833, 1.4, 1.4167, 1.4333, 1.45, 1.4667, 1.4833, 1.5, 1.5167, 1.5333, 1.55, 1.5667, 1.5833, 1.6, 1.6167, 1.6333, 1.65, 1.6667, 1.6833, 1.7, 1.7167],
            "transform": [
                [0.406377, -0.322076, -0.855022, -0.011869, 0.513413, -0.693617, 0.505264, -0.002831, -0.755821, -0.644327, -0.116499, -0.198196, 0.0, 0.0, 0.0, 1.0],
                [0.407092, -0.326958, -0.852826, -0.01188, 0.514347, -0.689554, 0.509854, -0.002838, -0.7548, -0.646227, -0.11253, -0.198172, 0.0, 0.0, 0.0, 1.0],
                [0.407845, -0.342496, -0.846344, -0.011963, 0.517604, -0.676907, 0.523327, -0.002897, -0.752163, -0.651527, -0.098784, -0.197983, 0.0, 0.0, 0.0, 1.0],
                [0.405859, -0.368327, -0.836393, -0.01222, 0.523949, -0.656094, 0.543144, -0.003077, -0.748837, -0.658687, -0.073284, -0.197401, 0.0, 0.0, 0.0, 1.0],
                [0.397646, -0.402937, -0.824293, -0.012777, 0.534078, -0.628881, 0.565028, -0.003467, -0.746082, -0.664937, -0.03486, -0.196142, 0.0, 0.0, 0.0, 1.0],
                [0.37975, -0.443995, -0.81154, -0.013766, 0.54816, -0.598691, 0.584018, -0.004161, -0.745192, -0.666654, 0.016039, -0.193905, 0.0, 0.0, 0.0, 1.0],
                [0.349962, -0.489123, -0.798889, -0.015295, 0.565281, -0.569805, 0.596462, -0.005233, -0.746984, -0.660355, 0.077094, -0.190447, 0.0, 0.0, 0.0, 1.0],
                [0.308317, -0.535409, -0.786267, -0.017417, 0.583269, -0.546568, 0.600873, -0.00672, -0.751491, -0.643883, 0.143782, -0.185649, 0.0, 0.0, 0.0, 1.0],
                [0.257075, -0.580019, -0.772934, -0.020124, 0.599209, -0.531861, 0.598383, -0.008618, -0.758196, -0.616996, 0.210835, -0.179529, 0.0, 0.0, 0.0, 1.0],
                [0.199662, -0.620338, -0.758454, -0.023359, 0.610326, -0.526843, 0.591548, -0.010886, -0.766575, -0.58103, 0.273427, -0.172212, 0.0, 0.0, 0.0, 1.0],
                [0.139378, -0.654683, -0.742899, -0.027048, 0.614565, -0.531089, 0.583306, -0.013472, -0.776456, -0.537876, 0.328332, -0.163871, 0.0, 0.0, 0.0, 1.0],
                [0.001333, -0.719105, -0.694854, -0.032013, 0.554255, -0.57785, 0.599068, -0.018275, -0.832346, -0.385938, 0.397803, -0.148376, 0.0, 0.0, 0.0, 1.0],
                [-0.176349, -0.751168, -0.636073, -0.036844, 0.402615, -0.644736, 0.649773, -0.024809, -0.898222, -0.141515, 0.416131, -0.127298, 0.0, 0.0, 0.0, 1.0],
                [-0.359138, -0.716003, -0.598588, -0.042759, 0.104798, -0.668276, 0.736484, -0.031444, -0.927382, 0.201762, 0.315034, -0.105896, 0.0, 0.0, 0.0, 1.0],
                [-0.465222, -0.645231, -0.60597, -0.050895, -0.257177, -0.556525, 0.790015, -0.036065, -0.847012, 0.523371, 0.092958, -0.09099, 0.0, 0.0, 0.0, 1.0],
                [-0.47881, -0.600777, -0.640127, -0.061485, -0.505284, -0.407697, 0.760563, -0.037613, -0.717933, 0.687613, -0.108369, -0.085997, 0.0, 0.0, 0.0, 1.0],
                [-0.462972, -0.571083, -0.677845, -0.078525, -0.627798, -0.328595, 0.705607, -0.037614, -0.62572, 0.752231, -0.206412, -0.085996, 0.0, 0.0, 0.0, 1.0],
                [-0.442314, -0.558399, -0.701784, -0.100964, -0.689299, -0.288962, 0.664347, -0.037615, -0.573781, 0.777593, -0.25711, -0.085996, 0.0, 0.0, 0.0, 1.0],
                [-0.428979, -0.535384, -0.727528, -0.123365, -0.700824, -0.310902, 0.642009, -0.037616, -0.569932, 0.785278, -0.241856, -0.085996, 0.0, 0.0, 0.0, 1.0],
                [-0.443184, -0.476296, -0.759401, -0.138813, -0.629795, -0.437413, 0.641884, -0.037615, -0.637923, 0.762736, -0.106127, -0.085997, 0.0, 0.0, 0.0, 1.0],
                [-0.477528, -0.458634, -0.74939, -0.143958, -0.435966, -0.61683, 0.655313, -0.037613, -0.762824, 0.639633, 0.094595, -0.085997, 0.0, 0.0, 0.0, 1.0],
                [-0.460633, -0.53248, -0.710099, -0.137082, -0.041669, -0.78618, 0.616573, -0.033079, -0.886612, 0.313596, 0.339947, -0.091533, 0.0, 0.0, 0.0, 1.0],
                [-0.371978, -0.520432, -0.76859, -0.117712, 0.220988, -0.853865, 0.471235, -0.020319, -0.901552, 0.00543, 0.432627, -0.107128, 0.0, 0.0, 0.0, 1.0],
                [-0.289957, -0.360074, -0.886684, -0.092841, 0.318702, -0.909959, 0.26532, -0.003938, -0.902416, -0.205668, 0.378604, -0.127152, 0.0, 0.0, 0.0, 1.0],
                [-0.240822, -0.128169, -0.962034, -0.073471, 0.336722, -0.940705, 0.041054, 0.00882, -0.910287, -0.314065, 0.269698, -0.142748, 0.0, 0.0, 0.0, 1.0],
                [-0.22948, 0.000408, -0.973278, -0.066594, 0.311013, -0.94754, -0.07371, 0.013349, -0.922285, -0.319629, 0.217312, -0.148284, 0.0, 0.0, 0.0, 1.0],
                [-0.225079, 0.00996, -0.974254, -0.066594, 0.289851, -0.953991, -0.076699, 0.013349, -0.930229, -0.299664, 0.211832, -0.148284, 0.0, 0.0, 0.0, 1.0],
                [-0.224159, 0.023828, -0.974225, -0.066594, 0.279362, -0.956174, -0.087647, 0.013349, -0.933654, -0.291821, 0.207675, -0.148284, 0.0, 0.0, 0.0, 1.0],
                [-0.225199, 0.037852, -0.973541, -0.066594, 0.272316, -0.956976, -0.100182, 0.013349, -0.935483, -0.287684, 0.205198, -0.148284, 0.0, 0.0, 0.0, 1.0],
                [-0.227488, 0.049342, -0.972494, -0.066594, 0.265614, -0.9577, -0.110707, 0.013349, -0.936856, -0.283503, 0.204755, -0.148284, 0.0, 0.0, 0.0, 1.0],
                [-0.230615, 0.056066, -0.971392, -0.066594, 0.257444, -0.959246, -0.116467, 0.013349, -0.938371, -0.276949, 0.206778, -0.148284, 0.0, 0.0, 0.0, 1.0],
                [-0.234306, 0.055379, -0.970548, -0.066594, 0.246479, -0.96237, -0.114399, 0.013349, -0.940398, -0.266035, 0.211834, -0.148284, 0.0, 0.0, 0.0, 1.0],
                [-0.238356, 0.046027, -0.97005, -0.066594, 0.231534, -0.967381, -0.102775, 0.013349, -0.943175, -0.249107, 0.219919, -0.148284, 0.0, 0.0, 0.0, 1.0],
                [-0.242586, 0.028295, -0.969681, -0.066594, 0.211374, -0.974017, -0.081285, 0.013349, -0.946823, -0.224693, 0.230296, -0.148284, 0.0, 0.0, 0.0, 1.0],
                [-0.246805, 0.004435, -0.969019, -0.066594, 0.184572, -0.981468, -0.051487, 0.013349, -0.951326, -0.19157, 0.241406, -0.148284, 0.0, 0.0, 0.0, 1.0],
                [-0.250777, -0.022685, -0.967743, -0.066594, 0.149372, -0.988658, -0.015519, 0.013349, -0.956451, -0.148452, 0.251314, -0.148284, 0.0, 0.0, 0.0, 1.0],
                [-0.238191, -0.046595, -0.970064, -0.066594, 0.110108, -0.993702, 0.020707, 0.013349, -0.964957, -0.101885, 0.241815, -0.148284, 0.0, 0.0, 0.0, 1.0],
                [-0.204752, -0.058357, -0.977036, -0.066594, 0.081382, -0.995778, 0.042434, 0.013349, -0.975425, -0.070829, 0.208631, -0.148284, 0.0, 0.0, 0.0, 1.0],
                [-0.147786, -0.068557, -0.986604, -0.066594, 0.0454, -0.997011, 0.062491, 0.013349, -0.987977, -0.035559, 0.150452, -0.148284, 0.0, 0.0, 0.0, 1.0],
                [-0.069483, -0.074866, -0.994733, -0.066594, -0.018168, -0.996917, 0.076311, 0.013349, -0.997418, 0.023376, 0.067906, -0.148284, 0.0, 0.0, 0.0, 1.0],
                [0.02504, -0.0571, -0.998018, -0.066594, -0.11548, -0.991846, 0.053862, 0.013349, -0.992994, 0.113907, -0.031431, -0.148284, 0.0, 0.0, 0.0, 1.0],
                [0.226, -0.051706, -0.972719, -0.046671, -0.232946, -0.972483, -0.002411, 0.013646, -0.945865, 0.227148, -0.231823, -0.126111, 0.0, 0.0, 0.0, 1.0],
                [0.71418, 0.031037, -0.69925, 0.009447, -0.157962, -0.966096, -0.204186, 0.014482, -0.681906, 0.256301, -0.685045, -0.063657, 0.0, 0.0, 0.0, 1.0],
                [0.95804, 0.269027, 0.098906, 0.081502, 0.286408, -0.884759, -0.367626, 0.015556, -0.011394, 0.380555, -0.92466, 0.016533, 0.0, 0.0, 0.0, 1.0],
                [0.828051, 0.283299, 0.48379, 0.137619, 0.500573, -0.762226, -0.410388, 0.016393, 0.252504, 0.582024, -0.772951, 0.078988, 0.0, 0.0, 0.0, 1.0],
                [0.781858, 0.249483, 0.57134, 0.157543, 0.54788, -0.712298, -0.43868, 0.01669, 0.297532, 0.656041, -0.693581, 0.10116, 0.0, 0.0, 0.0, 1.0],
                [0.788521, 0.271893, 0.551618, 0.157543, 0.537753, -0.740051, -0.403891, 0.01669, 0.298421, 0.615141, -0.729735, 0.10116, 0.0, 0.0, 0.0, 1.0],
                [0.807183, 0.31135, 0.501493, 0.157543, 0.507922, -0.799231, -0.321292, 0.01669, 0.300785, 0.51409, -0.803245, 0.10116, 0.0, 0.0, 0.0, 1.0],
                [0.830927, 0.337143, 0.442579, 0.157543, 0.466357, -0.855874, -0.223552, 0.01669, 0.303434, 0.392184, -0.868376, 0.10116, 0.0, 0.0, 0.0, 1.0],
                [0.850747, 0.345465, 0.396064, 0.157543, 0.427846, -0.892914, -0.140141, 0.01669, 0.305248, 0.288706, -0.907428, 0.10116, 0.0, 0.0, 0.0, 1.0],
                [0.862604, 0.345048, 0.369921, 0.157543, 0.40275, -0.910923, -0.089449, 0.01669, 0.306116, 0.226171, -0.924711, 0.10116, 0.0, 0.0, 0.0, 1.0],
                [0.869232, 0.342593, 0.356443, 0.157543, 0.387922, -0.919591, -0.062105, 0.01669, 0.306516, 0.192282, -0.932215, 0.10116, 0.0, 0.0, 0.0, 1.0],
                [0.874089, 0.339411, 0.347497, 0.157543, 0.376647, -0.925326, -0.043585, 0.01669, 0.306766, 0.169006, -0.936632, 0.10116, 0.0, 0.0, 0.0, 1.0],
                [0.876974, 0.336586, 0.342948, 0.157543, 0.369773, -0.928484, -0.034279, 0.01669, 0.306895, 0.1569, -0.938693, 0.10116, 0.0, 0.0, 0.0, 1.0],
                [0.878216, 0.334855, 0.341462, 0.157543, 0.366771, -0.929773, -0.031496, 0.01669, 0.306946, 0.152924, -0.939332, 0.10116, 0.0, 0.0, 0.0, 1.0],
                [0.878491, 0.334326, 0.341271, 0.157543, 0.366102, -0.930044, -0.031261, 0.01669, 0.306957, 0.152428, -0.939409, 0.10116, 0.0, 0.0, 0.0, 1.0],
                [0.878491, 0.334326, 0.341271, 0.157543, 0.366102, -0.930044, -0.031261, 0.01669, 0.306957, 0.152428, -0.939409, 0.10116, 0.0, 0.0, 0.0, 1.0],
                [0.878491, 0.334326, 0.341271, 0.157543, 0.366102, -0.930044, -0.031261, 0.01669, 0.306957, 0.152428, -0.939409, 0.10116, 0.0, 0.0, 0.0, 1.0],
                [0.878491, 0.334326, 0.341271, 0.157543, 0.366102, -0.930044, -0.031261, 0.01669, 0.306957, 0.152428, -0.939409, 0.10116, 0.0, 0.0, 0.0, 1.0],
                [0.878491, 0.334326, 0.341271, 0.157543, 0.366102, -0.930044, -0.031261, 0.01669, 0.306957, 0.152428, -0.939409, 0.10116, 0.0, 0.0, 0.0, 1.0],
                [0.878491, 0.334326, 0.341271, 0.157543, 0.366102, -0.930044, -0.031261, 0.01669, 0.306957, 0.152428, -0.939409, 0.10116, 0.0, 0.0, 0.0, 1.0],
                [0.924739, 0.334906, 0.1808, 0.157062, 0.288427, -0.926614, 0.241224, 0.018809, 0.248328, -0.1709, -0.953448, 0.090718, 0.0, 0.0, 0.0, 1.0],
                [0.980055, 0.178955, -0.086414, 0.155896, 0.190895, -0.726892, 0.659679, 0.02319, 0.055241, -0.663005, -0.74653, 0.069694, 0.0, 0.0, 0.0, 1.0],
                [0.917166, -0.122671, -0.379142, 0.154221, 0.295465, -0.429107, 0.853548, 0.028525, -0.267408, -0.89487, -0.357291, 0.044937, 0.0, 0.0, 0.0, 1.0],
                [0.641902, -0.293405, -0.708402, 0.1521, 0.591849, -0.397823, 0.701023, 0.034258, -0.487521, -0.869272, -0.081691, 0.019386, 0.0, 0.0, 0.0, 1.0],
                [0.387823, -0.045473, -0.920576, 0.149554, 0.782111, -0.512282, 0.354773, 0.040073, -0.487746, -0.857611, -0.163097, -0.005239, 0.0, 0.0, 0.0, 1.0],
                [0.264182, 0.117162, -0.957293, 0.146584, 0.860096, -0.47774, 0.178875, 0.045753, -0.436398, -0.870653, -0.226973, -0.027706, 0.0, 0.0, 0.0, 1.0],
                [0.215625, 0.112409, -0.969947, 0.143174, 0.888944, -0.433664, 0.147348, 0.051126, -0.404084, -0.894035, -0.193427, -0.046979, 0.0, 0.0, 0.0, 1.0],
                [0.208008, 0.117817, -0.970968, 0.139295, 0.889592, -0.435497, 0.137722, 0.056033, -0.406644, -0.892447, -0.195389, -0.062075, 0.0, 0.0, 0.0, 1.0],
                [0.237963, -0.237291, -0.941805, 0.134904, 0.853372, -0.411986, 0.319405, 0.060317, -0.463821, -0.879746, 0.104472, -0.071957, 0.0, 0.0, 0.0, 1.0],
                [0.34103, -0.572392, -0.74566, 0.129944, 0.690088, -0.386207, 0.612056, 0.063806, -0.63834, -0.723313, 0.263308, -0.07545, 0.0, 0.0, 0.0, 1.0],
                [0.528085, -0.566627, -0.632468, 0.121918, 0.213488, -0.632298, 0.744719, 0.065785, -0.821918, -0.528294, -0.212928, -0.055177, 0.0, 0.0, 0.0, 1.0],
                [0.792842, -0.304388, -0.527945, 0.111335, -0.150076, -0.937154, 0.314963, 0.066149, -0.590659, -0.170465, -0.788687, 0.001671, 0.0, 0.0, 0.0, 1.0],
                [0.845865, 0.451392, 0.284155, 0.100761, 0.4872, -0.8707, -0.067089, 0.065311, 0.217138, 0.195217, -0.956397, 0.074599, 0.0, 0.0, 0.0, 1.0],
                [0.468349, 0.471951, 0.7469, 0.093465, 0.750033, -0.65921, -0.053754, 0.064251, 0.467012, 0.585406, -0.662707, 0.131379, 0.0, 0.0, 0.0, 1.0],
                [0.397879, 0.341515, 0.851469, 0.091033, 0.773427, -0.624073, -0.111086, 0.063806, 0.493459, 0.70278, -0.51243, 0.151533, 0.0, 0.0, 0.0, 1.0],
                [0.406795, 0.312934, 0.858213, 0.091031, 0.765146, -0.629978, -0.132954, 0.060468, 0.499068, 0.710774, -0.495699, 0.148195, 0.0, 0.0, 0.0, 1.0],
                [0.41344, 0.307417, 0.857031, 0.091031, 0.758846, -0.636537, -0.137733, 0.053746, 0.503209, 0.70733, -0.496439, 0.141473, 0.0, 0.0, 0.0, 1.0],
                [0.418954, 0.31561, 0.851357, 0.091031, 0.753535, -0.644005, -0.132058, 0.045828, 0.506618, 0.696884, -0.507618, 0.133555, 0.0, 0.0, 0.0, 1.0],
                [0.423798, 0.330994, 0.843078, 0.091031, 0.748805, -0.651739, -0.120519, 0.037652, 0.509594, 0.682407, -0.524042, 0.125379, 0.0, 0.0, 0.0, 1.0],
                [0.428213, 0.349639, 0.833263, 0.091031, 0.744439, -0.659231, -0.105936, 0.029769, 0.512292, 0.665707, -0.542563, 0.117496, 0.0, 0.0, 0.0, 1.0],
                [0.43235, 0.369359, 0.822551, 0.091032, 0.740301, -0.666231, -0.089937, 0.02257, 0.514809, 0.647849, -0.561468, 0.110298, 0.0, 0.0, 0.0, 1.0],
                [0.436307, 0.389033, 0.811315, 0.091033, 0.736296, -0.672665, -0.073399, 0.016387, 0.517208, 0.629423, -0.579919, 0.104115, 0.0, 0.0, 0.0, 1.0],
                [0.440163, 0.408292, 0.799687, 0.091033, 0.732351, -0.678566, -0.056634, 0.011534, 0.519536, 0.610609, -0.597679, 0.099261, 0.0, 0.0, 0.0, 1.0],
                [0.443978, 0.426695, 0.787883, 0.091033, 0.728405, -0.683975, -0.040026, 0.00834, 0.521832, 0.591698, -0.614464, 0.096067, 0.0, 0.0, 0.0, 1.0],
                [0.447809, 0.444104, 0.776005, 0.091033, 0.724399, -0.688971, -0.02372, 0.007181, 0.52413, 0.572789, -0.630223, 0.094907, 0.0, 0.0, 0.0, 1.0],
                [0.446952, 0.457348, 0.768773, 0.091033, 0.722707, -0.691094, -0.00902, 0.007181, 0.527189, 0.559659, -0.639402, 0.094907, 0.0, 0.0, 0.0, 1.0],
                [0.443391, 0.470066, 0.763143, 0.091033, 0.722067, -0.69179, 0.006604, 0.007181, 0.531059, 0.548141, -0.64614, 0.094908, 0.0, 0.0, 0.0, 1.0],
                [0.439012, 0.481918, 0.758267, 0.091033, 0.721756, -0.691803, 0.021817, 0.007181, 0.535105, 0.537735, -0.651524, 0.094907, 0.0, 0.0, 0.0, 1.0],
                [0.434305, 0.492997, 0.753842, 0.091033, 0.721587, -0.691363, 0.036427, 0.007181, 0.539157, 0.528171, -0.655991, 0.094908, 0.0, 0.0, 0.0, 1.0],
                [0.42949, 0.503302, 0.74978, 0.091033, 0.721483, -0.690601, 0.050307, 0.007181, 0.543139, 0.519376, -0.659719, 0.094908, 0.0, 0.0, 0.0, 1.0],
                [0.424691, 0.513016, 0.745921, 0.091033, 0.721404, -0.689591, 0.063552, 0.007181, 0.547004, 0.511149, -0.662943, 0.094908, 0.0, 0.0, 0.0, 1.0],
                [0.419988, 0.521986, 0.742352, 0.091033, 0.72133, -0.688411, 0.075973, 0.007181, 0.55072, 0.503601, -0.665637, 0.094908, 0.0, 0.0, 0.0, 1.0],
                [0.415439, 0.530299, 0.739012, 0.091033, 0.72125, -0.68711, 0.087612, 0.007181, 0.554264, 0.496643, -0.66792, 0.094908, 0.0, 0.0, 0.0, 1.0],
                [0.411093, 0.537969, 0.735892, 0.091033, 0.72116, -0.685737, 0.09845, 0.007181, 0.557612, 0.490251, -0.669852, 0.094908, 0.0, 0.0, 0.0, 1.0],
                [0.40699, 0.544996, 0.732996, 0.091033, 0.721058, -0.684332, 0.10846, 0.007181, 0.560744, 0.484419, -0.671479, 0.094907, 0.0, 0.0, 0.0, 1.0],
                [0.403171, 0.55137, 0.730335, 0.091033, 0.720948, -0.682936, 0.117606, 0.007181, 0.563637, 0.479147, -0.672838, 0.094908, 0.0, 0.0, 0.0, 1.0],
                [0.399674, 0.557046, 0.727947, 0.091033, 0.720833, -0.681593, 0.125815, 0.007181, 0.56627, 0.47447, -0.673941, 0.094908, 0.0, 0.0, 0.0, 1.0],
                [0.39654, 0.562122, 0.725755, 0.091033, 0.720718, -0.68032, 0.133151, 0.007181, 0.568613, 0.470293, -0.674895, 0.094908, 0.0, 0.0, 0.0, 1.0],
                [0.39382, 0.566399, 0.723908, 0.091033, 0.720609, -0.679185, 0.139389, 0.007181, 0.570639, 0.466788, -0.675618, 0.094908, 0.0, 0.0, 0.0, 1.0],
                [0.391565, 0.569891, 0.72239, 0.091033, 0.720513, -0.678217, 0.144503, 0.007181, 0.572309, 0.463937, -0.676169, 0.094908, 0.0, 0.0, 0.0, 1.0],
                [0.389841, 0.572526, 0.721237, 0.091033, 0.720437, -0.677461, 0.148374, 0.007181, 0.573579, 0.461791, -0.676562, 0.094907, 0.0, 0.0, 0.0, 1.0],
                [0.388731, 0.57421, 0.720497, 0.091033, 0.720387, -0.676967, 0.150854, 0.007181, 0.574396, 0.460423, -0.676801, 0.094908, 0.0, 0.0, 0.0, 1.0],
                [0.388332, 0.574806, 0.720236, 0.091033, 0.72037, -0.676788, 0.151734, 0.007181, 0.574687, 0.459941, -0.676882, 0.094907, 0.0, 0.0, 0.0, 1.0]
            ]
        },
        {
            "name": "Leg_R",
            "time": [0.0, 0.0167, 0.0333, 0.05, 0.0667, 0.0833, 0.1, 0.1167, 0.1333, 0.15, 0.1667, 0.1833, 0.2, 0.2167, 0.2333, 0.25, 0.2667, 0.2833, 0.3, 0.3167, 0.3333, 0.35, 0.3667, 0.3833, 0.4, 0.4167, 0.4333, 0.45, 0.4667, 0.4833, 0.5, 0.5167, 0.5333, 0.55, 0.5667, 0.5833, 0.6, 0.6167, 0.6333, 0.65, 0.6667, 0.6833, 0.7, 0.7167, 0.7333, 0.75, 0.7667, 0.7833, 0.8, 0.8167, 0.8333, 0.85, 0.8667, 0.8833, 0.9, 0.9167, 0.9333, 0.95, 0.9667, 0.9833, 1.0, 1.0167, 1.0333, 1.05, 1.0667, 1.0833, 1.1, 1.1167, 1.1333, 1.15, 1.1667, 1.1833, 1.2, 1.2167, 1.2333, 1.25, 1.2667, 1.2833, 1.3, 1.3167, 1.3333, 1.35, 1.3667, 1.3833, 1.4, 1.4167, 1.4333, 1.45, 1.4667, 1.4833, 1.5, 1.5167, 1.5333, 1.55, 1.5667, 1.5833, 1.6, 1.6167, 1.6333, 1.65, 1.6667, 1.6833, 1.7, 1.7167],
            "transform": [
                [1.0, -0.000615, -0.000299, 0.0, 0.000678, 0.83513, 0.550035, 0.375166, -8.8e-05, -0.550063, 0.835138, 0.0, 0.0, 0.0, 0.0, 1.0],
                [1.0, -0.000627, -0.000307, 0.0, 0.000692, 0.828012, 0.560693, 0.375166, -9.7e-05, -0.560722, 0.82802, -0.0, 0.0, 0.0, 0.0, 1.0],
                [1.0, -0.000664, -0.000334, -0.0, 0.000733, 0.804495, 0.593941, 0.375166, -0.000126, -0.593971, 0.804504, -0.0, 0.0, 0.0, 0.0, 1.0],
                [1.0, -0.000724, -0.000381, 0.0, 0.000798, 0.762217, 0.647303, 0.375166, -0.000178, -0.647336, 0.762227, -0.0, 0.0, 0.0, 0.0, 1.0],
                [1.0, -0.000799, -0.000451, 0.0, 0.000881, 0.699673, 0.714443, 0.375166, -0.000255, -0.714479, 0.699685, 0.0, 0.0, 0.0, 0.0, 1.0],
                [1.0, -0.000879, -0.000543, 0.0, 0.00097, 0.617591, 0.78648, 0.375166, -0.000357, -0.786517, 0.617604, 0.0, 0.0, 0.0, 0.0, 1.0],
                [0.999999, -0.000956, -0.000653, -0.0, 0.001054, 0.518702, 0.854937, 0.375166, -0.000479, -0.854975, 0.518715, -0.0, 0.0, 0.0, 0.0, 1.0],
                [0.999999, -0.001021, -0.000777, -0.0, 0.001126, 0.40821, 0.91287, 0.375166, -0.000615, -0.912908, 0.408223, 0.0, 0.0, 0.0, 0.0, 1.0],
                [0.999999, -0.00107, -0.000907, -0.0, 0.00118, 0.291698, 0.956493, 0.375166, -0.000759, -0.956531, 0.29171, 0.0, 0.0, 0.0, 0.0, 1.0],
                [0.999999, -0.001101, -0.001038, -0.0, 0.001214, 0.174453, 0.984649, 0.375166, -0.000903, -0.984685, 0.174464, 0.0, 0.0, 0.0, 0.0, 1.0],
                [0.999999, -0.001116, -0.001166, 0.0, 0.001231, 0.060137, 0.998174, 0.375166, -0.001044, -0.998208, 0.060147, 0.0, 0.0, 0.0, 0.0, 1.0],
                [0.999998, -0.001102, -0.001424, 0.0, 0.001215, -0.17067, 0.985313, 0.375166, -0.001329, -0.985343, -0.17066, -0.0, 0.0, 0.0, 0.0, 1.0],
                [0.999998, -0.001021, -0.00169, -0.0, 0.001126, -0.408583, 0.912708, 0.375166, -0.001622, -0.91273, -0.408572, -0.0, 0.0, 0.0, 0.0, 1.0],
                [0.999998, -0.000912, -0.001881, -0.0, 0.001006, -0.578905, 0.815386, 0.375166, -0.001832, -0.815401, -0.578892, 0.0, 0.0, 0.0, 0.0, 1.0],
                [0.999998, -0.000868, -0.001938, -0.0, 0.000958, -0.630193, 0.77643, 0.375166, -0.001896, -0.776443, -0.63018, 0.0, 0.0, 0.0, 0.0, 1.0],
                [0.999998, -0.000917, -0.001873, 0.0, 0.001012, -0.571795, 0.820386, 0.375166, -0.001824, -0.820402, -0.571783, 0.0, 0.0, 0.0, 0.0, 1.0],
                [0.999998, -0.000957, -0.001812, 0.0, 0.001055, -0.517568, 0.85563, 0.375166, -0.001757, -0.855649, -0.517556, -0.0, 0.0, 0.0, 0.0, 1.0],
                [0.999998, -0.000911, -0.001882, 0.0, 0.001005, -0.579949, 0.814643, 0.375166, -0.001834, -0.814658, -0.579937, 0.0, 0.0, 0.0, 0.0, 1.0],
                [0.999998, -0.000789, -0.002026, -0.0, 0.00087, -0.709076, 0.705126, 0.375166, -0.001993, -0.705135, -0.709063, -0.0, 0.0, 0.0, 0.0, 1.0],
                [0.999997, -0.000664, -0.002133, 0.0, 0.000732, -0.804684, 0.593701, 0.375166, -0.002111, -0.593705, -0.804671, -0.0, 0.0, 0.0, 0.0, 1.0],
                [0.999997, -0.000622, -0.002162, -0.0, 0.000687, -0.830746, 0.55665, 0.375166, -0.002143, -0.556653, -0.830734, 0.0, 0.0, 0.0, 0.0, 1.0],
                [0.999997, -0.000759, -0.002054, -0.0, 0.000838, -0.734026, 0.679117, 0.375166, -0.002024, -0.679124, -0.734013, -0.0, 0.0, 0.0, 0.0, 1.0],
                [0.999998, -0.001018, -0.001695, 0.0, 0.001123, -0.413211, 0.910622, 0.375166, -0.001628, -0.910644, -0.4132, -0.0, 0.0, 0.0, 0.0, 1.0],
                [0.999999, -0.001109, -0.001092, 0.0, 0.001223, 0.126736, 0.99192, 0.375166, -0.000962, -0.991955, 0.126747, 0.0, 0.0, 0.0, 0.0, 1.0],
                [1.0, -0.000864, -0.000523, 0.0, 0.000953, 0.634838, 0.772625, 0.375166, -0.000335, -0.772663, 0.634851, -0.0, 0.0, 0.0, 0.0, 1.0],
                [1.0, -0.000625, -0.000306, -0.0, 0.000689, 0.829161, 0.558993, 0.375166, -9.6e-05, -0.559021, 0.829169, 0.0, 0.0, 0.0, 0.0, 1.0],
                [1.0, -0.000588, -0.000282, 0.0, 0.000648, 0.850803, 0.525468, 0.375166, -6.9e-05, -0.525494, 0.85081, -0.0, 0.0, 0.0, 0.0, 1.0],
                [1.0, -0.000541, -0.000254, 0.0, 0.000596, 0.875325, 0.48352, 0.375166, -3.9e-05, -0.483543, 0.875331, 0.0, 0.0, 0.0, 0.0, 1.0],
                [1.0, -0.000494, -0.00023, 0.0, 0.000545, 0.897207, 0.441596, 0.375166, -1.2e-05, -0.441617, 0.897212, 0.0, 0.0, 0.0, 0.0, 1.0],
                [1.0, -0.000453, -0.000211, 0.0, 0.0005, 0.914136, 0.405395, 0.375166, 9e-06, -0.405413, 0.914141, -0.0, 0.0, 0.0, 0.0, 1.0],
                [1.0, -0.000425, -0.000199, 0.0, 0.000469, 0.925029, 0.379885, 0.375166, 2.3e-05, -0.379901, 0.925033, -0.0, 0.0, 0.0, 0.0, 1.0],
                [1.0, -0.000415, -0.000195, -0.0, 0.000457, 0.928707, 0.370803, 0.375166, 2.7e-05, -0.370819, 0.928711, 0.0, 0.0, 0.0, 0.0, 1.0],
                [1.0, -0.000426, -0.000199, -0.0, 0.00047, 0.924567, 0.381007, 0.375166, 2.2e-05, -0.381024, 0.924571, -0.0, 0.0, 0.0, 0.0, 1.0],
                [1.0, -0.000458, -0.000213, 0.0, 0.000506, 0.912089, 0.409978, 0.375166, 7e-06, -0.409997, 0.912094, -0.0, 0.0, 0.0, 0.0, 1.0],
                [1.0, -0.000507, -0.000236, 0.0, 0.000559, 0.891462, 0.453082, 0.375166, -1.9e-05, -0.453103, 0.891467, -0.0, 0.0, 0.0, 0.0, 1.0],
                [1.0, -0.000564, -0.000268, -0.0, 0.000622, 0.863434, 0.504446, 0.375166, -5.3e-05, -0.504471, 0.863441, 0.0, 0.0, 0.0, 0.0, 1.0],
                [1.0, -0.000617, -0.0003, -0.0, 0.00068, 0.83421, 0.551429, 0.375166, -8.9e-05, -0.551457, 0.834218, -0.0, 0.0, 0.0, 0.0, 1.0],
                [1.0, -0.000651, -0.000324, 0.0, 0.000718, 0.813215, 0.581945, 0.375166, -0.000115, -0.581975, 0.813224, 0.0, 0.0, 0.0, 0.0, 1.0],
                [1.0, -0.000693, -0.000355, 0.0, 0.000764, 0.785117, 0.619328, 0.375166, -0.00015, -0.61936, 0.785127, 0.0, 0.0, 0.0, 0.0, 1.0],
                [1.0, -0.000739, -0.000394, -0.0, 0.000815, 0.750873, 0.660427, 0.375166, -0.000192, -0.660461, 0.750884, 0.0, 0.0, 0.0, 0.0, 1.0],
                [1.0, -0.00075, -0.000404, 0.0, 0.000827, 0.741538, 0.670891, 0.375166, -0.000204, -0.670926, 0.741549, -0.0, 0.0, 0.0, 0.0, 1.0],
                [1.0, -0.000777, -0.000429, -0.0, 0.000857, 0.718805, 0.695192, 0.375166, -0.000232, -0.695227, 0.718817, 0.0, 0.0, 0.0, 0.0, 1.0],
                [1.0, -0.000762, -0.000415, -0.0, 0.000841, 0.731696, 0.681612, 0.375166, -0.000216, -0.681647, 0.731707, 0.0, 0.0, 0.0, 0.0, 1.0],
                [1.0, -0.00065, -0.000323, 0.0, 0.000717, 0.813687, 0.581285, 0.375167, -0.000115, -0.581315, 0.813696, -0.0, 0.0, 0.0, 0.0, 1.0],
                [1.0, -0.000457, -0.000213, -0.0, 0.000505, 0.912515, 0.40903, 0.375166, 7e-06, -0.40905, 0.912519, 0.0, 0.0, 0.0, 0.0, 1.0],
                [1.0, -0.000343, -0.000169, -0.0, 0.000378, 0.951826, 0.30663, 0.375166, 5.6e-05, -0.306641, 0.951829, 0.0, 0.0, 0.0, 0.0, 1.0],
                [1.0, -0.000433, -0.000202, 0.0, 0.000478, 0.921908, 0.387397, 0.375166, 1.9e-05, -0.387415, 0.921912, -0.0, 0.0, 0.0, 0.0, 1.0],
                [1.0, -0.000608, -0.000295, 0.0, 0.00067, 0.839434, 0.543444, 0.375166, -8.3e-05, -0.543472, 0.839442, -0.0, 0.0, 0.0, 0.0, 1.0],
                [1.0, -0.000754, -0.000407, 0.0, 0.000831, 0.73863, 0.674091, 0.375167, -0.000207, -0.674126, 0.738642, -0.0, 0.0, 0.0, 0.0, 1.0],
                [1.0, -0.00084, -0.000495, 0.0, 0.000926, 0.660101, 0.751157, 0.375166, -0.000304, -0.751195, 0.660114, 0.0, 0.0, 0.0, 0.0, 1.0],
                [0.999999, -0.000879, -0.000542, -0.0, 0.000969, 0.618577, 0.785704, 0.375166, -0.000355, -0.785743, 0.61859, 0.0, 0.0, 0.0, 0.0, 1.0],
                [1.0, -0.000895, -0.000563, -0.0, 0.000987, 0.599222, 0.800563, 0.375166, -0.000379, -0.800602, 0.599236, 0.0, 0.0, 0.0, 0.0, 1.0],
                [0.999999, -0.000904, -0.000575, -0.0, 0.000997, 0.588289, 0.808631, 0.375166, -0.000393, -0.80867, 0.588303, -0.0, 0.0, 0.0, 0.0, 1.0],
                [0.999999, -0.000907, -0.00058, -0.0, 0.001001, 0.584428, 0.811426, 0.375166, -0.000397, -0.811465, 0.584441, 0.0, 0.0, 0.0, 0.0, 1.0],
                [0.999999, -0.000907, -0.00058, 0.0, 0.001001, 0.584374, 0.811465, 0.375166, -0.000398, -0.811504, 0.584388, 0.0, 0.0, 0.0, 0.0, 1.0],
                [0.999999, -0.000907, -0.000579, -0.0, 0.001, 0.584833, 0.811134, 0.375166, -0.000397, -0.811173, 0.584847, -0.0, 0.0, 0.0, 0.0, 1.0],
