{
    "animation": [
        {
            "name": "Root",
            "time": [0.0, 0.0167, 0.0333, 0.05, 0.0667, 0.0833, 0.1, 0.1167, 0.1333, 0.15, 0.1667, 0.1833, 0.2, 0.2167, 0.2333, 0.25, 0.2667, 0.2833, 0.3, 0.3167, 0.3333, 0.35, 0.3667, 0.3833, 0.4, 0.4167, 0.4333, 0.45, 0.4667, 0.4833, 0.5, 0.5167, 0.5333, 0.55, 0.5667, 0.5833, 0.6, 0.6167, 0.6333, 0.65, 0.6667, 0.6833, 0.7, 0.7167, 0.7333, 0.75, 0.7667, 0.7833, 0.8, 0.8167, 0.8333, 0.85, 0.8667, 0.8833, 0.9, 0.9167, 0.9333, 0.95, 0.9667, 0.9833, 1.0, 1.0167, 1.0333, 1.05, 1.0667, 1.0833, 1.1, 1.1167, 1.1333, 1.15, 1.1667, 1.1833, 1.2],
            "transform": [
                [1.0, 0.0, -0.0, -5e-06, -0.0, 0.0, -1.0, 0.03963, 0.0, 1.0, 0.0, 0.488706, 0.0, 0.0, 0.0, 1.0],
                [1.0, 0.0, -0.0, -5e-06, -0.0, 0.0, -1.0, 0.387044, 0.0, 1.0, 0.0, 1.108623, 0.0, 0.0, 0.0, 1.0],
                [1.0, 0.0, -0.0, -5e-06, -0.0, 0.0, -1.0, 1.232447, 0.0, 1.0, 0.0, 2.509554, 0.0, 0.0, 0.0, 1.0],
                [1.0, 0.0, -0.0, -5e-06, -0.0, 0.0, -1.0, 1.894215, 0.0, 1.0, 0.0, 3.358762, 0.0, 0.0, 0.0, 1.0],
                [1.0, 0.0, -0.0, -5e-06, -0.0, 0.0, -1.0, 2.267597, 0.0, 1.0, 0.0, 3.651, 0.0, 0.0, 0.0, 1.0],
                [1.0, 0.0, -0.0, -5e-06, -0.0, 0.0, -1.0, 2.529659, 0.0, 1.0, 0.0, 3.82383, 0.0, 0.0, 0.0, 1.0],
                [1.0, 0.0, -0.0, -5e-06, -0.0, 0.0, -1.0, 2.713523, 0.0, 1.0, 0.0, 3.912234, 0.0, 0.0, 0.0, 1.0],
                [1.0, 0.0, -0.0, -5e-06, -0.0, 0.0, -1.0, 2.858473, 0.0, 1.0, 0.0, 3.957894, 0.0, 0.0, 0.0, 1.0],
                [1.0, 0.0, -0.0, -5e-06, -0.0, 0.0, -1.0, 2.99987, 0.0, 1.0, 0.0, 3.998471, 0.0, 0.0, 0.0, 1.0],
                [1.0, 0.0, -0.0, -5e-06, -0.0, 0.0, -1.0, 3.163323, 0.0, 1.0, 0.0, 4.061345, 0.0, 0.0, 0.0, 1.0],
                [1.0, 0.0, -0.0, -5e-06, -0.0, 0.0, -1.0, 3.328253, 0.0, 1.0, 0.0, 4.121026, 0.0, 0.0, 0.0, 1.0],
                [1.0, 0.0, -0.0, -5e-06, -0.0, 0.0, -1.0, 3.498066, 0.0, 1.0, 0.0, 4.184347, 0.0, 0.0, 0.0, 1.0],
                [1.0, 0.0, -0.0, -5e-06, -0.0, 0.0, -1.0, 3.666809, 0.0, 1.0, 0.0, 4.246286, 0.0, 0.0, 0.0, 1.0],
                [1.0, 0.0, -0.0, -5e-06, -0.0, 0.0, -1.0, 3.832361, 0.0, 1.0, 0.0, 4.304821, 0.0, 0.0, 0.0, 1.0],
                [1.0, 0.0, -0.0, -5e-06, -0.0, 0.0, -1.0, 3.993473, 0.0, 1.0, 0.0, 4.358681, 0.0, 0.0, 0.0, 1.0],
                [1.0, 0.0, -0.0, -5e-06, -0.0, 0.0, -1.0, 4.149177, 0.0, 1.0, 0.0, 4.406843, 0.0, 0.0, 0.0, 1.0],
                [1.0, 0.0, -0.0, -5e-06, -0.0, 0.0, -1.0, 4.298575, 0.0, 1.0, 0.0, 4.448343, 0.0, 0.0, 0.0, 1.0],
                [1.0, 0.0, -0.0, -5e-06, -0.0, 0.0, -1.0, 4.440741, 0.0, 1.0, 0.0, 4.482168, 0.0, 0.0, 0.0, 1.0],
                [1.0, 0.0, -0.0, -5e-06, -0.0, 0.0, -1.0, 4.574636, 0.0, 1.0, 0.0, 4.507179, 0.0, 0.0, 0.0, 1.0],
                [1.0, 0.0, -0.0, -5e-06, -0.0, 0.0, -1.0, 4.692395, 0.0, 1.0, 0.0, 4.525614, 0.0, 0.0, 0.0, 1.0],
                [1.0, 0.0, -0.0, -5e-06, -0.0, 0.0, -1.0, 4.803012, 0.0, 1.0, 0.0, 4.539766, 0.0, 0.0, 0.0, 1.0],
                [1.0, 0.0, -0.0, -5e-06, -0.0, 0.0, -1.0, 4.905629, 0.0, 1.0, 0.0, 4.548518, 0.0, 0.0, 0.0, 1.0],
                [1.0, 0.0, -0.0, -5e-06, -0.0, 0.0, -1.0, 4.999772, 0.0, 1.0, 0.0, 4.55101, 0.0, 0.0, 0.0, 1.0],
                [1.0, 0.0, -0.0, -5e-06, -0.0, 0.0, -1.0, 5.08522, 0.0, 1.0, 0.0, 4.546662, 0.0, 0.0, 0.0, 1.0],
                [1.0, 0.0, -0.0, -5e-06, -0.0, 0.0, -1.0, 5.161757, 0.0, 1.0, 0.0, 4.535049, 0.0, 0.0, 0.0, 1.0],
                [1.0, 0.0, -0.0, -5e-06, -0.0, 0.0, -1.0, 5.20856, 0.0, 1.0, 0.0, 4.501549, 0.0, 0.0, 0.0, 1.0],
                [1.0, 0.0, -0.0, -5e-06, -0.0, 0.0, -1.0, 5.246903, 0.0, 1.0, 0.0, 4.449558, 0.0, 0.0, 0.0, 1.0],
                [1.0, 0.0, -0.0, -5e-06, -0.0, 0.0, -1.0, 5.281699, 0.0, 1.0, 0.0, 4.384789, 0.0, 0.0, 0.0, 1.0],
                [1.0, 0.0, -0.0, -5e-06, -0.0, 0.0, -1.0, 5.314667, 0.0, 1.0, 0.0, 4.309043, 0.0, 0.0, 0.0, 1.0],
                [1.0, 0.0, -0.0, -5e-06, -0.0, 0.0, -1.0, 5.346677, 0.0, 1.0, 0.0, 4.222947, 0.0, 0.0, 0.0, 1.0],
                [1.0, 0.0, -0.0, -5e-06, -0.0, 0.0, -1.0, 5.378267, 0.0, 1.0, 0.0, 4.126564, 0.0, 0.0, 0.0, 1.0],
                [1.0, 0.0, -0.0, -5e-06, -0.0, 0.0, -1.0, 5.409821, 0.0, 1.0, 0.0, 4.019595, 0.0, 0.0, 0.0, 1.0],
                [1.0, 0.0, -0.0, -5e-06, -0.0, 0.0, -1.0, 5.441648, 0.0, 1.0, 0.0, 3.901451, 0.0, 0.0, 0.0, 1.0],
                [1.0, 0.0, -0.0, -5e-06, -0.0, 0.0, -1.0, 5.474024, 0.0, 1.0, 0.0, 3.771253, 0.0, 0.0, 0.0, 1.0],
                [1.0, 0.0, -0.0, -5e-06, -0.0, 0.0, -1.0, 5.507225, 0.0, 1.0, 0.0, 3.627797, 0.0, 0.0, 0.0, 1.0],
                [1.0, 0.0, -0.0, -5e-06, -0.0, 0.0, -1.0, 5.541538, 0.0, 1.0, 0.0, 3.469479, 0.0, 0.0, 0.0, 1.0],
                [1.0, 0.0, -0.0, -5e-06, -0.0, 0.0, -1.0, 5.577302, 0.0, 1.0, 0.0, 3.29416, 0.0, 0.0, 0.0, 1.0],
                [1.0, 0.0, -0.0, -5e-06, -0.0, 0.0, -1.0, 5.611548, 0.0, 1.0, 0.0, 2.92785, 0.0, 0.0, 0.0, 1.0],
                [1.0, 0.0, -0.0, -5e-06, -0.0, 0.0, -1.0, 5.633118, 0.0, 1.0, 0.0, 2.446177, 0.0, 0.0, 0.0, 1.0],
                [1.0, 0.0, -0.0, -5e-06, -0.0, 0.0, -1.0, 5.661688, 0.0, 1.0, 0.0, 1.926329, 0.0, 0.0, 0.0, 1.0],
                [1.0, 0.0, -0.0, -5e-06, -0.0, 0.0, -1.0, 5.714954, 0.0, 1.0, 0.0, 1.444645, 0.0, 0.0, 0.0, 1.0],
                [1.0, 0.0, -0.0, -5e-06, -0.0, 0.0, -1.0, 5.804828, 0.0, 1.0, 0.0, 1.059024, 0.0, 0.0, 0.0, 1.0],
                [1.0, 0.0, -0.0, -5e-06, -0.0, 0.0, -1.0, 5.936766, 0.0, 1.0, 0.0, 0.802848, 0.0, 0.0, 0.0, 1.0],
                [1.0, 0.0, -0.0, -5e-06, -0.0, 0.0, -1.0, 6.309267, 0.0, 1.0, 0.0, 0.638249, 0.0, 0.0, 0.0, 1.0],
                [1.0, 0.0, -0.0, -5e-06, -0.0, 0.0, -1.0, 6.776455, 0.0, 1.0, 0.0, 0.506811, 0.0, 0.0, 0.0, 1.0],
                [1.0, 0.0, -0.0, -5e-06, -0.0, 0.0, -1.0, 6.967231, 0.0, 1.0, 0.0, 0.432972, 0.0, 0.0, 0.0, 1.0],
                [1.0, 0.0, -0.0, -5e-06, -0.0, 0.0, -1.0, 6.936843, 0.0, 1.0, 0.0, 0.395136, 0.0, 0.0, 0.0, 1.0],
                [1.0, 0.0, -0.0, -5e-06, -0.0, 0.0, -1.0, 6.865945, 0.0, 1.0, 0.0, 0.378594, 0.0, 0.0, 0.0, 1.0],
                [1.0, 0.0, -0.0, -5e-06, -0.0, 0.0, -1.0, 6.817454, 0.0, 1.0, 0.0, 0.376645, 0.0, 0.0, 0.0, 1.0],
                [1.0, 0.0, -0.0, -5e-06, -0.0, 0.0, -1.0, 6.793677, 0.0, 1.0, 0.0, 0.383711, 0.0, 0.0, 0.0, 1.0],
                [1.0, 0.0, -0.0, -5e-06, -0.0, 0.0, -1.0, 6.776654, 0.0, 1.0, 0.0, 0.398194, 0.0, 0.0, 0.0, 1.0],
                [1.0, 0.0, -0.0, -5e-06, -0.0, 0.0, -1.0, 6.763813, 0.0, 1.0, 0.0, 0.415958, 0.0, 0.0, 0.0, 1.0],
                [1.0, 0.0, -0.0, -5e-06, -0.0, 0.0, -1.0, 6.753974, 0.0, 1.0, 0.0, 0.435, 0.0, 0.0, 0.0, 1.0],
                [1.0, 0.0, -0.0, -5e-06, -0.0, 0.0, -1.0, 6.746492, 0.0, 1.0, 0.0, 0.454096, 0.0, 0.0, 0.0, 1.0],
                [1.0, 0.0, -0.0, -5e-06, -0.0, 0.0, -1.0, 6.740979, 0.0, 1.0, 0.0, 0.472363, 0.0, 0.0, 0.0, 1.0],
                [1.0, 0.0, -0.0, -5e-06, -0.0, 0.0, -1.0, 6.737189, 0.0, 1.0, 0.0, 0.489072, 0.0, 0.0, 0.0, 1.0],
                [1.0, 0.0, -0.0, -5e-06, -0.0, 0.0, -1.0, 6.734973, 0.0, 1.0, 0.0, 0.503549, 0.0, 0.0, 0.0, 1.0],
                [1.0, 0.0, -0.0, -5e-06, -0.0, 0.0, -1.0, 6.734245, 0.0, 1.0, 0.0, 0.515111, 0.0, 0.0, 0.0, 1.0],
                [1.0, 0.0, -0.0, -5e-06, -0.0, 0.0, -1.0, 6.737269, 0.0, 1.0, 0.0, 0.522539, 0.0, 0.0, 0.0, 1.0],
                [1.0, 0.0, -0.0, -5e-06, -0.0, 0.0, -1.0, 6.742614, 0.0, 1.0, 0.0, 0.52931, 0.0, 0.0, 0.0, 1.0],
                [1.0, 0.0, -0.0, -5e-06, -0.0, 0.0, -1.0, 6.74866, 0.0, 1.0, 0.0, 0.53563, 0.0, 0.0, 0.0, 1.0],
                [1.0, 0.0, -0.0, -5e-06, -0.0, 0.0, -1.0, 6.75493, 0.0, 1.0, 0.0, 0.541557, 0.0, 0.0, 0.0, 1.0],
                [1.0, 0.0, -0.0, -5e-06, -0.0, 0.0, -1.0, 6.761195, 0.0, 1.0, 0.0, 0.54711, 0.0, 0.0, 0.0, 1.0],
                [1.0, 0.0, -0.0, -5e-06, -0.0, 0.0, -1.0, 6.767313, 0.0, 1.0, 0.0, 0.552291, 0.0, 0.0, 0.0, 1.0],
                [1.0, 0.0, -0.0, -5e-06, -0.0, 0.0, -1.0, 6.773181, 0.0, 1.0, 0.0, 0.557091, 0.0, 0.0, 0.0, 1.0],
                [1.0, 0.0, -0.0, -5e-06, -0.0, 0.0, -1.0, 6.778716, 0.0, 1.0, 0.0, 0.561495, 0.0, 0.0, 0.0, 1.0],
                [1.0, 0.0, -0.0, -5e-06, -0.0, 0.0, -1.0, 6.783838, 0.0, 1.0, 0.0, 0.565478, 0.0, 0.0, 0.0, 1.0],
                [1.0, 0.0, -0.0, -5e-06, -0.0, 0.0, -1.0, 6.788468, 0.0, 1.0, 0.0, 0.56901, 0.0, 0.0, 0.0, 1.0],
                [1.0, 0.0, -0.0, -5e-06, -0.0, 0.0, -1.0, 6.792523, 0.0, 1.0, 0.0, 0.572052, 0.0, 0.0, 0.0, 1.0],
                [1.0, 0.0, -0.0, -5e-06, -0.0, 0.0, -1.0, 6.795908, 0.0, 1.0, 0.0, 0.574553, 0.0, 0.0, 0.0, 1.0],
                [1.0, 0.0, -0.0, -5e-06, -0.0, 0.0, -1.0, 6.798513, 0.0, 1.0, 0.0, 0.576452, 0.0, 0.0, 0.0, 1.0],
                [1.0, 0.0, -0.0, -5e-06, -0.0, 0.0, -1.0, 6.800204, 0.0, 1.0, 0.0, 0.57767, 0.0, 0.0, 0.0, 1.0],
                [1.0, 0.0, -0.0, -5e-06, -0.0, 0.0, -1.0, 6.800812, 0.0, 1.0, 0.0, 0.578103, 0.0, 0.0, 0.0, 1.0]
            ]
        },
        {
            "name": "Thigh_R",
            "time": [0.0, 0.0167, 0.0333, 0.05, 0.0667, 0.0833, 0.1, 0.1167, 0.1333, 0.15, 0.1667, 0.1833, 0.2, 0.2167, 0.2333, 0.25, 0.2667, 0.2833, 0.3, 0.3167, 0.3333, 0.35, 0.3667, 0.3833, 0.4, 0.4167, 0.4333, 0.45, 0.4667, 0.4833, 0.5, 0.5167, 0.5333, 0.55, 0.5667, 0.5833, 0.6, 0.6167, 0.6333, 0.65, 0.6667, 0.6833, 0.7, 0.7167, 0.7333, 0.75, 0.7667, 0.7833, 0.8, 0.8167, 0.8333, 0.85, 0.8667, 0.8833, 0.9, 0.9167, 0.9333, 0.95, 0.9667, 0.9833, 1.0, 1.0167, 1.0333, 1.05, 1.0667, 1.0833, 1.1, 1.1167, 1.1333, 1.15, 1.1667, 1.1833, 1.2],
            "transform": [
                [1.0, 0.000776, -0.000311, 0.124994, 0.00083, -0.965514, 0.260323, -0.002831, -9.9e-05, -0.260301, -0.965494, -1.2e-05, 0.0, 0.0, 0.0, 1.0],
                [0.959237, 0.169223, 0.226324, 0.121103, 0.146024, -0.982483, 0.115731, 0.000823, 0.241953, -0.077942, -0.967121, 0.00016, 0.0, 0.0, 0.0, 1.0],
                [0.728578, 0.107446, 0.676457, 0.109956, 0.382504, -0.883103, -0.271681, 0.010495, 0.568211, 0.456711, -0.684484, 0.000576, 0.0, 0.0, 0.0, 1.0],
                [0.551786, 0.038653, 0.833057, 0.097372, 0.526432, -0.79091, -0.311968, 0.019859, 0.646839, 0.610712, -0.456743, 0.000899, 0.0, 0.0, 0.0, 1.0],
                [0.371783, 0.340275, 0.863671, 0.083342, 0.637832, -0.769639, 0.028675, 0.029217, 0.674497, 0.540243, -0.50317, 0.001114, 0.0, 0.0, 0.0, 1.0],
                [-0.062935, 0.389207, 0.918959, 0.068073, 0.768689, -0.568378, 0.293364, 0.039596, 0.636518, 0.724881, -0.263418, 0.001449, 0.0, 0.0, 0.0, 1.0],
                [-0.782329, -0.000803, 0.622847, 0.052763, 0.622191, -0.047532, 0.781399, 0.049445, 0.028978, 0.998861, 0.037659, 0.001672, 0.0, 0.0, 0.0, 1.0],
                [-0.799281, -0.349856, 0.488614, 0.038538, 0.426921, 0.241672, 0.871366, 0.057369, -0.422953, 0.905084, -0.043825, 0.00158, 0.0, 0.0, 0.0, 1.0],
                [-0.665232, -0.418696, 0.61818, 0.026202, 0.487583, 0.383416, 0.784348, 0.062425, -0.565446, 0.823205, -0.050932, 0.001038, 0.0, 0.0, 0.0, 1.0],
                [-0.492872, -0.336646, 0.802323, 0.016172, 0.645581, 0.476735, 0.596583, 0.064179, -0.583355, 0.812017, -0.017658, -1.2e-05, 0.0, 0.0, 0.0, 1.0],
                [-0.215332, -0.193227, 0.957213, 0.009306, 0.814155, 0.505751, 0.285219, 0.064577, -0.539245, 0.840745, 0.04839, -0.008559, 0.0, 0.0, 0.0, 1.0],
                [0.129566, -0.13313, 0.982573, 0.002951, 0.865786, 0.498227, -0.04667, 0.06519, -0.48335, 0.856748, 0.179792, -0.023177, 0.0, 0.0, 0.0, 1.0],
                [0.412415, -0.155738, 0.897567, -0.002803, 0.782553, 0.564982, -0.261537, 0.065791, -0.466396, 0.810254, 0.354857, -0.039874, 0.0, 0.0, 0.0, 1.0],
                [0.581967, -0.159675, 0.797366, -0.007892, 0.62112, 0.720174, -0.309115, 0.066259, -0.524905, 0.675148, 0.518272, -0.056687, 0.0, 0.0, 0.0, 1.0],
                [0.637338, -0.099418, 0.764126, -0.012252, 0.408164, 0.884652, -0.225349, 0.066515, -0.653607, 0.455503, 0.604381, -0.072373, 0.0, 0.0, 0.0, 1.0],
                [0.572648, -0.014301, 0.819652, -0.015814, 0.15561, 0.983558, -0.091574, 0.066497, -0.804897, 0.179974, 0.565442, -0.086003, 0.0, 0.0, 0.0, 1.0],
                [0.411739, 0.025289, 0.910921, -0.018495, -0.090822, 0.995771, 0.013385, 0.066144, -0.906765, -0.088256, 0.412285, -0.096762, 0.0, 0.0, 0.0, 1.0],
                [0.228686, -0.001531, 0.973465, -0.020197, -0.278624, 0.95806, 0.066939, 0.065395, -0.932776, -0.286553, 0.218666, -0.103866, 0.0, 0.0, 0.0, 1.0],
                [0.083922, -0.049932, 0.995185, -0.020798, -0.401547, 0.912368, 0.079621, 0.064178, -0.911985, -0.406311, 0.056521, -0.106484, 0.0, 0.0, 0.0, 1.0],
                [-0.051875, -0.016425, 0.998482, -0.020801, -0.476494, 0.879116, -0.010306, 0.057187, -0.877646, -0.476322, -0.053422, -0.106615, 0.0, 0.0, 0.0, 1.0],
                [-0.16489, 0.087169, 0.982417, -0.020802, -0.534498, 0.829244, -0.163293, 0.044419, -0.828929, -0.552042, -0.090129, -0.106678, 0.0, 0.0, 0.0, 1.0],
                [-0.220996, 0.205129, 0.953423, -0.020802, -0.58126, 0.757317, -0.297666, 0.028444, -0.783133, -0.619986, -0.048115, -0.106695, 0.0, 0.0, 0.0, 1.0],
                [-0.207672, 0.317176, 0.925314, -0.020802, -0.625672, 0.684087, -0.374907, 0.01201, -0.751935, -0.656816, 0.056398, -0.106687, 0.0, 0.0, 0.0, 1.0],
                [-0.12151, 0.41768, 0.900396, -0.020801, -0.669084, 0.635602, -0.385139, -0.002628, -0.733185, -0.649254, 0.202246, -0.106675, 0.0, 0.0, 0.0, 1.0],
                [0.036196, 0.493802, 0.868783, -0.020801, -0.700747, 0.632369, -0.330238, -0.014004, -0.71249, -0.59686, 0.368932, -0.106674, 0.0, 0.0, 0.0, 1.0],
                [0.228496, 0.520779, 0.822508, -0.020801, -0.708691, 0.668251, -0.226249, -0.022903, -0.667492, -0.531224, 0.521774, -0.106658, 0.0, 0.0, 0.0, 1.0],
                [0.408308, 0.494145, 0.767498, -0.0208, -0.688383, 0.718869, -0.096646, -0.03176, -0.599511, -0.488889, 0.633691, -0.106638, 0.0, 0.0, 0.0, 1.0],
                [0.566876, 0.426294, 0.704901, -0.0208, -0.643761, 0.763148, 0.05615, -0.040256, -0.514026, -0.485635, 0.707052, -0.106616, 0.0, 0.0, 0.0, 1.0],
                [0.696229, 0.330961, 0.636947, -0.0208, -0.582189, 0.779426, 0.231337, -0.048262, -0.419905, -0.531904, 0.735353, -0.106594, 0.0, 0.0, 0.0, 1.0],
                [0.794682, 0.225131, 0.563718, -0.020799, -0.512251, 0.746983, 0.42376, -0.055698, -0.325698, -0.625535, 0.708951, -0.106572, 0.0, 0.0, 0.0, 1.0],
                [0.865627, 0.127361, 0.484207, -0.020799, -0.440953, 0.652018, 0.616753, -0.06249, -0.237171, -0.747405, 0.620581, -0.106552, 0.0, 0.0, 0.0, 1.0],
                [0.914587, 0.052738, 0.400927, -0.020799, -0.372673, 0.494806, 0.785004, -0.06856, -0.156987, -0.867381, 0.472215, -0.106533, 0.0, 0.0, 0.0, 1.0],
                [0.947029, 0.008414, 0.321033, -0.020799, -0.30953, 0.290375, 0.905441, -0.073824, -0.085605, -0.956858, 0.277619, -0.106517, 0.0, 0.0, 0.0, 1.0],
                [0.96743, -0.008082, 0.253006, -0.020798, -0.252159, 0.057173, 0.965972, -0.078181, -0.022272, -0.998316, 0.053296, -0.106504, 0.0, 0.0, 0.0, 1.0],
                [0.979115, -0.004956, 0.203239, -0.020798, -0.200396, -0.192025, 0.960691, -0.081509, 0.034267, -0.981365, -0.188981, -0.106493, 0.0, 0.0, 0.0, 1.0],
                [0.984415, 0.005925, 0.175756, -0.020798, -0.153732, -0.456352, 0.8764, -0.083655, 0.085403, -0.88977, -0.448299, -0.106486, 0.0, 0.0, 0.0, 1.0],
                [0.984879, 0.000555, 0.173234, -0.020798, -0.111609, -0.762789, 0.636929, -0.084426, 0.132499, -0.646644, -0.751159, -0.106484, 0.0, 0.0, 0.0, 1.0],
                [0.978347, -0.001147, 0.206961, -0.011944, -0.082121, -0.920054, 0.383073, -0.084428, 0.189983, -0.391789, -0.900192, -0.106484, 0.0, 0.0, 0.0, 1.0],
                [0.963275, 0.035661, 0.266127, 0.010427, -0.074733, -0.916375, 0.393268, -0.084429, 0.257906, -0.398729, -0.880023, -0.106484, 0.0, 0.0, 0.0, 1.0],
                [0.941638, 0.062669, 0.330729, 0.038655, -0.082285, -0.909862, 0.406654, -0.084428, 0.326414, -0.41015, -0.851572, -0.106484, 0.0, 0.0, 0.0, 1.0],
                [0.914439, 0.084377, 0.395815, 0.064949, -0.093563, -0.907461, 0.409569, -0.084427, 0.39376, -0.411575, -0.821892, -0.106484, 0.0, 0.0, 0.0, 1.0],
                [0.87923, 0.106464, 0.464332, 0.083211, -0.097212, -0.914106, 0.393634, -0.084426, 0.466374, -0.391247, -0.79333, -0.106484, 0.0, 0.0, 0.0, 1.0],
                [0.825346, 0.225538, 0.517605, 0.089752, -0.072228, -0.867051, 0.492943, -0.084426, 0.559989, -0.444244, -0.699298, -0.106484, 0.0, 0.0, 0.0, 1.0],
                [0.544672, 0.696783, 0.466676, 0.089757, 0.242379, -0.66353, 0.70779, -0.084426, 0.80286, -0.272391, -0.530277, -0.063069, 0.0, 0.0, 0.0, 1.0],
                [0.441326, 0.633802, 0.635197, 0.089754, 0.728214, -0.666601, 0.159198, -0.084426, 0.524342, 0.392329, -0.755724, 0.029833, 0.0, 0.0, 0.0, 1.0],
                [0.572917, 0.429063, 0.698301, 0.089752, 0.760724, -0.595499, -0.2582, -0.084426, 0.305065, 0.679176, -0.66756, 0.073248, 0.0, 0.0, 0.0, 1.0],
                [0.555244, 0.534214, 0.637397, 0.089752, 0.78174, -0.59683, -0.180736, -0.084426, 0.283875, 0.598665, -0.748995, 0.073248, 0.0, 0.0, 0.0, 1.0],
                [0.561734, 0.642137, 0.521608, 0.089752, 0.774201, -0.630288, -0.057793, -0.084426, 0.291662, 0.436324, -0.851192, 0.073248, 0.0, 0.0, 0.0, 1.0],
                [0.574105, 0.686826, 0.445687, 0.089752, 0.759197, -0.650397, 0.024385, -0.084426, 0.306633, 0.324393, -0.894827, 0.073248, 0.0, 0.0, 0.0, 1.0],
                [0.586441, 0.69741, 0.411911, 0.089752, 0.743336, -0.66541, 0.068357, -0.084426, 0.321774, 0.266128, -0.908628, 0.073248, 0.0, 0.0, 0.0, 1.0],
                [0.601923, 0.695194, 0.392886, 0.089752, 0.722024, -0.68398, 0.104131, -0.084426, 0.34113, 0.221021, -0.913645, 0.073248, 0.0, 0.0, 0.0, 1.0],
                [0.61754, 0.686826, 0.383251, 0.089752, 0.69874, -0.702782, 0.133605, -0.084426, 0.361118, 0.185313, -0.913903, 0.073248, 0.0, 0.0, 0.0, 1.0],
                [0.631933, 0.67518, 0.380474, 0.089752, 0.67546, -0.720529, 0.156791, -0.084426, 0.380018, 0.15794, -0.911376, 0.073248, 0.0, 0.0, 0.0, 1.0],
                [0.644512, 0.662107, 0.382343, 0.089752, 0.653468, -0.736644, 0.174144, -0.084426, 0.396967, 0.137637, -0.907434, 0.073248, 0.0, 0.0, 0.0, 1.0],
                [0.65507, 0.648647, 0.387439, 0.089752, 0.633648, -0.750946, 0.185907, -0.084426, 0.411549, 0.123744, -0.902927, 0.073248, 0.0, 0.0, 0.0, 1.0],
                [0.663587, 0.635605, 0.394497, 0.089752, 0.616629, -0.763317, 0.192635, -0.084426, 0.423582, 0.115454, -0.898449, 0.073248, 0.0, 0.0, 0.0, 1.0],
                [0.670109, 0.623684, 0.402421, 0.089752, 0.602896, -0.773605, 0.195046, -0.084426, 0.432978, 0.111941, -0.894405, 0.073248, 0.0, 0.0, 0.0, 1.0],
                [0.674674, 0.613592, 0.410232, 0.089752, 0.592888, -0.781571, 0.193966, -0.084426, 0.439657, 0.112383, -0.891085, 0.073248, 0.0, 0.0, 0.0, 1.0],
                [0.67644, 0.605376, 0.419427, 0.089752, 0.58893, -0.786593, 0.18554, -0.084426, 0.442256, 0.121532, -0.888595, 0.073248, 0.0, 0.0, 0.0, 1.0],
                [0.677278, 0.596268, 0.430963, 0.089752, 0.587042, -0.791075, 0.171974, -0.084426, 0.443483, 0.136545, -0.885799, 0.073248, 0.0, 0.0, 0.0, 1.0],
                [0.677746, 0.58691, 0.442906, 0.089752, 0.585987, -0.794997, 0.156814, -0.084426, 0.444161, 0.153284, -0.882715, 0.073248, 0.0, 0.0, 0.0, 1.0],
                [0.67801, 0.577436, 0.454795, 0.089752, 0.585395, -0.798388, 0.141001, -0.084426, 0.444538, 0.170661, -0.879331, 0.073248, 0.0, 0.0, 0.0, 1.0],
                [0.678148, 0.567957, 0.466378, 0.089752, 0.585092, -0.801264, 0.125042, -0.084426, 0.444727, 0.188104, -0.87567, 0.073247, 0.0, 0.0, 0.0, 1.0],
                [0.678202, 0.558573, 0.4775, 0.089752, 0.584981, -0.803649, 0.109265, -0.084426, 0.444791, 0.205252, -0.871777, 0.073247, 0.0, 0.0, 0.0, 1.0],
                [0.678199, 0.549391, 0.48804, 0.089752, 0.584998, -0.805572, 0.093931, -0.084426, 0.444773, 0.221825, -0.867717, 0.073248, 0.0, 0.0, 0.0, 1.0],
                [0.678159, 0.540487, 0.497938, 0.089752, 0.585101, -0.807079, 0.079202, -0.084426, 0.4447, 0.23766, -0.863553, 0.073248, 0.0, 0.0, 0.0, 1.0],
                [0.678094, 0.532079, 0.507, 0.089752, 0.585259, -0.808197, 0.065439, -0.084426, 0.444591, 0.252379, -0.859423, 0.073248, 0.0, 0.0, 0.0, 1.0],
                [0.678015, 0.524292, 0.51515, 0.089752, 0.585446, -0.808984, 0.052832, -0.084426, 0.444464, 0.265798, -0.855434, 0.073248, 0.0, 0.0, 0.0, 1.0],
                [0.677933, 0.517319, 0.522259, 0.089752, 0.585641, -0.809495, 0.041657, -0.084426, 0.444333, 0.277643, -0.851732, 0.073248, 0.0, 0.0, 0.0, 1.0],
                [0.677854, 0.511381, 0.528176, 0.089752, 0.585827, -0.80979, 0.032225, -0.084426, 0.444208, 0.287604, -0.848485, 0.073248, 0.0, 0.0, 0.0, 1.0],
                [0.677786, 0.506739, 0.532717, 0.089752, 0.585985, -0.809935, 0.024905, -0.084426, 0.444103, 0.295311, -0.845889, 0.073248, 0.0, 0.0, 0.0, 1.0],
                [0.677739, 0.503694, 0.535658, 0.089752, 0.586096, -0.809987, 0.020124, -0.084426, 0.444028, 0.300336, -0.844157, 0.073248, 0.0, 0.0, 0.0, 1.0],
                [0.677721, 0.502593, 0.536713, 0.089752, 0.586138, -0.809997, 0.0184, -0.084426, 0.444, 0.302145, -0.843526, 0.073248, 0.0, 0.0, 0.0, 1.0]
            ]
        },
        {
            "name": "Leg_R",
            "time": [0.0, 0.0167, 0.0333, 0.05, 0.0667, 0.0833, 0.1, 0.1167, 0.1333, 0.15, 0.1667, 0.1833, 0.2, 0.2167, 0.2333, 0.25, 0.2667, 0.2833, 0.3, 0.3167, 0.3333, 0.35, 0.3667, 0.3833, 0.4, 0.4167, 0.4333, 0.45, 0.4667, 0.4833, 0.5, 0.5167, 0.5333, 0.55, 0.5667, 0.5833, 0.6, 0.6167, 0.6333, 0.65, 0.6667, 0.6833, 0.7, 0.7167, 0.7333, 0.75, 0.7667, 0.7833, 0.8, 0.8167, 0.8333, 0.85, 0.8667, 0.8833, 0.9, 0.9167, 0.9333, 0.95, 0.9667, 0.9833, 1.0, 1.0167, 1.0333, 1.05, 1.0667, 1.0833, 1.1, 1.1167, 1.1333, 1.15, 1.1667, 1.1833, 1.2],
            "transform": [
                [0.999999, -0.001117, -0.001188, 0.0, 0.001232, 0.040278, 0.999173, 0.375166, -0.001069, -0.999206, 0.040288, -0.0, 0.0, 0.0, 0.0, 1.0],
                [0.999999, -0.001055, -0.000864, 0.0, 0.001164, 0.330331, 0.943848, 0.375166, -0.000711, -0.943886, 0.330344, 0.0, 0.0, 0.0, 0.0, 1.0],
                [1.0, -0.000283, -0.000151, -0.0, 0.000312, 0.967498, 0.25287, 0.375166, 7.5e-05, -0.252878, 0.967501, -0.0, 0.0, 0.0, 0.0, 1.0],
                [1.0, -6e-06, -0.000115, 0.0, 7e-06, 0.999986, 0.005378, 0.375166, 0.000115, -0.005366, 0.999986, 0.0, 0.0, 0.0, 0.0, 1.0],
                [1.0, -0.000769, -0.000421, 0.0, 0.000848, 0.72636, 0.687295, 0.375166, -0.000222, -0.68733, 0.726372, -0.0, 0.0, 0.0, 0.0, 1.0],
                [0.999999, -0.001003, -0.000739, -0.0, 0.001106, 0.441998, 0.896997, 0.375166, -0.000573, -0.897037, 0.442012, -0.0, 0.0, 0.0, 0.0, 1.0],
                [0.999999, -0.001073, -0.000917, -0.0, 0.001183, 0.282696, 0.959192, 0.375166, -0.00077, -0.959231, 0.282708, -0.0, 0.0, 0.0, 0.0, 1.0],
                [0.999999, -0.001083, -0.000955, -0.0, 0.001194, 0.249203, 0.968435, 0.375167, -0.000811, -0.968472, 0.249215, 1e-06, 0.0, 0.0, 0.0, 1.0],
                [0.999999, -0.001085, -0.000962, 0.0, 0.001197, 0.242286, 0.970188, 0.375166, -0.00082, -0.970225, 0.242298, -0.0, 0.0, 0.0, 0.0, 1.0],
                [0.999999, -0.001106, -0.001069, -0.0, 0.00122, 0.146885, 0.989137, 0.375167, -0.000937, -0.989173, 0.146896, 0.0, 0.0, 0.0, 0.0, 1.0],
                [0.999999, -0.001117, -0.001279, 0.0, 0.001232, -0.041051, 0.999141, 0.375166, -0.001169, -0.999173, -0.041041, -0.0, 0.0, 0.0, 0.0, 1.0],
                [0.999998, -0.001104, -0.001412, 1e-06, 0.001218, -0.159619, 0.987164, 0.375167, -0.001315, -0.987193, -0.15961, -0.0, 0.0, 0.0, 0.0, 1.0],
                [0.999998, -0.001101, -0.001426, -0.0, 0.001215, -0.172643, 0.984969, 0.375166, -0.001331, -0.984998, -0.172634, 0.0, 0.0, 0.0, 0.0, 1.0],
                [0.999998, -0.001114, -0.001327, 0.0, 0.001229, -0.084191, 0.996434, 0.375166, -0.001222, -0.996465, -0.084181, 0.0, 0.0, 0.0, 0.0, 1.0],
                [0.999999, -0.001114, -0.00114, -0.0, 0.001229, 0.083829, 0.996464, 0.375166, -0.001015, -0.996499, 0.083839, 1e-06, 0.0, 0.0, 0.0, 1.0],
                [0.999999, -0.001067, -0.000899, 0.0, 0.001177, 0.298857, 0.954281, 0.375166, -0.00075, -0.954318, 0.29887, -0.0, 0.0, 0.0, 0.0, 1.0],
                [0.999999, -0.000953, -0.000648, 0.0, 0.001051, 0.523112, 0.852245, 0.375167, -0.000473, -0.852284, 0.523126, -0.0, 0.0, 0.0, 0.0, 1.0],
                [0.999999, -0.000781, -0.000433, -0.0, 0.000861, 0.71591, 0.698173, 0.375166, -0.000235, -0.698208, 0.715922, -0.0, 0.0, 0.0, 0.0, 1.0],
                [1.0, -0.000612, -0.000297, -0.0, 0.000675, 0.837069, 0.54708, 0.375167, -8.6e-05, -0.547108, 0.837077, -0.0, 0.0, 0.0, 0.0, 1.0],
                [1.0, -0.000638, -0.000315, -1e-06, 0.000704, 0.821329, 0.570437, 0.375166, -0.000105, -0.570467, 0.821337, -0.0, 0.0, 0.0, 0.0, 1.0],
                [1.0, -0.000811, -0.000464, -0.0, 0.000895, 0.688036, 0.725656, 0.375166, -0.00027, -0.725693, 0.688048, -0.0, 0.0, 0.0, 0.0, 1.0],
                [0.999999, -0.000982, -0.000699, 1e-06, 0.001083, 0.47809, 0.878292, 0.375167, -0.000529, -0.878332, 0.478103, -0.0, 0.0, 0.0, 0.0, 1.0],
                [0.999999, -0.001085, -0.000963, -0.0, 0.001197, 0.242108, 0.970232, 0.375166, -0.00082, -0.97027, 0.24212, -0.0, 0.0, 0.0, 0.0, 1.0],
                [0.999999, -0.001118, -0.00121, 0.0, 0.001233, 0.021179, 0.999759, 0.375166, -0.001092, -0.999794, 0.021189, -0.0, 0.0, 0.0, 0.0, 1.0],
                [0.999999, -0.001104, -0.001413, -0.0, 0.001217, -0.160778, 0.986975, 0.375167, -0.001317, -0.987005, -0.160768, -0.0, 0.0, 0.0, 0.0, 1.0],
                [0.999998, -0.001063, -0.00158, 0.0, 0.001173, -0.309762, 0.950799, 0.375167, -0.0015, -0.950826, -0.309752, 0.0, 0.0, 0.0, 0.0, 1.0],
                [0.999998, -0.001016, -0.001699, -0.0, 0.001121, -0.416816, 0.908977, 0.375166, -0.001632, -0.909, -0.416805, -0.0, 0.0, 0.0, 0.0, 1.0],
                [0.999998, -0.000971, -0.001787, -0.0, 0.001071, -0.495465, 0.868616, 0.375166, -0.001729, -0.868635, -0.495453, -0.0, 0.0, 0.0, 0.0, 1.0],
                [0.999998, -0.000936, -0.001845, -0.0, 0.001032, -0.547115, 0.837046, 0.375166, -0.001793, -0.837064, -0.547102, -0.0, 0.0, 0.0, 0.0, 1.0],
                [0.999998, -0.00092, -0.001869, -0.0, 0.001014, -0.568698, 0.822536, 0.375167, -0.00182, -0.822553, -0.568685, -0.0, 0.0, 0.0, 0.0, 1.0],
                [0.999998, -0.00093, -0.001854, 0.0, 0.001026, -0.555325, 0.831622, 0.375167, -0.001803, -0.83164, -0.555313, 0.0, 0.0, 0.0, 0.0, 1.0],
                [0.999998, -0.000969, -0.001792, 0.0, 0.001068, -0.499822, 0.866117, 0.375165, -0.001735, -0.866136, -0.49981, -0.0, 0.0, 0.0, 0.0, 1.0],
                [0.999998, -0.001028, -0.001673, -0.0, 0.001134, -0.393333, 0.919383, 0.375166, -0.001603, -0.919406, -0.393322, -0.0, 0.0, 0.0, 0.0, 1.0],
                [0.999998, -0.00109, -0.001483, 0.0, 0.001202, -0.223488, 0.974692, 0.375166, -0.001394, -0.97472, -0.223479, 0.0, 0.0, 0.0, 0.0, 1.0],
                [0.999999, -0.001118, -0.001206, 0.0, 0.001233, 0.024736, 0.999678, 0.375166, -0.001088, -0.999711, 0.024746, -0.0, 0.0, 0.0, 0.0, 1.0],
                [0.999999, -0.001038, -0.000818, 0.0, 0.001145, 0.37159, 0.928379, 0.375166, -0.00066, -0.928417, 0.371603, 0.0, 0.0, 0.0, 0.0, 1.0],
                [1.0, -0.0006, -0.00029, -0.0, 0.000662, 0.843838, 0.536581, 0.375167, -7.8e-05, -0.536608, 0.843846, 0.0, 0.0, 0.0, 0.0, 1.0],
                [1.0, -5e-06, -0.000115, 0.0, 6e-06, 0.999991, 0.004562, 0.375166, 0.000115, -0.00455, 0.99999, 0.0, 0.0, 0.0, 0.0, 1.0],
                [1.0, -5e-06, -0.000115, -0.0, 6e-06, 0.99999, 0.004611, 0.375166, 0.000115, -0.004599, 0.99999, -0.0, 0.0, 0.0, 0.0, 1.0],
                [1.0, -5e-06, -0.000115, -0.0, 6e-06, 0.99999, 0.004642, 0.375166, 0.000115, -0.00463, 0.999989, 0.0, 0.0, 0.0, 0.0, 1.0],
                [1.0, -5e-06, -0.000115, 0.0, 6e-06, 0.99999, 0.004647, 0.375166, 0.000115, -0.004635, 0.99999, -0.0, 0.0, 0.0, 0.0, 1.0],
                [1.0, -5e-06, -0.000115, 0.0, 6e-06, 0.99999, 0.004615, 0.375167, 0.000115, -0.004603, 0.99999, 0.0, 0.0, 0.0, 0.0, 1.0],
                [1.0, -0.000365, -0.000176, 0.0, 0.000403, 0.945173, 0.326559, 0.375167, 4.7e-05, -0.326572, 0.945176, 1e-06, 0.0, 0.0, 0.0, 1.0],
                [0.999999, -0.001116, -0.00117, 0.0, 0.001231, 0.056644, 0.998379, 0.375166, -0.001048, -0.998412, 0.056654, 0.0, 0.0, 0.0, 0.0, 1.0],
                [0.999999, -0.001043, -0.00083, -0.0, 0.00115, 0.360883, 0.932593, 0.375166, -0.000673, -0.932632, 0.360896, -0.0, 0.0, 0.0, 0.0, 1.0],
                [1.0, -0.000759, -0.000412, 0.0, 0.000837, 0.734187, 0.678927, 0.375167, -0.000213, -0.678962, 0.734199, 0.0, 0.0, 0.0, 0.0, 1.0],
                [0.999999, -0.000953, -0.000649, -0.0, 0.001051, 0.522793, 0.85244, 0.375166, -0.000474, -0.85248, 0.522806, 0.0, 0.0, 0.0, 0.0, 1.0],
                [0.999999, -0.001092, -0.000994, 0.0, 0.001205, 0.214362, 0.976737, 0.375166, -0.000854, -0.976775, 0.214374, -0.0, 0.0, 0.0, 0.0, 1.0],
                [0.999999, -0.001117, -0.001186, -0.0, 0.001232, 0.041977, 0.999102, 0.375166, -0.001067, -0.999137, 0.041987, 1e-06, 0.0, 0.0, 0.0, 1.0],
                [0.999999, -0.001118, -0.001258, -0.0, 0.001233, -0.021819, 0.999746, 0.375166, -0.001145, -0.999779, -0.021809, -0.0, 0.0, 0.0, 0.0, 1.0],
                [0.999999, -0.001117, -0.001285, -0.0, 0.001232, -0.046521, 0.998901, 0.375166, -0.001176, -0.998934, -0.046511, 0.0, 0.0, 0.0, 0.0, 1.0],
                [0.999999, -0.001117, -0.001288, -0.0, 0.001232, -0.048956, 0.998785, 0.375166, -0.001179, -0.998818, -0.048946, -0.0, 0.0, 0.0, 0.0, 1.0],
                [0.999999, -0.001118, -0.001274, -0.0, 0.001232, -0.036351, 0.999323, 0.375166, -0.001163, -0.999356, -0.036341, 0.0, 0.0, 0.0, 0.0, 1.0],
                [0.999999, -0.001118, -0.001249, -0.0, 0.001233, -0.01417, 0.999883, 0.375166, -0.001136, -0.999917, -0.01416, 1e-06, 0.0, 0.0, 0.0, 1.0],
                [0.999999, -0.001118, -0.001217, 0.0, 0.001233, 0.01415, 0.999884, 0.375166, -0.001101, -0.999918, 0.014161, -0.0, 0.0, 0.0, 0.0, 1.0],
                [0.999999, -0.001117, -0.001182, -0.0, 0.001232, 0.045484, 0.998949, 0.375166, -0.001062, -0.998983, 0.045494, 0.0, 0.0, 0.0, 0.0, 1.0],
                [0.999999, -0.001115, -0.001147, -0.0, 0.00123, 0.076912, 0.997021, 0.375166, -0.001023, -0.997057, 0.076923, -0.0, 0.0, 0.0, 0.0, 1.0],
                [0.999999, -0.001112, -0.001115, 0.0, 0.001226, 0.105555, 0.994397, 0.375166, -0.000988, -0.994433, 0.105566, 0.0, 0.0, 0.0, 0.0, 1.0],
                [0.999999, -0.001108, -0.001084, 0.0, 0.001222, 0.133335, 0.991054, 0.375166, -0.000954, -0.99109, 0.133346, -0.0, 0.0, 0.0, 0.0, 1.0],
                [0.999999, -0.001103, -0.001047, 0.0, 0.001216, 0.166206, 0.986074, 0.375166, -0.000913, -0.986111, 0.166217, -0.0, 0.0, 0.0, 0.0, 1.0],
                [0.999999, -0.001096, -0.00101, 0.0, 0.001208, 0.200086, 0.979762, 0.375166, -0.000872, -0.979798, 0.200098, -0.0, 0.0, 0.0, 0.0, 1.0],
                [0.999999, -0.001087, -0.000972, -0.0, 0.001199, 0.233991, 0.972222, 0.375166, -0.00083, -0.972259, 0.234003, 1e-06, 0.0, 0.0, 0.0, 1.0],
                [0.999999, -0.001078, -0.000934, -0.0, 0.001188, 0.267306, 0.963594, 0.375166, -0.000789, -0.963633, 0.267318, 1e-06, 0.0, 0.0, 0.0, 1.0],
                [0.999999, -0.001067, -0.000898, 0.0, 0.001177, 0.299598, 0.954048, 0.375166, -0.000749, -0.954087, 0.29961, 1e-06, 0.0, 0.0, 0.0, 1.0],
                [0.999999, -0.001055, -0.000864, 0.0, 0.001164, 0.330483, 0.943794, 0.375166, -0.000711, -0.943833, 0.330496, -0.0, 0.0, 0.0, 0.0, 1.0],
                [0.999999, -0.001043, -0.000831, -0.0, 0.001151, 0.359747, 0.933032, 0.375166, -0.000675, -0.933071, 0.35976, -0.0, 0.0, 0.0, 0.0, 1.0],
                [0.999999, -0.001031, -0.000801, -0.0, 0.001137, 0.386747, 0.922168, 0.375166, -0.000641, -0.922207, 0.386761, -0.0, 0.0, 0.0, 0.0, 1.0],
                [0.999999, -0.001019, -0.000773, -0.0, 0.001124, 0.411197, 0.911528, 0.375166, -0.000611, -0.911567, 0.411211, 0.0, 0.0, 0.0, 0.0, 1.0],
                [0.999999, -0.001008, -0.000749, 0.0, 0.001112, 0.432644, 0.901546, 0.375166, -0.000585, -0.901586, 0.432657, 0.0, 0.0, 0.0, 0.0, 1.0],
                [0.999999, -0.000998, -0.000729, -0.0, 0.001101, 0.450573, 0.892721, 0.375166, -0.000563, -0.89276, 0.450587, -0.0, 0.0, 0.0, 0.0, 1.0],
                [0.999999, -0.00099, -0.000714, -0.0, 0.001092, 0.464377, 0.885619, 0.375166, -0.000546, -0.885658, 0.46439, -0.0, 0.0, 0.0, 0.0, 1.0],
                [0.999999, -0.000985, -0.000704, -0.0, 0.001086, 0.473333, 0.880865, 0.375166, -0.000534, -0.880904, 0.473347, -0.0, 0.0, 0.0, 0.0, 1.0],
                [0.999999, -0.000983, -0.0007, -1e-06, 0.001084, 0.47655, 0.879129, 0.375166, -0.000531, -0.879168, 0.476563, 1e-06, 0.0, 0.0, 0.0, 1.0]
            ]
        },
        {
            "name": "Knee_R",
            "time": [0.0, 0.0167, 0.0333, 0.05, 0.0667, 0.0833, 0.1, 0.1167, 0.1333, 0.15, 0.1667, 0.1833, 0.2, 0.2167, 0.2333, 0.25, 0.2667, 0.2833, 0.3, 0.3167, 0.3333, 0.35, 0.3667, 0.3833, 0.4, 0.4167, 0.4333, 0.45, 0.4667, 0.4833, 0.5, 0.5167, 0.5333, 0.55, 0.5667, 0.5833, 0.6, 0.6167, 0.6333, 0.65, 0.6667, 0.6833, 0.7, 0.7167, 0.7333, 0.75, 0.7667, 0.7833, 0.8, 0.8167, 0.8333, 0.85, 0.8667, 0.8833, 0.9, 0.9167, 0.9333, 0.95, 0.9667, 0.9833, 1.0, 1.0167, 1.0333, 1.05, 1.0667, 1.0833, 1.1, 1.1167, 1.1333, 1.15, 1.1667, 1.1833, 1.2],
            "transform": [
                [1.0, -5.7e-05, 5.4e-05, 0.0, 5.7e-05, 0.048757, -0.998811, 0.375166, 5.4e-05, 0.998811, 0.048757, -0.0, 0.0, 0.0, 0.0, 1.0],
                [1.0, -5.7e-05, 5.4e-05, 0.0, 5.7e-05, 0.048757, -0.998811, 0.375166, 5.4e-05, 0.998811, 0.048757, 0.0, 0.0, 0.0, 0.0, 1.0],
                [1.0, -5.7e-05, 5.4e-05, -0.0, 5.7e-05, 0.048757, -0.998811, 0.375166, 5.4e-05, 0.998811, 0.048757, -0.0, 0.0, 0.0, 0.0, 1.0],
                [1.0, -5.7e-05, 5.4e-05, 0.0, 5.7e-05, 0.048757, -0.998811, 0.375166, 5.4e-05, 0.998811, 0.048757, 0.0, 0.0, 0.0, 0.0, 1.0],
                [1.0, -5.7e-05, 5.4e-05, 0.0, 5.7e-05, 0.048757, -0.998811, 0.375166, 5.4e-05, 0.998811, 0.048757, -0.0, 0.0, 0.0, 0.0, 1.0],
                [1.0, -5.7e-05, 5.4e-05, -0.0, 5.7e-05, 0.048757, -0.998811, 0.375166, 5.4e-05, 0.998811, 0.048757, -0.0, 0.0, 0.0, 0.0, 1.0],
                [1.0, -5.7e-05, 5.4e-05, -0.0, 5.7e-05, 0.048757, -0.998811, 0.375166, 5.4e-05, 0.998811, 0.048757, -0.0, 0.0, 0.0, 0.0, 1.0],
                [1.0, -5.7e-05, 5.4e-05, -0.0, 5.7e-05, 0.048757, -0.998811, 0.375167, 5.4e-05, 0.998811, 0.048757, 1e-06, 0.0, 0.0, 0.0, 1.0],
                [1.0, -5.7e-05, 5.4e-05, 0.0, 5.7e-05, 0.048757, -0.998811, 0.375166, 5.4e-05, 0.998811, 0.048757, -0.0, 0.0, 0.0, 0.0, 1.0],
                [1.0, -5.7e-05, 5.4e-05, -0.0, 5.7e-05, 0.048757, -0.998811, 0.375167, 5.4e-05, 0.998811, 0.048757, 0.0, 0.0, 0.0, 0.0, 1.0],
                [1.0, -5.7e-05, 5.4e-05, 0.0, 5.7e-05, 0.048757, -0.998811, 0.375166, 5.4e-05, 0.998811, 0.048757, -0.0, 0.0, 0.0, 0.0, 1.0],
                [1.0, -5.7e-05, 5.4e-05, 1e-06, 5.7e-05, 0.048757, -0.998811, 0.375167, 5.4e-05, 0.998811, 0.048757, -0.0, 0.0, 0.0, 0.0, 1.0],
                [1.0, -5.7e-05, 5.4e-05, -0.0, 5.7e-05, 0.048757, -0.998811, 0.375166, 5.4e-05, 0.998811, 0.048757, 0.0, 0.0, 0.0, 0.0, 1.0],
                [1.0, -5.7e-05, 5.4e-05, 0.0, 5.7e-05, 0.048757, -0.998811, 0.375166, 5.4e-05, 0.998811, 0.048757, 0.0, 0.0, 0.0, 0.0, 1.0],
                [1.0, -5.7e-05, 5.4e-05, -0.0, 5.7e-05, 0.048757, -0.998811, 0.375166, 5.4e-05, 0.998811, 0.048757, 1e-06, 0.0, 0.0, 0.0, 1.0],
                [1.0, -5.7e-05, 5.4e-05, 0.0, 5.7e-05, 0.048757, -0.998811, 0.375166, 5.4e-05, 0.998811, 0.048757, -0.0, 0.0, 0.0, 0.0, 1.0],
                [1.0, -5.7e-05, 5.4e-05, 0.0, 5.7e-05, 0.048757, -0.998811, 0.375167, 5.4e-05, 0.998811, 0.048757, -0.0, 0.0, 0.0, 0.0, 1.0],
                [1.0, -5.7e-05, 5.4e-05, -0.0, 5.7e-05, 0.048757, -0.998811, 0.375166, 5.4e-05, 0.998811, 0.048757, -0.0, 0.0, 0.0, 0.0, 1.0],
                [1.0, -5.7e-05, 5.4e-05, -0.0, 5.7e-05, 0.048757, -0.998811, 0.375167, 5.4e-05, 0.998811, 0.048757, -0.0, 0.0, 0.0, 0.0, 1.0],
                [1.0, -5.7e-05, 5.4e-05, -1e-06, 5.7e-05, 0.048757, -0.998811, 0.375166, 5.4e-05, 0.998811, 0.048757, -0.0, 0.0, 0.0, 0.0, 1.0],
                [1.0, -5.7e-05, 5.4e-05, -0.0, 5.7e-05, 0.048757, -0.998811, 0.375166, 5.4e-05, 0.998811, 0.048757, -0.0, 0.0, 0.0, 0.0, 1.0],
                [1.0, -5.7e-05, 5.4e-05, 1e-06, 5.7e-05, 0.048757, -0.998811, 0.375167, 5.4e-05, 0.998811, 0.048757, -0.0, 0.0, 0.0, 0.0, 1.0],
                [1.0, -5.7e-05, 5.4e-05, -0.0, 5.7e-05, 0.048757, -0.998811, 0.375166, 5.4e-05, 0.998811, 0.048757, -0.0, 0.0, 0.0, 0.0, 1.0],
                [1.0, -5.7e-05, 5.4e-05, 0.0, 5.7e-05, 0.048757, -0.998811, 0.375166, 5.4e-05, 0.998811, 0.048757, -0.0, 0.0, 0.0, 0.0, 1.0],
                [1.0, -5.7e-05, 5.4e-05, -0.0, 5.7e-05, 0.048757, -0.998811, 0.375167, 5.4e-05, 0.998811, 0.048757, -0.0, 0.0, 0.0, 0.0, 1.0],
                [1.0, -5.7e-05, 5.4e-05, 0.0, 5.7e-05, 0.048757, -0.998811, 0.375167, 5.4e-05, 0.998811, 0.048757, 0.0, 0.0, 0.0, 0.0, 1.0],
                [1.0, -5.7e-05, 5.4e-05, -0.0, 5.7e-05, 0.048757, -0.998811, 0.375166, 5.4e-05, 0.998811, 0.048757, -0.0, 0.0, 0.0, 0.0, 1.0],
                [1.0, -5.7e-05, 5.4e-05, -0.0, 5.7e-05, 0.048757, -0.998811, 0.375166, 5.4e-05, 0.998811, 0.048757, -0.0, 0.0, 0.0, 0.0, 1.0],
                [1.0, -5.7e-05, 5.4e-05, -0.0, 5.7e-05, 0.048757, -0.998811, 0.375166, 5.4e-05, 0.998811, 0.048757, -0.0, 0.0, 0.0, 0.0, 1.0],
                [1.0, -5.7e-05, 5.4e-05, -0.0, 5.7e-05, 0.048757, -0.998811, 0.375167, 5.4e-05, 0.998811, 0.048757, -0.0, 0.0, 0.0, 0.0, 1.0],
                [1.0, -5.7e-05, 5.4e-05, 0.0, 5.7e-05, 0.048757, -0.998811, 0.375167, 5.4e-05, 0.998811, 0.048757, 0.0, 0.0, 0.0, 0.0, 1.0],
                [1.0, -5.7e-05, 5.4e-05, 0.0, 5.7e-05, 0.048757, -0.998811, 0.375165, 5.4e-05, 0.998811, 0.048757, -0.0, 0.0, 0.0, 0.0, 1.0],
                [1.0, -5.7e-05, 5.4e-05, -0.0, 5.7e-05, 0.048757, -0.998811, 0.375166, 5.4e-05, 0.998811, 0.048757, -0.0, 0.0, 0.0, 0.0, 1.0],
                [1.0, -5.7e-05, 5.4e-05, 0.0, 5.7e-05, 0.048757, -0.998811, 0.375166, 5.4e-05, 0.998811, 0.048757, 0.0, 0.0, 0.0, 0.0, 1.0],
                [1.0, -5.7e-05, 5.4e-05, 0.0, 5.7e-05, 0.048757, -0.998811, 0.375166, 5.4e-05, 0.998811, 0.048757, -0.0, 0.0, 0.0, 0.0, 1.0],
                [1.0, -5.7e-05, 5.4e-05, 0.0, 5.7e-05, 0.048757, -0.998811, 0.375166, 5.4e-05, 0.998811, 0.048757, 0.0, 0.0, 0.0, 0.0, 1.0],
                [1.0, -5.7e-05, 5.4e-05, -0.0, 5.7e-05, 0.048757, -0.998811, 0.375167, 5.4e-05, 0.998811, 0.048757, 0.0, 0.0, 0.0, 0.0, 1.0],
                [1.0, -5.7e-05, 5.4e-05, 0.0, 5.7e-05, 0.048757, -0.998811, 0.375166, 5.4e-05, 0.998811, 0.048757, 0.0, 0.0, 0.0, 0.0, 1.0],
                [1.0, -5.7e-05, 5.4e-05, -0.0, 5.7e-05, 0.048757, -0.998811, 0.375166, 5.4e-05, 0.998811, 0.048757, -0.0, 0.0, 0.0, 0.0, 1.0],
                [1.0, -5.7e-05, 5.4e-05, -0.0, 5.7e-05, 0.048757, -0.998811, 0.375166, 5.4e-05, 0.998811, 0.048757, 0.0, 0.0, 0.0, 0.0, 1.0],
                [1.0, -5.7e-05, 5.4e-05, 0.0, 5.7e-05, 0.048757, -0.998811, 0.375166, 5.4e-05, 0.998811, 0.048757, -0.0, 0.0, 0.0, 0.0, 1.0],
                [1.0, -5.7e-05, 5.4e-05, 0.0, 5.7e-05, 0.048757, -0.998811, 0.375167, 5.4e-05, 0.998811, 0.048757, 0.0, 0.0, 0.0, 0.0, 1.0],
                [1.0, -5.7e-05, 5.4e-05, 0.0, 5.7e-05, 0.048757, -0.998811, 0.375167, 5.4e-05, 0.998811, 0.048757, 1e-06, 0.0, 0.0, 0.0, 1.0],
                [1.0, -5.7e-05, 5.4e-05, 0.0, 5.7e-05, 0.048757, -0.998811, 0.375166, 5.4e-05, 0.998811, 0.048757, 0.0, 0.0, 0.0, 0.0, 1.0],
