{
    "animation": [
        {
            "name": "Root",
            "time": [0.0, 0.0167, 0.0333, 0.05, 0.0667, 0.0833, 0.1, 0.1167, 0.1333, 0.15, 0.1667, 0.1833, 0.2, 0.2167, 0.2333, 0.25, 0.2667, 0.2833, 0.3, 0.3167, 0.3333, 0.35, 0.3667, 0.3833, 0.4, 0.4167, 0.4333, 0.45, 0.4667, 0.4833, 0.5, 0.5167, 0.5333, 0.55, 0.5667, 0.5833, 0.6, 0.6167, 0.6333, 0.65, 0.6667, 0.6833, 0.7, 0.7167, 0.7333, 0.75, 0.7667, 0.7833, 0.8, 0.8167, 0.8333, 0.85, 0.8667, 0.8833, 0.9, 0.9167, 0.9333, 0.95, 0.9667, 0.9833, 1.0, 1.0167, 1.0333, 1.05, 1.0667, 1.0833, 1.1, 1.1167, 1.1333, 1.15, 1.1667, 1.1833, 1.2, 1.2167, 1.2333, 1.25, 1.2667, 1.2833, 1.3, 1.3167, 1.3333, 1.35, 1.3667, 1.3833, 1.4, 1.4167, 1.4333, 1.45, 1.4667, 1.4833, 1.5, 1.5167, 1.5333, 1.55, 1.5667, 1.5833, 1.6, 1.6167, 1.6333, 1.65, 1.6667, 1.6833, 1.7, 1.7167, 1.7333, 1.75, 1.7667, 1.7833, 1.8, 1.8167, 1.8333, 1.85, 1.8667, 1.8833, 1.9, 1.9167, 1.9333, 1.95, 1.9667, 1.9833, 2.0],
            "transform": [
                [1.0, 0.0, -0.0, -5e-06, -0.0, 0.0, -1.0, 0.000946, 0.0, 1.0, 0.0, 0.685349, 0.0, 0.0, 0.0, 1.0],
                [1.0, 0.0, -0.0, 0.009284, -0.0, 0.0, -1.0, 0.037278, 0.0, 1.0, 0.0, 0.69241, 0.0, 0.0, 0.0, 1.0],
                [1.0, 0.0, -0.0, 0.03472, -0.0, 0.0, -1.0, 0.133426, 0.0, 1.0, 0.0, 0.70752, 0.0, 0.0, 0.0, 1.0],
                [1.0, 0.0, -0.0, 0.061151, -0.0, 0.0, -1.0, 0.226487, 0.0, 1.0, 0.0, 0.714581, 0.0, 0.0, 0.0, 1.0],
                [1.0, 0.0, -0.0, 0.088099, -0.0, 0.0, -1.0, 0.306276, 0.0, 1.0, 0.0, 0.695567, 0.0, 0.0, 0.0, 1.0],
                [1.0, 0.0, -0.0, 0.121687, -0.0, 0.0, -1.0, 0.393575, 0.0, 1.0, 0.0, 0.639466, 0.0, 0.0, 0.0, 1.0],
                [1.0, 0.0, -0.0, 0.154197, -0.0, 0.0, -1.0, 0.477534, 0.0, 1.0, 0.0, 0.560605, 0.0, 0.0, 0.0, 1.0],
                [1.0, 0.0, -0.0, 0.176208, -0.0, 0.0, -1.0, 0.545599, 0.0, 1.0, 0.0, 0.4859, 0.0, 0.0, 0.0, 1.0],
                [1.0, 0.0, -0.0, 0.183461, -0.0, 0.0, -1.0, 0.592663, 0.0, 1.0, 0.0, 0.435231, 0.0, 0.0, 0.0, 1.0],
                [1.0, 0.0, -0.0, 0.181989, -0.0, 0.0, -1.0, 0.625017, 0.0, 1.0, 0.0, 0.401232, 0.0, 0.0, 0.0, 1.0],
                [1.0, 0.0, -0.0, 0.177375, -0.0, 0.0, -1.0, 0.647703, 0.0, 1.0, 0.0, 0.372341, 0.0, 0.0, 0.0, 1.0],
                [1.0, 0.0, -0.0, 0.169685, -0.0, 0.0, -1.0, 0.661225, 0.0, 1.0, 0.0, 0.350014, 0.0, 0.0, 0.0, 1.0],
                [1.0, 0.0, -0.0, 0.159701, -0.0, 0.0, -1.0, 0.668353, 0.0, 1.0, 0.0, 0.334939, 0.0, 0.0, 0.0, 1.0],
                [1.0, 0.0, -0.0, 0.148788, -0.0, 0.0, -1.0, 0.673584, 0.0, 1.0, 0.0, 0.326419, 0.0, 0.0, 0.0, 1.0],
                [1.0, 0.0, -0.0, 0.138302, -0.0, 0.0, -1.0, 0.681169, 0.0, 1.0, 0.0, 0.32268, 0.0, 0.0, 0.0, 1.0],
                [1.0, 0.0, -0.0, 0.129101, -0.0, 0.0, -1.0, 0.693644, 0.0, 1.0, 0.0, 0.321792, 0.0, 0.0, 0.0, 1.0],
                [1.0, 0.0, -0.0, 0.121194, -0.0, 0.0, -1.0, 0.70571, 0.0, 1.0, 0.0, 0.322073, 0.0, 0.0, 0.0, 1.0],
                [1.0, 0.0, -0.0, 0.114008, -0.0, 0.0, -1.0, 0.71275, 0.0, 1.0, 0.0, 0.324448, 0.0, 0.0, 0.0, 1.0],
                [1.0, 0.0, -0.0, 0.106717, -0.0, 0.0, -1.0, 0.719247, 0.0, 1.0, 0.0, 0.331932, 0.0, 0.0, 0.0, 1.0],
                [1.0, 0.0, -0.0, 0.098182, -0.0, 0.0, -1.0, 0.731711, 0.0, 1.0, 0.0, 0.34731, 0.0, 0.0, 0.0, 1.0],
                [1.0, 0.0, -0.0, 0.087576, -0.0, 0.0, -1.0, 0.755152, 0.0, 1.0, 0.0, 0.371379, 0.0, 0.0, 0.0, 1.0],
                [1.0, 0.0, -0.0, 0.074741, -0.0, 0.0, -1.0, 0.79085, 0.0, 1.0, 0.0, 0.402917, 0.0, 0.0, 0.0, 1.0],
                [1.0, 0.0, -0.0, 0.055486, -0.0, 0.0, -1.0, 0.866773, 0.0, 1.0, 0.0, 0.460228, 0.0, 0.0, 0.0, 1.0],
                [1.0, 0.0, -0.0, 0.029244, -0.0, 0.0, -1.0, 0.998863, 0.0, 1.0, 0.0, 0.554681, 0.0, 0.0, 0.0, 1.0],
                [1.0, 0.0, -0.0, 0.007612, -0.0, 0.0, -1.0, 1.132425, 0.0, 1.0, 0.0, 0.650479, 0.0, 0.0, 0.0, 1.0],
                [1.0, 0.0, -0.0, -5e-06, -0.0, 0.0, -1.0, 1.212066, 0.0, 1.0, 0.0, 0.711184, 0.0, 0.0, 0.0, 1.0],
                [1.0, 0.0, -0.0, -5e-06, -0.0, 0.0, -1.0, 1.245551, 0.0, 1.0, 0.0, 0.745625, 0.0, 0.0, 0.0, 1.0],
                [1.0, 0.0, -0.0, -5e-06, -0.0, 0.0, -1.0, 1.256431, 0.0, 1.0, 0.0, 0.769641, 0.0, 0.0, 0.0, 1.0],
                [1.0, 0.0, -0.0, -5e-06, -0.0, 0.0, -1.0, 1.257357, 0.0, 1.0, 0.0, 0.782167, 0.0, 0.0, 0.0, 1.0],
                [1.0, 0.0, -0.0, -5e-06, -0.0, 0.0, -1.0, 1.268236, 0.0, 1.0, 0.0, 0.786215, 0.0, 0.0, 0.0, 1.0],
                [1.0, 0.0, -0.0, -5e-06, -0.0, 0.0, -1.0, 1.301722, 0.0, 1.0, 0.0, 0.786684, 0.0, 0.0, 0.0, 1.0],
                [1.0, 0.0, -0.0, -0.031953, -0.0, 0.0, -1.0, 1.475492, 0.0, 1.0, 0.0, 0.707473, 0.0, 0.0, 0.0, 1.0],
                [1.0, 0.0, -0.0, -0.11552, -0.0, 0.0, -1.0, 1.851278, 0.0, 1.0, 0.0, 0.500279, 0.0, 0.0, 0.0, 1.0],
                [1.0, 0.0, -0.0, -0.199087, -0.0, 0.0, -1.0, 2.214814, 0.0, 1.0, 0.0, 0.293084, 0.0, 0.0, 0.0, 1.0],
                [1.0, 0.0, -0.0, -0.231035, -0.0, 0.0, -1.0, 2.357658, 0.0, 1.0, 0.0, 0.213873, 0.0, 0.0, 0.0, 1.0],
                [1.0, 0.0, -0.0, -0.231035, -0.0, 0.0, -1.0, 2.471803, 0.0, 1.0, 0.0, 0.214174, 0.0, 0.0, 0.0, 1.0],
                [1.0, 0.0, -0.0, -0.231035, -0.0, 0.0, -1.0, 2.704001, 0.0, 1.0, 0.0, 0.216823, 0.0, 0.0, 0.0, 1.0],
                [1.0, 0.0, -0.0, -0.231035, -0.0, 0.0, -1.0, 2.81195, 0.0, 1.0, 0.0, 0.224492, 0.0, 0.0, 0.0, 1.0],
                [1.0, 0.0, -0.0, -0.231035, -0.0, 0.0, -1.0, 2.812131, 0.0, 1.0, 0.0, 0.237467, 0.0, 0.0, 0.0, 1.0],
                [1.0, 0.0, -0.0, -0.222223, -0.0, 0.0, -1.0, 2.768067, 0.0, 1.0, 0.0, 0.272588, 0.0, 0.0, 0.0, 1.0],
                [1.0, 0.0, -0.0, -0.200651, -0.0, 0.0, -1.0, 2.667927, 0.0, 1.0, 0.0, 0.330417, 0.0, 0.0, 0.0, 1.0],
                [1.0, 0.0, -0.0, -0.18347, -0.0, 0.0, -1.0, 2.605834, 0.0, 1.0, 0.0, 0.365218, 0.0, 0.0, 0.0, 1.0],
                [1.0, 0.0, -0.0, -0.172716, -0.0, 0.0, -1.0, 2.584181, 0.0, 1.0, 0.0, 0.379065, 0.0, 0.0, 0.0, 1.0],
                [1.0, 0.0, -0.0, -0.162535, -0.0, 0.0, -1.0, 2.566686, 0.0, 1.0, 0.0, 0.390973, 0.0, 0.0, 0.0, 1.0],
                [1.0, 0.0, -0.0, -0.153264, -0.0, 0.0, -1.0, 2.553589, 0.0, 1.0, 0.0, 0.400599, 0.0, 0.0, 0.0, 1.0],
                [1.0, 0.0, -0.0, -0.145276, -0.0, 0.0, -1.0, 2.544656, 0.0, 1.0, 0.0, 0.407737, 0.0, 0.0, 0.0, 1.0],
                [1.0, 0.0, -0.0, -0.138879, -0.0, 0.0, -1.0, 2.539034, 0.0, 1.0, 0.0, 0.412458, 0.0, 0.0, 0.0, 1.0],
                [1.0, 0.0, -0.0, -0.134209, -0.0, 0.0, -1.0, 2.535367, 0.0, 1.0, 0.0, 0.415144, 0.0, 0.0, 0.0, 1.0],
                [1.0, 0.0, -0.0, -0.131187, -0.0, 0.0, -1.0, 2.532186, 0.0, 1.0, 0.0, 0.416385, 0.0, 0.0, 0.0, 1.0],
                [1.0, 0.0, -0.0, -0.129582, -0.0, 0.0, -1.0, 2.528302, 0.0, 1.0, 0.0, 0.416784, 0.0, 0.0, 0.0, 1.0],
                [1.0, 0.0, -0.0, -0.12911, -0.0, 0.0, -1.0, 2.522965, 0.0, 1.0, 0.0, 0.416834, 0.0, 0.0, 0.0, 1.0],
                [1.0, 0.0, -0.0, -0.129264, -0.0, 0.0, -1.0, 2.51687, 0.0, 1.0, 0.0, 0.416821, 0.0, 0.0, 0.0, 1.0],
                [1.0, 0.0, -0.0, -0.12975, -0.0, 0.0, -1.0, 2.511066, 0.0, 1.0, 0.0, 0.41674, 0.0, 0.0, 0.0, 1.0],
                [1.0, 0.0, -0.0, -0.130597, -0.0, 0.0, -1.0, 2.50565, 0.0, 1.0, 0.0, 0.416514, 0.0, 0.0, 0.0, 1.0],
                [1.0, 0.0, -0.0, -0.131818, -0.0, 0.0, -1.0, 2.500727, 0.0, 1.0, 0.0, 0.416047, 0.0, 0.0, 0.0, 1.0],
                [1.0, 0.0, -0.0, -0.133406, -0.0, 0.0, -1.0, 2.496404, 0.0, 1.0, 0.0, 0.415228, 0.0, 0.0, 0.0, 1.0],
                [1.0, 0.0, -0.0, -0.135323, -0.0, 0.0, -1.0, 2.492761, 0.0, 1.0, 0.0, 0.413953, 0.0, 0.0, 0.0, 1.0],
                [1.0, 0.0, -0.0, -0.137503, -0.0, 0.0, -1.0, 2.489838, 0.0, 1.0, 0.0, 0.412137, 0.0, 0.0, 0.0, 1.0],
                [1.0, 0.0, -0.0, -0.13986, -0.0, 0.0, -1.0, 2.487625, 0.0, 1.0, 0.0, 0.409734, 0.0, 0.0, 0.0, 1.0],
                [1.0, 0.0, -0.0, -0.142308, -0.0, 0.0, -1.0, 2.486064, 0.0, 1.0, 0.0, 0.406743, 0.0, 0.0, 0.0, 1.0],
                [1.0, 0.0, -0.0, -0.144766, -0.0, 0.0, -1.0, 2.485068, 0.0, 1.0, 0.0, 0.403197, 0.0, 0.0, 0.0, 1.0],
                [1.0, 0.0, -0.0, -0.147175, -0.0, 0.0, -1.0, 2.484539, 0.0, 1.0, 0.0, 0.399156, 0.0, 0.0, 0.0, 1.0],
                [1.0, 0.0, -0.0, -0.149495, -0.0, 0.0, -1.0, 2.484381, 0.0, 1.0, 0.0, 0.394685, 0.0, 0.0, 0.0, 1.0],
                [1.0, 0.0, -0.0, -0.152023, -0.0, 0.0, -1.0, 2.484763, 0.0, 1.0, 0.0, 0.389174, 0.0, 0.0, 0.0, 1.0],
                [1.0, 0.0, -0.0, -0.155063, -0.0, 0.0, -1.0, 2.485934, 0.0, 1.0, 0.0, 0.381994, 0.0, 0.0, 0.0, 1.0],
                [1.0, 0.0, -0.0, -0.158562, -0.0, 0.0, -1.0, 2.487911, 0.0, 1.0, 0.0, 0.373274, 0.0, 0.0, 0.0, 1.0],
                [1.0, 0.0, -0.0, -0.162412, -0.0, 0.0, -1.0, 2.490661, 0.0, 1.0, 0.0, 0.363298, 0.0, 0.0, 0.0, 1.0],
                [1.0, 0.0, -0.0, -0.16645, -0.0, 0.0, -1.0, 2.494082, 0.0, 1.0, 0.0, 0.352532, 0.0, 0.0, 0.0, 1.0],
                [1.0, 0.0, -0.0, -0.170462, -0.0, 0.0, -1.0, 2.498003, 0.0, 1.0, 0.0, 0.3416, 0.0, 0.0, 0.0, 1.0],
                [1.0, 0.0, -0.0, -0.17421, -0.0, 0.0, -1.0, 2.502194, 0.0, 1.0, 0.0, 0.331209, 0.0, 0.0, 0.0, 1.0],
                [1.0, 0.0, -0.0, -0.177479, -0.0, 0.0, -1.0, 2.506407, 0.0, 1.0, 0.0, 0.322027, 0.0, 0.0, 0.0, 1.0],
                [1.0, 0.0, -0.0, -0.180104, -0.0, 0.0, -1.0, 2.510416, 0.0, 1.0, 0.0, 0.314575, 0.0, 0.0, 0.0, 1.0],
                [1.0, 0.0, -0.0, -0.18199, -0.0, 0.0, -1.0, 2.51405, 0.0, 1.0, 0.0, 0.309174, 0.0, 0.0, 0.0, 1.0],
                [1.0, 0.0, -0.0, -0.183107, -0.0, 0.0, -1.0, 2.517198, 0.0, 1.0, 0.0, 0.305955, 0.0, 0.0, 0.0, 1.0],
                [1.0, 0.0, -0.0, -0.18347, -0.0, 0.0, -1.0, 2.519804, 0.0, 1.0, 0.0, 0.304902, 0.0, 0.0, 0.0, 1.0],
                [1.0, 0.0, -0.0, -0.183138, -0.0, 0.0, -1.0, 2.522163, 0.0, 1.0, 0.0, 0.30508, 0.0, 0.0, 0.0, 1.0],
                [1.0, 0.0, -0.0, -0.182121, -0.0, 0.0, -1.0, 2.524578, 0.0, 1.0, 0.0, 0.30564, 0.0, 0.0, 0.0, 1.0],
                [1.0, 0.0, -0.0, -0.180395, -0.0, 0.0, -1.0, 2.527037, 0.0, 1.0, 0.0, 0.306623, 0.0, 0.0, 0.0, 1.0],
                [1.0, 0.0, -0.0, -0.177949, -0.0, 0.0, -1.0, 2.529521, 0.0, 1.0, 0.0, 0.308069, 0.0, 0.0, 0.0, 1.0],
                [1.0, 0.0, -0.0, -0.174785, -0.0, 0.0, -1.0, 2.53201, 0.0, 1.0, 0.0, 0.310015, 0.0, 0.0, 0.0, 1.0],
                [1.0, 0.0, -0.0, -0.170929, -0.0, 0.0, -1.0, 2.534476, 0.0, 1.0, 0.0, 0.312493, 0.0, 0.0, 0.0, 1.0],
                [1.0, 0.0, -0.0, -0.166428, -0.0, 0.0, -1.0, 2.536889, 0.0, 1.0, 0.0, 0.315524, 0.0, 0.0, 0.0, 1.0],
                [1.0, 0.0, -0.0, -0.161356, -0.0, 0.0, -1.0, 2.539215, 0.0, 1.0, 0.0, 0.319119, 0.0, 0.0, 0.0, 1.0],
                [1.0, 0.0, -0.0, -0.155814, -0.0, 0.0, -1.0, 2.541419, 0.0, 1.0, 0.0, 0.323269, 0.0, 0.0, 0.0, 1.0],
                [1.0, 0.0, -0.0, -0.149921, -0.0, 0.0, -1.0, 2.543467, 0.0, 1.0, 0.0, 0.327953, 0.0, 0.0, 0.0, 1.0],
                [1.0, 0.0, -0.0, -0.143812, -0.0, 0.0, -1.0, 2.54533, 0.0, 1.0, 0.0, 0.333129, 0.0, 0.0, 0.0, 1.0],
                [1.0, 0.0, -0.0, -0.137622, -0.0, 0.0, -1.0, 2.546983, 0.0, 1.0, 0.0, 0.338745, 0.0, 0.0, 0.0, 1.0],
                [1.0, 0.0, -0.0, -0.131482, -0.0, 0.0, -1.0, 2.548411, 0.0, 1.0, 0.0, 0.344738, 0.0, 0.0, 0.0, 1.0],
                [1.0, 0.0, -0.0, -0.125508, -0.0, 0.0, -1.0, 2.549604, 0.0, 1.0, 0.0, 0.351043, 0.0, 0.0, 0.0, 1.0],
                [1.0, 0.0, -0.0, -0.119798, -0.0, 0.0, -1.0, 2.550561, 0.0, 1.0, 0.0, 0.357592, 0.0, 0.0, 0.0, 1.0],
                [1.0, 0.0, -0.0, -0.114426, -0.0, 0.0, -1.0, 2.551287, 0.0, 1.0, 0.0, 0.364326, 0.0, 0.0, 0.0, 1.0],
                [1.0, 0.0, -0.0, -0.109447, -0.0, 0.0, -1.0, 2.551789, 0.0, 1.0, 0.0, 0.371189, 0.0, 0.0, 0.0, 1.0],
                [1.0, 0.0, -0.0, -0.104897, -0.0, 0.0, -1.0, 2.55208, 0.0, 1.0, 0.0, 0.378134, 0.0, 0.0, 0.0, 1.0],
                [1.0, 0.0, -0.0, -0.100797, -0.0, 0.0, -1.0, 2.552175, 0.0, 1.0, 0.0, 0.385121, 0.0, 0.0, 0.0, 1.0],
                [1.0, 0.0, -0.0, -0.096843, -0.0, 0.0, -1.0, 2.551105, 0.0, 1.0, 0.0, 0.392565, 0.0, 0.0, 0.0, 1.0],
                [1.0, 0.0, -0.0, -0.092727, -0.0, 0.0, -1.0, 2.547874, 0.0, 1.0, 0.0, 0.4009, 0.0, 0.0, 0.0, 1.0],
                [1.0, 0.0, -0.0, -0.088459, -0.0, 0.0, -1.0, 2.542464, 0.0, 1.0, 0.0, 0.410116, 0.0, 0.0, 0.0, 1.0],
                [1.0, 0.0, -0.0, -0.084049, -0.0, 0.0, -1.0, 2.534878, 0.0, 1.0, 0.0, 0.420191, 0.0, 0.0, 0.0, 1.0],
                [1.0, 0.0, -0.0, -0.079513, -0.0, 0.0, -1.0, 2.525147, 0.0, 1.0, 0.0, 0.431089, 0.0, 0.0, 0.0, 1.0],
                [1.0, 0.0, -0.0, -0.07487, -0.0, 0.0, -1.0, 2.51333, 0.0, 1.0, 0.0, 0.442759, 0.0, 0.0, 0.0, 1.0],
                [1.0, 0.0, -0.0, -0.070144, -0.0, 0.0, -1.0, 2.499526, 0.0, 1.0, 0.0, 0.455131, 0.0, 0.0, 0.0, 1.0],
                [1.0, 0.0, -0.0, -0.065363, -0.0, 0.0, -1.0, 2.483872, 0.0, 1.0, 0.0, 0.468115, 0.0, 0.0, 0.0, 1.0],
                [1.0, 0.0, -0.0, -0.060559, -0.0, 0.0, -1.0, 2.46655, 0.0, 1.0, 0.0, 0.481603, 0.0, 0.0, 0.0, 1.0],
                [1.0, 0.0, -0.0, -0.055769, -0.0, 0.0, -1.0, 2.447786, 0.0, 1.0, 0.0, 0.495467, 0.0, 0.0, 0.0, 1.0],
                [1.0, 0.0, -0.0, -0.051032, -0.0, 0.0, -1.0, 2.427848, 0.0, 1.0, 0.0, 0.509559, 0.0, 0.0, 0.0, 1.0],
                [1.0, 0.0, -0.0, -0.046391, -0.0, 0.0, -1.0, 2.40704, 0.0, 1.0, 0.0, 0.523721, 0.0, 0.0, 0.0, 1.0],
                [1.0, 0.0, -0.0, -0.041888, -0.0, 0.0, -1.0, 2.385699, 0.0, 1.0, 0.0, 0.537781, 0.0, 0.0, 0.0, 1.0],
                [1.0, 0.0, -0.0, -0.037565, -0.0, 0.0, -1.0, 2.364177, 0.0, 1.0, 0.0, 0.551565, 0.0, 0.0, 0.0, 1.0],
                [1.0, 0.0, -0.0, -0.033462, -0.0, 0.0, -1.0, 2.342835, 0.0, 1.0, 0.0, 0.564901, 0.0, 0.0, 0.0, 1.0],
                [1.0, 0.0, -0.0, -0.029616, -0.0, 0.0, -1.0, 2.322028, 0.0, 1.0, 0.0, 0.577626, 0.0, 0.0, 0.0, 1.0],
                [1.0, 0.0, -0.0, -0.026058, -0.0, 0.0, -1.0, 2.302089, 0.0, 1.0, 0.0, 0.589588, 0.0, 0.0, 0.0, 1.0],
                [1.0, 0.0, -0.0, -0.022814, -0.0, 0.0, -1.0, 2.283325, 0.0, 1.0, 0.0, 0.600657, 0.0, 0.0, 0.0, 1.0],
                [1.0, 0.0, -0.0, -0.019903, -0.0, 0.0, -1.0, 2.266004, 0.0, 1.0, 0.0, 0.610723, 0.0, 0.0, 0.0, 1.0],
                [1.0, 0.0, -0.0, -0.01734, -0.0, 0.0, -1.0, 2.25035, 0.0, 1.0, 0.0, 0.619698, 0.0, 0.0, 0.0, 1.0],
                [1.0, 0.0, -0.0, -0.015132, -0.0, 0.0, -1.0, 2.236546, 0.0, 1.0, 0.0, 0.627519, 0.0, 0.0, 0.0, 1.0],
                [1.0, 0.0, -0.0, -0.013282, -0.0, 0.0, -1.0, 2.224729, 0.0, 1.0, 0.0, 0.634141, 0.0, 0.0, 0.0, 1.0],
                [1.0, 0.0, -0.0, -0.011788, -0.0, 0.0, -1.0, 2.214997, 0.0, 1.0, 0.0, 0.639542, 0.0, 0.0, 0.0, 1.0],
                [1.0, 0.0, -0.0, -0.010643, -0.0, 0.0, -1.0, 2.207412, 0.0, 1.0, 0.0, 0.643715, 0.0, 0.0, 0.0, 1.0],
                [1.0, 0.0, -0.0, -0.00984, -0.0, 0.0, -1.0, 2.202002, 0.0, 1.0, 0.0, 0.646667, 0.0, 0.0, 0.0, 1.0],
                [1.0, 0.0, -0.0, -0.009367, -0.0, 0.0, -1.0, 2.198771, 0.0, 1.0, 0.0, 0.648418, 0.0, 0.0, 0.0, 1.0],
                [1.0, 0.0, -0.0, -0.009213, -0.0, 0.0, -1.0, 2.197701, 0.0, 1.0, 0.0, 0.648994, 0.0, 0.0, 0.0, 1.0]
            ]
        },
        {
            "name": "Thigh_R",
            "time": [0.0, 0.0167, 0.0333, 0.05, 0.0667, 0.0833, 0.1, 0.1167, 0.1333, 0.15, 0.1667, 0.1833, 0.2, 0.2167, 0.2333, 0.25, 0.2667, 0.2833, 0.3, 0.3167, 0.3333, 0.35, 0.3667, 0.3833, 0.4, 0.4167, 0.4333, 0.45, 0.4667, 0.4833, 0.5, 0.5167, 0.5333, 0.55, 0.5667, 0.5833, 0.6, 0.6167, 0.6333, 0.65, 0.6667, 0.6833, 0.7, 0.7167, 0.7333, 0.75, 0.7667, 0.7833, 0.8, 0.8167, 0.8333, 0.85, 0.8667, 0.8833, 0.9, 0.9167, 0.9333, 0.95, 0.9667, 0.9833, 1.0, 1.0167, 1.0333, 1.05, 1.0667, 1.0833, 1.1, 1.1167, 1.1333, 1.15, 1.1667, 1.1833, 1.2, 1.2167, 1.2333, 1.25, 1.2667, 1.2833, 1.3, 1.3167, 1.3333, 1.35, 1.3667, 1.3833, 1.4, 1.4167, 1.4333, 1.45, 1.4667, 1.4833, 1.5, 1.5167, 1.5333, 1.55, 1.5667, 1.5833, 1.6, 1.6167, 1.6333, 1.65, 1.6667, 1.6833, 1.7, 1.7167, 1.7333, 1.75, 1.7667, 1.7833, 1.8, 1.8167, 1.8333, 1.85, 1.8667, 1.8833, 1.9, 1.9167, 1.9333, 1.95, 1.9667, 1.9833, 2.0],
            "transform": [
                [0.910093, 0.171459, 0.377269, 0.126476, 0.159223, -0.985189, 0.063645, 0.030796, 0.382594, 0.002146, -0.923914, 0.012342, 0.0, 0.0, 0.0, 1.0],
                [0.908237, 0.249343, 0.336057, 0.126214, 0.156014, -0.946953, 0.28096, 0.030516, 0.388285, -0.202748, -0.898959, 0.012701, 0.0, 0.0, 0.0, 1.0],
                [0.902693, 0.32813, 0.278345, 0.125423, 0.112642, -0.804533, 0.583128, 0.029671, 0.41528, -0.495033, -0.763208, 0.013786, 0.0, 0.0, 0.0, 1.0],
                [0.891376, 0.346655, 0.292026, 0.124098, 0.012232, -0.662436, 0.749018, 0.028256, 0.4531, -0.664085, -0.59472, 0.015603, 0.0, 0.0, 0.0, 1.0],
                [0.867205, 0.338422, 0.365276, 0.122243, -0.133754, -0.548286, 0.825525, 0.026274, 0.479652, -0.764757, -0.430211, 0.018148, 0.0, 0.0, 0.0, 1.0],
                [0.819062, 0.309179, 0.483266, 0.119866, -0.321765, -0.449839, 0.833134, 0.023735, 0.474979, -0.837886, -0.268963, 0.021408, 0.0, 0.0, 0.0, 1.0],
                [0.785497, 0.213619, 0.580828, 0.116988, -0.46054, -0.425163, 0.779191, 0.02066, 0.413397, -0.879547, -0.235585, 0.025356, 0.0, 0.0, 0.0, 1.0],
                [0.790132, 0.110655, 0.602865, 0.113638, -0.512775, -0.419496, 0.749056, 0.017081, 0.335787, -0.900987, -0.274716, 0.02995, 0.0, 0.0, 0.0, 1.0],
                [0.807984, 0.117761, 0.577316, 0.109859, -0.514181, -0.337533, 0.788473, 0.013045, 0.287715, -0.933918, -0.212171, 0.035133, 0.0, 0.0, 0.0, 1.0],
                [0.823842, 0.169417, 0.540908, 0.105707, -0.503326, -0.220197, 0.835569, 0.008609, 0.260666, -0.960631, -0.096136, 0.040828, 0.0, 0.0, 0.0, 1.0],
                [0.837245, 0.204167, 0.507283, 0.101248, -0.492398, -0.121992, 0.861778, 0.003846, 0.237831, -0.971305, -0.001606, 0.046944, 0.0, 0.0, 0.0, 1.0],
                [0.849936, 0.230037, 0.474016, 0.096561, -0.478242, -0.040738, 0.877283, -0.001162, 0.221118, -0.972329, 0.075388, 0.053372, 0.0, 0.0, 0.0, 1.0],
                [0.863592, 0.24905, 0.438386, 0.091734, -0.458002, 0.023948, 0.888629, -0.006319, 0.210815, -0.968194, 0.134747, 0.059994, 0.0, 0.0, 0.0, 1.0],
                [0.878814, 0.261312, 0.399251, 0.086858, -0.430587, 0.073728, 0.899533, -0.011527, 0.205623, -0.962435, 0.17731, 0.066681, 0.0, 0.0, 0.0, 1.0],
                [0.894956, 0.267743, 0.356885, 0.08203, -0.396976, 0.112792, 0.910872, -0.016685, 0.203626, -0.956866, 0.207231, 0.073303, 0.0, 0.0, 0.0, 1.0],
                [0.910849, 0.269775, 0.31237, 0.077344, -0.359209, 0.145393, 0.921862, -0.021692, 0.203279, -0.951884, 0.229336, 0.079732, 0.0, 0.0, 0.0, 1.0],
                [0.925012, 0.267695, 0.269615, 0.072885, -0.321345, 0.172625, 0.931095, -0.026456, 0.202708, -0.947913, 0.245702, 0.085847, 0.0, 0.0, 0.0, 1.0],
                [0.937187, 0.261491, 0.230873, 0.068732, -0.284588, 0.190437, 0.939544, -0.030892, 0.201716, -0.946233, 0.252892, 0.091543, 0.0, 0.0, 0.0, 1.0],
                [0.948344, 0.251961, 0.192766, 0.064954, -0.244497, 0.193299, 0.950188, -0.034928, 0.202149, -0.948236, 0.244918, 0.096725, 0.0, 0.0, 0.0, 1.0],
                [0.958885, 0.240545, 0.150593, 0.061604, -0.195712, 0.176219, 0.964699, -0.038506, 0.205516, -0.954508, 0.216051, 0.101319, 0.0, 0.0, 0.0, 1.0],
                [0.967733, 0.229996, 0.102931, 0.058726, -0.136545, 0.135346, 0.981344, -0.041581, 0.211774, -0.963734, 0.162384, 0.105267, 0.0, 0.0, 0.0, 1.0],
                [0.973084, 0.224106, 0.053704, 0.056349, -0.070292, 0.066704, 0.995294, -0.04412, 0.219469, -0.972279, 0.080661, 0.108527, 0.0, 0.0, 0.0, 1.0],
                [0.972743, 0.23188, 0.001405, 0.054494, 0.022328, -0.099693, 0.994768, -0.046103, 0.230807, -0.967622, -0.102154, 0.111073, 0.0, 0.0, 0.0, 1.0],
                [0.962558, 0.270963, -0.007779, 0.053169, 0.128913, -0.432325, 0.892455, -0.047518, 0.238459, -0.860043, -0.451069, 0.112889, 0.0, 0.0, 0.0, 1.0],
                [0.951553, 0.301861, 0.058539, 0.052378, 0.195171, -0.740049, 0.643611, -0.048363, 0.237603, -0.601005, -0.76311, 0.113974, 0.0, 0.0, 0.0, 1.0],
                [0.948135, 0.289802, 0.130597, 0.052116, 0.213754, -0.885371, 0.412829, -0.048643, 0.235265, -0.363502, -0.901397, 0.114333, 0.0, 0.0, 0.0, 1.0],
                [0.949134, 0.261213, 0.175819, 0.052116, 0.211176, -0.942259, 0.259907, -0.048643, 0.233558, -0.209557, -0.949493, 0.114333, 0.0, 0.0, 0.0, 1.0],
                [0.950966, 0.230615, 0.206105, 0.052116, 0.204182, -0.968621, 0.141715, -0.048643, 0.232319, -0.092683, -0.968214, 0.114333, 0.0, 0.0, 0.0, 1.0],
                [0.952376, 0.207507, 0.223427, 0.052116, 0.198264, -0.978103, 0.063292, -0.048643, 0.231668, -0.01598, -0.972664, 0.114333, 0.0, 0.0, 0.0, 1.0],
                [0.952201, 0.192365, 0.237296, 0.052116, 0.198694, -0.980057, -0.002816, -0.048643, 0.232022, 0.049831, -0.971433, 0.114333, 0.0, 0.0, 0.0, 1.0],
                [0.950289, 0.159817, 0.267223, 0.052116, 0.205246, -0.966894, -0.151621, -0.048643, 0.234145, 0.198931, -0.951632, 0.114333, 0.0, 0.0, 0.0, 1.0],
                [0.920796, 0.277713, 0.273879, 0.062399, 0.28912, -0.957292, -0.001347, -0.037657, 0.261808, 0.080424, -0.961763, 0.10023, 0.0, 0.0, 0.0, 1.0],
                [0.75232, 0.473235, 0.458326, 0.089296, 0.563995, -0.822197, -0.076827, -0.008923, 0.340478, 0.316292, -0.885457, 0.063338, 0.0, 0.0, 0.0, 1.0],
                [0.269028, 0.479589, 0.835236, 0.116193, 0.897763, -0.438909, -0.037149, 0.019811, 0.348777, 0.759838, -0.548636, 0.026446, 0.0, 0.0, 0.0, 1.0],
                [0.028209, 0.214695, 0.976274, 0.126476, 0.951197, -0.306004, 0.039809, 0.030796, 0.307291, 0.927506, -0.212849, 0.012342, 0.0, 0.0, 0.0, 1.0],
                [0.023445, 0.212656, 0.976846, 0.126476, 0.951856, -0.303484, 0.043222, 0.030796, 0.305649, 0.928803, -0.209533, 0.012342, 0.0, 0.0, 0.0, 1.0],
                [0.025955, 0.211263, 0.977085, 0.126476, 0.951512, -0.304913, 0.040652, 0.030796, 0.306514, 0.928653, -0.208933, 0.012342, 0.0, 0.0, 0.0, 1.0],
                [0.041232, 0.210221, 0.976784, 0.126476, 0.949273, -0.313262, 0.027349, 0.030796, 0.311739, 0.926107, -0.212474, 0.012342, 0.0, 0.0, 0.0, 1.0],
                [0.068571, 0.20906, 0.975496, 0.126476, 0.944631, -0.328112, 0.003917, 0.030796, 0.32089, 0.921215, -0.219984, 0.012342, 0.0, 0.0, 0.0, 1.0],
                [0.158363, 0.264146, 0.951393, 0.130044, 0.950413, -0.301971, -0.07436, 0.030796, 0.267651, 0.915991, -0.298869, 0.012342, 0.0, 0.0, 0.0, 1.0],
                [0.648822, 0.438353, 0.621993, 0.137712, 0.754571, -0.265106, -0.600285, 0.030796, -0.098243, 0.858816, -0.502775, 0.012342, 0.0, 0.0, 0.0, 1.0],
                [0.876224, 0.41107, -0.251499, 0.141381, -0.070395, -0.407107, -0.910664, 0.030796, -0.476734, 0.81565, -0.32778, 0.012342, 0.0, 0.0, 0.0, 1.0],
                [0.878224, 0.41714, -0.233916, 0.14149, 0.006535, -0.499532, -0.866271, 0.030796, -0.478205, 0.759251, -0.441427, 0.012342, 0.0, 0.0, 0.0, 1.0],
                [0.876979, 0.423997, -0.22613, 0.141569, 0.056997, -0.559047, -0.827175, 0.030796, -0.477137, 0.712525, -0.514439, 0.012342, 0.0, 0.0, 0.0, 1.0],
                [0.875262, 0.428474, -0.224333, 0.141633, 0.088744, -0.598242, -0.796386, 0.030796, -0.475436, 0.677139, -0.561643, 0.012342, 0.0, 0.0, 0.0, 1.0],
                [0.874039, 0.431545, -0.223215, 0.141686, 0.109624, -0.622744, -0.774708, 0.030796, -0.473327, 0.652655, -0.59161, 0.012342, 0.0, 0.0, 0.0, 1.0],
                [0.873328, 0.435084, -0.21909, 0.141732, 0.126527, -0.636917, -0.760478, 0.030796, -0.470414, 0.636426, -0.611288, 0.012342, 0.0, 0.0, 0.0, 1.0],
                [0.872763, 0.44073, -0.209859, 0.141771, 0.145039, -0.644627, -0.750613, 0.030796, -0.466098, 0.624669, -0.62653, 0.012342, 0.0, 0.0, 0.0, 1.0],
                [0.871831, 0.449194, -0.195283, 0.141807, 0.168706, -0.649686, -0.741246, 0.030796, -0.459836, 0.613296, -0.642199, 0.012342, 0.0, 0.0, 0.0, 1.0],
                [0.870011, 0.460322, -0.176588, 0.141838, 0.198606, -0.655036, -0.729029, 0.030796, -0.45126, 0.599192, -0.661312, 0.012342, 0.0, 0.0, 0.0, 1.0],
                [0.866921, 0.473419, -0.155955, 0.141866, 0.233713, -0.662434, -0.71173, 0.030796, -0.440257, 0.580565, -0.684922, 0.012342, 0.0, 0.0, 0.0, 1.0],
                [0.863242, 0.48583, -0.137045, 0.141892, 0.267948, -0.671094, -0.691258, 0.030796, -0.427804, 0.560002, -0.709494, 0.012342, 0.0, 0.0, 0.0, 1.0],
                [0.859978, 0.495734, -0.121184, 0.141915, 0.29709, -0.679393, -0.670942, 0.030796, -0.41494, 0.540993, -0.73154, 0.012342, 0.0, 0.0, 0.0, 1.0],
                [0.857281, 0.503553, -0.107255, 0.141937, 0.321934, -0.686867, -0.651593, 0.030796, -0.401781, 0.524069, -0.750948, 0.012342, 0.0, 0.0, 0.0, 1.0],
                [0.855168, 0.509731, -0.094135, 0.141956, 0.343298, -0.693018, -0.633934, 0.030796, -0.388373, 0.509804, -0.767636, 0.012342, 0.0, 0.0, 0.0, 1.0],
                [0.853584, 0.514657, -0.080761, 0.141974, 0.361906, -0.697324, -0.618679, 0.030796, -0.374724, 0.498866, -0.781482, 0.012342, 0.0, 0.0, 0.0, 1.0],
                [0.852434, 0.518598, -0.066419, 0.14199, 0.378356, -0.699553, -0.606195, 0.030796, -0.360836, 0.491611, -0.792538, 0.012342, 0.0, 0.0, 0.0, 1.0],
                [0.856131, 0.51265, -0.065032, 0.142005, 0.382288, -0.712988, -0.587796, 0.030796, -0.347701, 0.478369, -0.806391, 0.012342, 0.0, 0.0, 0.0, 1.0],
                [0.867773, 0.489427, -0.0862, 0.142019, 0.36628, -0.747119, -0.554665, 0.030796, -0.33587, 0.44975, -0.827597, 0.012342, 0.0, 0.0, 0.0, 1.0],
                [0.882661, 0.455577, -0.115579, 0.142032, 0.340303, -0.789072, -0.511428, 0.030796, -0.324195, 0.412086, -0.851518, 0.012342, 0.0, 0.0, 0.0, 1.0],
                [0.895252, 0.423941, -0.137106, 0.142044, 0.318273, -0.823813, -0.469079, 0.030796, -0.311812, 0.376306, -0.872449, 0.012342, 0.0, 0.0, 0.0, 1.0],
                [0.902242, 0.406928, -0.142722, 0.142055, 0.311123, -0.843434, -0.437975, 0.030796, -0.298601, 0.350755, -0.887586, 0.012342, 0.0, 0.0, 0.0, 1.0],
                [0.902403, 0.410358, -0.131432, 0.142065, 0.323521, -0.846722, -0.422369, 0.030796, -0.284609, 0.338626, -0.896844, 0.012342, 0.0, 0.0, 0.0, 1.0],
                [0.898055, 0.425771, -0.110521, 0.142074, 0.347701, -0.840991, -0.414532, 0.030796, -0.269443, 0.333845, -0.903298, 0.012342, 0.0, 0.0, 0.0, 1.0],
                [0.891828, 0.444022, -0.086523, 0.142083, 0.375227, -0.832915, -0.406765, 0.030796, -0.252679, 0.330298, -0.909426, 0.012342, 0.0, 0.0, 0.0, 1.0],
                [0.883245, 0.465175, -0.059082, 0.142091, 0.40629, -0.822096, -0.398856, 0.030796, -0.234109, 0.328283, -0.915108, 0.012342, 0.0, 0.0, 0.0, 1.0],
                [0.871841, 0.488983, -0.028078, 0.142098, 0.440741, -0.808248, -0.39049, 0.030796, -0.213637, 0.32807, -0.920179, 0.012342, 0.0, 0.0, 0.0, 1.0],
                [0.857316, 0.514753, 0.006159, 0.142104, 0.477887, -0.791353, -0.381293, 0.030796, -0.191398, 0.329832, -0.924434, 0.012342, 0.0, 0.0, 0.0, 1.0],
                [0.839756, 0.541285, 0.042672, 0.14211, 0.516362, -0.771845, -0.370979, 0.030796, -0.16787, 0.333566, -0.92766, 0.012342, 0.0, 0.0, 0.0, 1.0],
                [0.819843, 0.56699, 0.079866, 0.142116, 0.554206, -0.750707, -0.359576, 0.030796, -0.14392, 0.339058, -0.929692, 0.012342, 0.0, 0.0, 0.0, 1.0],
                [0.798912, 0.590202, 0.115765, 0.142121, 0.589212, -0.729397, -0.347576, 0.030796, -0.120701, 0.345892, -0.930478, 0.012342, 0.0, 0.0, 0.0, 1.0],
                [0.778731, 0.60954, 0.148455, 0.142126, 0.619431, -0.709557, -0.335908, 0.030796, -0.099412, 0.353539, -0.930122, 0.012342, 0.0, 0.0, 0.0, 1.0],
                [0.761103, 0.624158, 0.176492, 0.14213, 0.64355, -0.692656, -0.325686, 0.030796, -0.081031, 0.361461, -0.928859, 0.012342, 0.0, 0.0, 0.0, 1.0],
                [0.747464, 0.633771, 0.199078, 0.142134, 0.661001, -0.679722, -0.317893, 0.030796, -0.066153, 0.369204, -0.926991, 0.012342, 0.0, 0.0, 0.0, 1.0],
                [0.738661, 0.638527, 0.216017, 0.142137, 0.671832, -0.671244, -0.313166, 0.030796, -0.054965, 0.376451, -0.924805, 0.012342, 0.0, 0.0, 0.0, 1.0],
                [0.733394, 0.640005, 0.229188, 0.14214, 0.678222, -0.665863, -0.310872, 0.030796, -0.046352, 0.383432, -0.922405, 0.012342, 0.0, 0.0, 0.0, 1.0],
                [0.730231, 0.639534, 0.240328, 0.142143, 0.68207, -0.66221, -0.310255, 0.030796, -0.039271, 0.390478, -0.919774, 0.012342, 0.0, 0.0, 0.0, 1.0],
                [0.729332, 0.637095, 0.249368, 0.142145, 0.683327, -0.660355, -0.311441, 0.030796, -0.033746, 0.397544, -0.916963, 0.012342, 0.0, 0.0, 0.0, 1.0],
                [0.730811, 0.632663, 0.256227, 0.142148, 0.681929, -0.66034, -0.31452, 0.030796, -0.029788, 0.404583, -0.914016, 0.012342, 0.0, 0.0, 0.0, 1.0],
                [0.73472, 0.626223, 0.260828, 0.14215, 0.677817, -0.662165, -0.319532, 0.030796, -0.027387, 0.41156, -0.910971, 0.012342, 0.0, 0.0, 0.0, 1.0],
                [0.741028, 0.617779, 0.263108, 0.142151, 0.67095, -0.665775, -0.326449, 0.030796, -0.026502, 0.41844, -0.907857, 0.012342, 0.0, 0.0, 0.0, 1.0],
                [0.749604, 0.607373, 0.263044, 0.142153, 0.661334, -0.671047, -0.335162, 0.030796, -0.027054, 0.425198, -0.904696, 0.012342, 0.0, 0.0, 0.0, 1.0],
                [0.760198, 0.595105, 0.260672, 0.142154, 0.649048, -0.677781, -0.34547, 0.030796, -0.028912, 0.431814, -0.901499, 0.012342, 0.0, 0.0, 0.0, 1.0],
                [0.772451, 0.581119, 0.256165, 0.142155, 0.634273, -0.685675, -0.357139, 0.030796, -0.031894, 0.438351, -0.898238, 0.012342, 0.0, 0.0, 0.0, 1.0],
                [0.785904, 0.565722, 0.249628, 0.142156, 0.617313, -0.694457, -0.369667, 0.030796, -0.035773, 0.444621, -0.895004, 0.012342, 0.0, 0.0, 0.0, 1.0],
                [0.800049, 0.549196, 0.241464, 0.142156, 0.59858, -0.703712, -0.382742, 0.030796, -0.040279, 0.450748, -0.891742, 0.012342, 0.0, 0.0, 0.0, 1.0],
                [0.814373, 0.531919, 0.232074, 0.142157, 0.578584, -0.713064, -0.395955, 0.030796, -0.045133, 0.456729, -0.88846, 0.012342, 0.0, 0.0, 0.0, 1.0],
                [0.828409, 0.514291, 0.221908, 0.142157, 0.557882, -0.722171, -0.408946, 0.030796, -0.050062, 0.462573, -0.885167, 0.012342, 0.0, 0.0, 0.0, 1.0],
                [0.841777, 0.4967, 0.211427, 0.142157, 0.537034, -0.730743, -0.421437, 0.030796, -0.054829, 0.4683, -0.881867, 0.012342, 0.0, 0.0, 0.0, 1.0],
                [0.854205, 0.479487, 0.201063, 0.142158, 0.516551, -0.738558, -0.433252, 0.030796, -0.059242, 0.473945, -0.878559, 0.012342, 0.0, 0.0, 0.0, 1.0],
                [0.86553, 0.462935, 0.191178, 0.142158, 0.496858, -0.745469, -0.444306, 0.030796, -0.063167, 0.479548, -0.875239, 0.012342, 0.0, 0.0, 0.0, 1.0],
                [0.875685, 0.447235, 0.182088, 0.142158, 0.478278, -0.751359, -0.454654, 0.030796, -0.066523, 0.485222, -0.871856, 0.012342, 0.0, 0.0, 0.0, 1.0],
                [0.884674, 0.432557, 0.173913, 0.142158, 0.461033, -0.756266, -0.46423, 0.030796, -0.069282, 0.490872, -0.868473, 0.012342, 0.0, 0.0, 0.0, 1.0],
                [0.892555, 0.418941, 0.166834, 0.142158, 0.445241, -0.760127, -0.473251, 0.030796, -0.071449, 0.496684, -0.864986, 0.012342, 0.0, 0.0, 0.0, 1.0],
                [0.899917, 0.406234, 0.158501, 0.142158, 0.429822, -0.765107, -0.479442, 0.030796, -0.073496, 0.499585, -0.863141, 0.012342, 0.0, 0.0, 0.0, 1.0],
                [0.907201, 0.394266, 0.146765, 0.142158, 0.413808, -0.773413, -0.480203, 0.030796, -0.075818, 0.496373, -0.864792, 0.012342, 0.0, 0.0, 0.0, 1.0],
                [0.914277, 0.382957, 0.132066, 0.142158, 0.397445, -0.784976, -0.475237, 0.030796, -0.078327, 0.486987, -0.86989, 0.012342, 0.0, 0.0, 0.0, 1.0],
                [0.921035, 0.37213, 0.114946, 0.142158, 0.380977, -0.799477, -0.464426, 0.030796, -0.08093, 0.471545, -0.87812, 0.012342, 0.0, 0.0, 0.0, 1.0],
                [0.927393, 0.361553, 0.096023, 0.142158, 0.364641, -0.816368, -0.447861, 0.030796, -0.083536, 0.450357, -0.888932, 0.012342, 0.0, 0.0, 0.0, 1.0],
                [0.933294, 0.350991, 0.07594, 0.142158, 0.348648, -0.834932, -0.425832, 0.030796, -0.086059, 0.423902, -0.90161, 0.012342, 0.0, 0.0, 0.0, 1.0],
                [0.938706, 0.340249, 0.05533, 0.142158, 0.333184, -0.854359, -0.398823, 0.030796, -0.088427, 0.392813, -0.915357, 0.012342, 0.0, 0.0, 0.0, 1.0],
                [0.943619, 0.329201, 0.034769, 0.142158, 0.318397, -0.87384, -0.367461, 0.030796, -0.090586, 0.357813, -0.929389, 0.012342, 0.0, 0.0, 0.0, 1.0],
                [0.948043, 0.317797, 0.014796, 0.142158, 0.304399, -0.892587, -0.332611, 0.030796, -0.092496, 0.319833, -0.942948, 0.012342, 0.0, 0.0, 0.0, 1.0],
                [0.951997, 0.306077, -0.004173, 0.142158, 0.291271, -0.909968, -0.295161, 0.030796, -0.094139, 0.279777, -0.955438, 0.012342, 0.0, 0.0, 0.0, 1.0],
                [0.955512, 0.294147, -0.021799, 0.142158, 0.279061, -0.925487, -0.256122, 0.030796, -0.095512, 0.238644, -0.966399, 0.012342, 0.0, 0.0, 0.0, 1.0],
                [0.958619, 0.282164, -0.03784, 0.142158, 0.26779, -0.938826, -0.216551, 0.030796, -0.096628, 0.197456, -0.975538, 0.012342, 0.0, 0.0, 0.0, 1.0],
                [0.961356, 0.270324, -0.052139, 0.142158, 0.25746, -0.949844, -0.17751, 0.030796, -0.097509, 0.157227, -0.982737, 0.012342, 0.0, 0.0, 0.0, 1.0],
                [0.963757, 0.258832, -0.064637, 0.142158, 0.248054, -0.958581, -0.139968, 0.030796, -0.098188, 0.118861, -0.988044, 0.012342, 0.0, 0.0, 0.0, 1.0],
                [0.965854, 0.247886, -0.075353, 0.142158, 0.239549, -0.965216, -0.10476, 0.030796, -0.098701, 0.083132, -0.991639, 0.012342, 0.0, 0.0, 0.0, 1.0],
                [0.967677, 0.237662, -0.084364, 0.142158, 0.231912, -0.970026, -0.07257, 0.030796, -0.099083, 0.050659, -0.993789, 0.012342, 0.0, 0.0, 0.0, 1.0],
                [0.969254, 0.228299, -0.091797, 0.142158, 0.225107, -0.973345, -0.043879, 0.030796, -0.099368, 0.021866, -0.994811, 0.012342, 0.0, 0.0, 0.0, 1.0],
                [0.970608, 0.219897, -0.097803, 0.142158, 0.219097, -0.975518, -0.018988, 0.030796, -0.099584, -0.002998, -0.995025, 0.012342, 0.0, 0.0, 0.0, 1.0],
                [0.971761, 0.212513, -0.102565, 0.142158, 0.213846, -0.976865, 0.002057, 0.030796, -0.099755, -0.023932, -0.994724, 0.012342, 0.0, 0.0, 0.0, 1.0],
                [0.972731, 0.206161, -0.106264, 0.142158, 0.209322, -0.977655, 0.019379, 0.030796, -0.099895, -0.041094, -0.994149, 0.012342, 0.0, 0.0, 0.0, 1.0],
                [0.973535, 0.200825, -0.109079, 0.142158, 0.20549, -0.978095, 0.033237, 0.030796, -0.100015, -0.054772, -0.993477, 0.012342, 0.0, 0.0, 0.0, 1.0],
                [0.974188, 0.196466, -0.111171, 0.142158, 0.202321, -0.978331, 0.043988, 0.030796, -0.10012, -0.065345, -0.992827, 0.012342, 0.0, 0.0, 0.0, 1.0],
                [0.974702, 0.193035, -0.112665, 0.142158, 0.199784, -0.978462, 0.051944, 0.030796, -0.100211, -0.073138, -0.992275, 0.012342, 0.0, 0.0, 0.0, 1.0],
                [0.975087, 0.190452, -0.113725, 0.142158, 0.197858, -0.978529, 0.057735, 0.030796, -0.100287, -0.078798, -0.991833, 0.012342, 0.0, 0.0, 0.0, 1.0],
                [0.975353, 0.188668, -0.114418, 0.142158, 0.196514, -0.978565, 0.061586, 0.030796, -0.100346, -0.082553, -0.991522, 0.012342, 0.0, 0.0, 0.0, 1.0],
                [0.975507, 0.187629, -0.114807, 0.142158, 0.195726, -0.978583, 0.063767, 0.030796, -0.100384, -0.084676, -0.991339, 0.012342, 0.0, 0.0, 0.0, 1.0],
                [0.975557, 0.187291, -0.114934, 0.142158, 0.195469, -0.978588, 0.064475, 0.030796, -0.100397, -0.085366, -0.991279, 0.012342, 0.0, 0.0, 0.0, 1.0]
            ]
        },
        {
            "name": "Leg_R",
            "time": [0.0, 0.0167, 0.0333, 0.05, 0.0667, 0.0833, 0.1, 0.1167, 0.1333, 0.15, 0.1667, 0.1833, 0.2, 0.2167, 0.2333, 0.25, 0.2667, 0.2833, 0.3, 0.3167, 0.3333, 0.35, 0.3667, 0.3833, 0.4, 0.4167, 0.4333, 0.45, 0.4667, 0.4833, 0.5, 0.5167, 0.5333, 0.55, 0.5667, 0.5833, 0.6, 0.6167, 0.6333, 0.65, 0.6667, 0.6833, 0.7, 0.7167, 0.7333, 0.75, 0.7667, 0.7833, 0.8, 0.8167, 0.8333, 0.85, 0.8667, 0.8833, 0.9, 0.9167, 0.9333, 0.95, 0.9667, 0.9833, 1.0, 1.0167, 1.0333, 1.05, 1.0667, 1.0833, 1.1, 1.1167, 1.1333, 1.15, 1.1667, 1.1833, 1.2, 1.2167, 1.2333, 1.25, 1.2667, 1.2833, 1.3, 1.3167, 1.3333, 1.35, 1.3667, 1.3833, 1.4, 1.4167, 1.4333, 1.45, 1.4667, 1.4833, 1.5, 1.5167, 1.5333, 1.55, 1.5667, 1.5833, 1.6, 1.6167, 1.6333, 1.65, 1.6667, 1.6833, 1.7, 1.7167, 1.7333, 1.75, 1.7667, 1.7833, 1.8, 1.8167, 1.8333, 1.85, 1.8667, 1.8833, 1.9, 1.9167, 1.9333, 1.95, 1.9667, 1.9833, 2.0],
            "transform": [
                [0.999831, -0.017755, -0.004715, 0.0, 0.017811, 0.874042, 0.485523, 0.374721, -0.004499, -0.485525, 0.874211, 0.0, 0.0, 0.0, 0.0, 1.0],
                [0.999449, -0.029533, -0.015125, 0.0, 0.029626, 0.588982, 0.807604, 0.374721, -0.014943, -0.807607, 0.589532, 0.0, 0.0, 0.0, 0.0, 1.0],
                [0.998722, -0.036506, -0.034965, 0.0, 0.036621, 0.045713, 0.998283, 0.374721, -0.034845, -0.998287, 0.046991, 0.0, 0.0, 0.0, 0.0, 1.0],
                [0.99842, -0.035953, -0.043181, -0.0, 0.036066, -0.179238, 0.983145, 0.374721, -0.043086, -0.983149, -0.177658, -0.0, 0.0, 0.0, 0.0, 1.0],
                [0.998474, -0.036188, -0.041719, -0.0, 0.036302, -0.13922, 0.989596, 0.374721, -0.04162, -0.9896, -0.137694, 0.0, 0.0, 0.0, 0.0, 1.0],
                [0.998738, -0.036482, -0.034507, -0.0, 0.036597, 0.058276, 0.99763, 0.374721, -0.034385, -0.997634, 0.059537, 0.0, 0.0, 0.0, 0.0, 1.0],
                [0.999183, -0.033648, -0.022386, 0.0, 0.033754, 0.390167, 0.920125, 0.374721, -0.022226, -0.920129, 0.390984, -0.0, 0.0, 0.0, 0.0, 1.0],
                [0.999496, -0.028561, -0.013852, -0.0, 0.028651, 0.623839, 0.781027, 0.374721, -0.013666, -0.781031, 0.624343, 0.0, 0.0, 0.0, 0.0, 1.0],
                [0.9994, -0.030476, -0.016481, 0.0, 0.030571, 0.551868, 0.833371, 0.374721, -0.016302, -0.833375, 0.552468, -0.0, 0.0, 0.0, 0.0, 1.0],
                [0.999122, -0.034309, -0.024057, -0.0, 0.034417, 0.344407, 0.938189, 0.374721, -0.023902, -0.938193, 0.345286, 0.0, 0.0, 0.0, 0.0, 1.0],
                [0.998919, -0.035855, -0.029574, 0.0, 0.035968, 0.193342, 0.980472, 0.374721, -0.029437, -0.980476, 0.194423, 0.0, 0.0, 0.0, 0.0, 1.0],
                [0.998787, -0.036381, -0.033187, -0.0, 0.036496, 0.094407, 0.994864, 0.374721, -0.033061, -0.994869, 0.09562, -0.0, 0.0, 0.0, 0.0, 1.0],
                [0.998709, -0.03652, -0.035303, 0.0, 0.036635, 0.036465, 0.998663, 0.374721, -0.035184, -0.998668, 0.037756, 0.0, 0.0, 0.0, 0.0, 1.0],
                [0.998664, -0.036544, -0.036539, 0.0, 0.036659, 0.00262, 0.999324, 0.374721, -0.036424, -0.999329, 0.003956, 0.0, 0.0, 0.0, 0.0, 1.0],
                [0.998626, -0.036533, -0.03756, -0.0, 0.036648, -0.025319, 0.999008, 0.374721, -0.037447, -0.999012, -0.023945, 0.0, 0.0, 0.0, 0.0, 1.0],
                [0.99858, -0.036479, -0.038825, 0.0, 0.036593, -0.059963, 0.99753, 0.374721, -0.038717, -0.997534, -0.058543, 0.0, 0.0, 0.0, 0.0, 1.0],
                [0.998541, -0.036398, -0.039899, -0.0, 0.036513, -0.089369, 0.995329, 0.374721, -0.039794, -0.995333, -0.08791, 0.0, 0.0, 0.0, 0.0, 1.0],
                [0.998528, -0.036365, -0.040244, -0.0, 0.03648, -0.098817, 0.994437, 0.374721, -0.04014, -0.994441, -0.097345, -0.0, 0.0, 0.0, 0.0, 1.0],
                [0.998532, -0.036375, -0.040146, 0.0, 0.03649, -0.09614, 0.994699, 0.374721, -0.040042, -0.994703, -0.094671, 0.0, 0.0, 0.0, 0.0, 1.0],
                [0.998534, -0.036382, -0.040073, -0.0, 0.036496, -0.094155, 0.994888, 0.374721, -0.039969, -0.994893, -0.09269, 0.0, 0.0, 0.0, 0.0, 1.0],
                [0.998524, -0.036356, -0.040341, -0.0, 0.03647, -0.101473, 0.994169, 0.374721, -0.040237, -0.994174, -0.099997, 0.0, 0.0, 0.0, 0.0, 1.0],
                [0.998506, -0.036302, -0.040832, -0.0, 0.036416, -0.114933, 0.992705, 0.374721, -0.04073, -0.99271, -0.11344, -0.0, 0.0, 0.0, 0.0, 1.0],
