{
    "animation": [
        {
            "name": "Root",
            "time": [0.0, 0.0167, 0.0333, 0.05, 0.0667, 0.0833, 0.1, 0.1167, 0.1333, 0.15, 0.1667, 0.1833, 0.2, 0.2167, 0.2333, 0.25, 0.2667, 0.2833, 0.3, 0.3167, 0.3333, 0.35, 0.3667, 0.3833, 0.4, 0.4167, 0.4333, 0.45, 0.4667, 0.4833, 0.5, 0.5167, 0.5333, 0.55, 0.5667, 0.5833, 0.6, 0.6167, 0.6333, 0.65, 0.6667, 0.6833, 0.7, 0.7167, 0.7333, 0.75, 0.7667, 0.7833, 0.8, 0.8167, 0.8333, 0.85, 0.8667, 0.8833, 0.9, 0.9167, 0.9333, 0.95, 0.9667, 0.9833, 1.0, 1.0167, 1.0333, 1.05, 1.0667, 1.0833, 1.1, 1.1167, 1.1333, 1.15, 1.1667, 1.1833, 1.2, 1.2167, 1.2333, 1.25, 1.2667, 1.2833, 1.3, 1.3167, 1.3333, 1.35, 1.3667, 1.3833, 1.4, 1.4167, 1.4333, 1.45, 1.4667, 1.4833, 1.5, 1.5167, 1.5333, 1.55, 1.5667, 1.5833, 1.6, 1.6167, 1.6333, 1.65, 1.6667, 1.6833, 1.7, 1.7167, 1.7333, 1.75, 1.7667, 1.7833, 1.8, 1.8167, 1.8333, 1.85, 1.8667, 1.8833, 1.9],
            "transform": [
                [1.0, 0.0, -0.0, 0.14368, -0.0, 0.0, -1.0, -0.002319, 0.0, 1.0, 0.0, 0.465138, 0.0, 0.0, 0.0, 1.0],
                [1.0, 0.0, -0.0, 0.143642, -0.0, 0.0, -1.0, -0.00727, 0.0, 1.0, 0.0, 0.466084, 0.0, 0.0, 0.0, 1.0],
                [1.0, 0.0, -0.0, 0.143326, -0.0, 0.0, -1.0, -0.022047, 0.0, 1.0, 0.0, 0.468906, 0.0, 0.0, 0.0, 1.0],
                [1.0, 0.0, -0.0, 0.14234, -0.0, 0.0, -1.0, -0.045311, 0.0, 1.0, 0.0, 0.473349, 0.0, 0.0, 0.0, 1.0],
                [1.0, 0.0, -0.0, 0.140212, -0.0, 0.0, -1.0, -0.07365, 0.0, 1.0, 0.0, 0.478761, 0.0, 0.0, 0.0, 1.0],
                [1.0, 0.0, -0.0, 0.13655, -0.0, 0.0, -1.0, -0.101989, 0.0, 1.0, 0.0, 0.484173, 0.0, 0.0, 0.0, 1.0],
                [1.0, 0.0, -0.0, 0.131193, -0.0, 0.0, -1.0, -0.125253, 0.0, 1.0, 0.0, 0.488616, 0.0, 0.0, 0.0, 1.0],
                [1.0, 0.0, -0.0, 0.124238, -0.0, 0.0, -1.0, -0.14003, 0.0, 1.0, 0.0, 0.491439, 0.0, 0.0, 0.0, 1.0],
                [1.0, 0.0, -0.0, 0.115934, -0.0, 0.0, -1.0, -0.144981, 0.0, 1.0, 0.0, 0.492384, 0.0, 0.0, 0.0, 1.0],
                [1.0, 0.0, -0.0, 0.104881, -0.0, 0.0, -1.0, -0.130291, 0.0, 1.0, 0.0, 0.478776, 0.0, 0.0, 0.0, 1.0],
                [1.0, 0.0, -0.0, 0.089593, -0.0, 0.0, -1.0, -0.08513, 0.0, 1.0, 0.0, 0.438093, 0.0, 0.0, 0.0, 1.0],
                [1.0, 0.0, -0.0, 0.071267, -0.0, 0.0, -1.0, -0.013911, 0.0, 1.0, 0.0, 0.376786, 0.0, 0.0, 0.0, 1.0],
                [1.0, 0.0, -0.0, 0.052486, -0.0, 0.0, -1.0, 0.06952, 0.0, 1.0, 0.0, 0.310006, 0.0, 0.0, 0.0, 1.0],
                [1.0, 0.0, -0.0, 0.035946, -0.0, 0.0, -1.0, 0.148246, 0.0, 1.0, 0.0, 0.254281, 0.0, 0.0, 0.0, 1.0],
                [1.0, 0.0, -0.0, 0.023088, -0.0, 0.0, -1.0, 0.211295, 0.0, 1.0, 0.0, 0.219001, 0.0, 0.0, 0.0, 1.0],
                [1.0, 0.0, -0.0, 0.012957, -0.0, 0.0, -1.0, 0.264731, 0.0, 1.0, 0.0, 0.197619, 0.0, 0.0, 0.0, 1.0],
                [1.0, 0.0, -0.0, 0.004756, -0.0, 0.0, -1.0, 0.31684, 0.0, 1.0, 0.0, 0.182709, 0.0, 0.0, 0.0, 1.0],
                [1.0, 0.0, -0.0, -0.001171, -0.0, 0.0, -1.0, 0.365678, 0.0, 1.0, 0.0, 0.174933, 0.0, 0.0, 0.0, 1.0],
                [1.0, 0.0, -0.0, -0.005251, -0.0, 0.0, -1.0, 0.410012, 0.0, 1.0, 0.0, 0.172419, 0.0, 0.0, 0.0, 1.0],
                [1.0, 0.0, -0.0, -0.00837, -0.0, 0.0, -1.0, 0.450222, 0.0, 1.0, 0.0, 0.172128, 0.0, 0.0, 0.0, 1.0],
                [1.0, 0.0, -0.0, -0.010577, -0.0, 0.0, -1.0, 0.485283, 0.0, 1.0, 0.0, 0.172916, 0.0, 0.0, 0.0, 1.0],
                [1.0, 0.0, -0.0, -0.011481, -0.0, 0.0, -1.0, 0.513767, 0.0, 1.0, 0.0, 0.175432, 0.0, 0.0, 0.0, 1.0],
                [1.0, 0.0, -0.0, -0.011711, -0.0, 0.0, -1.0, 0.538633, 0.0, 1.0, 0.0, 0.179462, 0.0, 0.0, 0.0, 1.0],
                [1.0, 0.0, -0.0, -0.012323, -0.0, 0.0, -1.0, 0.565027, 0.0, 1.0, 0.0, 0.184154, 0.0, 0.0, 0.0, 1.0],
                [1.0, 0.0, -0.0, -0.014033, -0.0, 0.0, -1.0, 0.59653, 0.0, 1.0, 0.0, 0.188644, 0.0, 0.0, 0.0, 1.0],
                [1.0, 0.0, -0.0, -0.016003, -0.0, 0.0, -1.0, 0.629554, 0.0, 1.0, 0.0, 0.192184, 0.0, 0.0, 0.0, 1.0],
                [1.0, 0.0, -0.0, -0.017397, -0.0, 0.0, -1.0, 0.660328, 0.0, 1.0, 0.0, 0.194587, 0.0, 0.0, 0.0, 1.0],
                [1.0, 0.0, -0.0, -0.018623, -0.0, 0.0, -1.0, 0.690514, 0.0, 1.0, 0.0, 0.19644, 0.0, 0.0, 0.0, 1.0],
                [1.0, 0.0, -0.0, -0.020308, -0.0, 0.0, -1.0, 0.722665, 0.0, 1.0, 0.0, 0.198707, 0.0, 0.0, 0.0, 1.0],
                [1.0, 0.0, -0.0, -0.023155, -0.0, 0.0, -1.0, 0.759623, 0.0, 1.0, 0.0, 0.202514, 0.0, 0.0, 0.0, 1.0],
                [1.0, 0.0, -0.0, -0.027691, -0.0, 0.0, -1.0, 0.803502, 0.0, 1.0, 0.0, 0.208753, 0.0, 0.0, 0.0, 1.0],
                [1.0, 0.0, -0.0, -0.034115, -0.0, 0.0, -1.0, 0.85508, 0.0, 1.0, 0.0, 0.217819, 0.0, 0.0, 0.0, 1.0],
                [1.0, 0.0, -0.0, -0.042346, -0.0, 0.0, -1.0, 0.914003, 0.0, 1.0, 0.0, 0.229655, 0.0, 0.0, 0.0, 1.0],
                [1.0, 0.0, -0.0, -0.058614, -0.0, 0.0, -1.0, 0.997851, 0.0, 1.0, 0.0, 0.258087, 0.0, 0.0, 0.0, 1.0],
                [1.0, 0.0, -0.0, -0.085404, -0.0, 0.0, -1.0, 1.11083, 0.0, 1.0, 0.0, 0.311975, 0.0, 0.0, 0.0, 1.0],
                [1.0, 0.0, -0.0, -0.109182, -0.0, 0.0, -1.0, 1.208509, 0.0, 1.0, 0.0, 0.367841, 0.0, 0.0, 0.0, 1.0],
                [1.0, 0.0, -0.0, -0.117846, -0.0, 0.0, -1.0, 1.253734, 0.0, 1.0, 0.0, 0.401266, 0.0, 0.0, 0.0, 1.0],
                [1.0, 0.0, -0.0, -0.117659, -0.0, 0.0, -1.0, 1.268909, 0.0, 1.0, 0.0, 0.419519, 0.0, 0.0, 0.0, 1.0],
                [1.0, 0.0, -0.0, -0.117093, -0.0, 0.0, -1.0, 1.281874, 0.0, 1.0, 0.0, 0.436059, 0.0, 0.0, 0.0, 1.0],
                [1.0, 0.0, -0.0, -0.116146, -0.0, 0.0, -1.0, 1.292618, 0.0, 1.0, 0.0, 0.450828, 0.0, 0.0, 0.0, 1.0],
                [1.0, 0.0, -0.0, -0.114826, -0.0, 0.0, -1.0, 1.301178, 0.0, 1.0, 0.0, 0.463788, 0.0, 0.0, 0.0, 1.0],
                [1.0, 0.0, -0.0, -0.113148, -0.0, 0.0, -1.0, 1.307649, 0.0, 1.0, 0.0, 0.474939, 0.0, 0.0, 0.0, 1.0],
                [1.0, 0.0, -0.0, -0.11114, -0.0, 0.0, -1.0, 1.312198, 0.0, 1.0, 0.0, 0.48432, 0.0, 0.0, 0.0, 1.0],
                [1.0, 0.0, -0.0, -0.108845, -0.0, 0.0, -1.0, 1.31507, 0.0, 1.0, 0.0, 0.492028, 0.0, 0.0, 0.0, 1.0],
                [1.0, 0.0, -0.0, -0.106319, -0.0, 0.0, -1.0, 1.316592, 0.0, 1.0, 0.0, 0.498215, 0.0, 0.0, 0.0, 1.0],
                [1.0, 0.0, -0.0, -0.103631, -0.0, 0.0, -1.0, 1.317165, 0.0, 1.0, 0.0, 0.503092, 0.0, 0.0, 0.0, 1.0],
                [1.0, 0.0, -0.0, -0.100858, -0.0, 0.0, -1.0, 1.317248, 0.0, 1.0, 0.0, 0.506924, 0.0, 0.0, 0.0, 1.0],
                [1.0, 0.0, -0.0, -0.098086, -0.0, 0.0, -1.0, 1.317331, 0.0, 1.0, 0.0, 0.510012, 0.0, 0.0, 0.0, 1.0],
                [1.0, 0.0, -0.0, -0.095397, -0.0, 0.0, -1.0, 1.317904, 0.0, 1.0, 0.0, 0.512678, 0.0, 0.0, 0.0, 1.0],
                [1.0, 0.0, -0.0, -0.092871, -0.0, 0.0, -1.0, 1.319426, 0.0, 1.0, 0.0, 0.515243, 0.0, 0.0, 0.0, 1.0],
                [1.0, 0.0, -0.0, -0.090576, -0.0, 0.0, -1.0, 1.322298, 0.0, 1.0, 0.0, 0.518007, 0.0, 0.0, 0.0, 1.0],
                [1.0, 0.0, -0.0, -0.088569, -0.0, 0.0, -1.0, 1.326847, 0.0, 1.0, 0.0, 0.521231, 0.0, 0.0, 0.0, 1.0],
                [1.0, 0.0, -0.0, -0.086891, -0.0, 0.0, -1.0, 1.333319, 0.0, 1.0, 0.0, 0.525134, 0.0, 0.0, 0.0, 1.0],
                [1.0, 0.0, -0.0, -0.08557, -0.0, 0.0, -1.0, 1.341879, 0.0, 1.0, 0.0, 0.529886, 0.0, 0.0, 0.0, 1.0],
                [1.0, 0.0, -0.0, -0.084624, -0.0, 0.0, -1.0, 1.352623, 0.0, 1.0, 0.0, 0.535611, 0.0, 0.0, 0.0, 1.0],
                [1.0, 0.0, -0.0, -0.084058, -0.0, 0.0, -1.0, 1.365587, 0.0, 1.0, 0.0, 0.542391, 0.0, 0.0, 0.0, 1.0],
                [1.0, 0.0, -0.0, -0.083871, -0.0, 0.0, -1.0, 1.380763, 0.0, 1.0, 0.0, 0.550275, 0.0, 0.0, 0.0, 1.0],
                [1.0, 0.0, -0.0, -0.083871, -0.0, 0.0, -1.0, 1.398559, 0.0, 1.0, 0.0, 0.560523, 0.0, 0.0, 0.0, 1.0],
                [1.0, 0.0, -0.0, -0.083871, -0.0, 0.0, -1.0, 1.424104, 0.0, 1.0, 0.0, 0.573454, 0.0, 0.0, 0.0, 1.0],
                [1.0, 0.0, -0.0, -0.083871, -0.0, 0.0, -1.0, 1.465635, 0.0, 1.0, 0.0, 0.586059, 0.0, 0.0, 0.0, 1.0],
                [1.0, 0.0, -0.0, -0.083871, -0.0, 0.0, -1.0, 1.527563, 0.0, 1.0, 0.0, 0.594631, 0.0, 0.0, 0.0, 1.0],
                [1.0, 0.0, -0.0, -0.083871, -0.0, 0.0, -1.0, 1.607264, 0.0, 1.0, 0.0, 0.597462, 0.0, 0.0, 0.0, 1.0],
                [1.0, 0.0, -0.0, -0.06038, -0.0, 0.0, -1.0, 1.727425, 0.0, 1.0, 0.0, 0.561241, 0.0, 0.0, 0.0, 1.0],
                [1.0, 0.0, -0.0, 0.001067, -0.0, 0.0, -1.0, 1.894986, 0.0, 1.0, 0.0, 0.466496, 0.0, 0.0, 0.0, 1.0],
                [1.0, 0.0, -0.0, 0.062514, -0.0, 0.0, -1.0, 2.044762, 0.0, 1.0, 0.0, 0.371751, 0.0, 0.0, 0.0, 1.0],
                [1.0, 0.0, -0.0, 0.086005, -0.0, 0.0, -1.0, 2.120024, 0.0, 1.0, 0.0, 0.33553, 0.0, 0.0, 0.0, 1.0],
                [1.0, 0.0, -0.0, 0.086005, -0.0, 0.0, -1.0, 2.512735, 0.0, 1.0, 0.0, 0.335808, 0.0, 0.0, 0.0, 1.0],
                [1.0, 0.0, -0.0, 0.086005, -0.0, 0.0, -1.0, 3.308894, 0.0, 1.0, 0.0, 0.338261, 0.0, 0.0, 0.0, 1.0],
                [1.0, 0.0, -0.0, 0.086005, -0.0, 0.0, -1.0, 3.678895, 0.0, 1.0, 0.0, 0.345361, 0.0, 0.0, 0.0, 1.0],
                [1.0, 0.0, -0.0, 0.086005, -0.0, 0.0, -1.0, 3.679557, 0.0, 1.0, 0.0, 0.357376, 0.0, 0.0, 0.0, 1.0],
                [1.0, 0.0, -0.0, 0.086005, -0.0, 0.0, -1.0, 3.666335, 0.0, 1.0, 0.0, 0.404563, 0.0, 0.0, 0.0, 1.0],
                [1.0, 0.0, -0.0, 0.086005, -0.0, 0.0, -1.0, 3.629528, 0.0, 1.0, 0.0, 0.506034, 0.0, 0.0, 0.0, 1.0],
                [1.0, 0.0, -0.0, 0.086005, -0.0, 0.0, -1.0, 3.58673, 0.0, 1.0, 0.0, 0.609248, 0.0, 0.0, 0.0, 1.0],
                [1.0, 0.0, -0.0, 0.086005, -0.0, 0.0, -1.0, 3.558385, 0.0, 1.0, 0.0, 0.660831, 0.0, 0.0, 0.0, 1.0],
                [1.0, 0.0, -0.0, 0.086005, -0.0, 0.0, -1.0, 3.541604, 0.0, 1.0, 0.0, 0.67917, 0.0, 0.0, 0.0, 1.0],
                [1.0, 0.0, -0.0, 0.086005, -0.0, 0.0, -1.0, 3.527472, 0.0, 1.0, 0.0, 0.695506, 0.0, 0.0, 0.0, 1.0],
                [1.0, 0.0, -0.0, 0.086005, -0.0, 0.0, -1.0, 3.51614, 0.0, 1.0, 0.0, 0.709518, 0.0, 0.0, 0.0, 1.0],
                [1.0, 0.0, -0.0, 0.086005, -0.0, 0.0, -1.0, 3.507591, 0.0, 1.0, 0.0, 0.720952, 0.0, 0.0, 0.0, 1.0],
                [1.0, 0.0, -0.0, 0.086005, -0.0, 0.0, -1.0, 3.50155, 0.0, 1.0, 0.0, 0.7297, 0.0, 0.0, 0.0, 1.0],
                [1.0, 0.0, -0.0, 0.086005, -0.0, 0.0, -1.0, 3.497468, 0.0, 1.0, 0.0, 0.735873, 0.0, 0.0, 0.0, 1.0],
                [1.0, 0.0, -0.0, 0.086005, -0.0, 0.0, -1.0, 3.49459, 0.0, 1.0, 0.0, 0.739811, 0.0, 0.0, 0.0, 1.0],
                [1.0, 0.0, -0.0, 0.086005, -0.0, 0.0, -1.0, 3.49211, 0.0, 1.0, 0.0, 0.742016, 0.0, 0.0, 0.0, 1.0],
                [1.0, 0.0, -0.0, 0.086005, -0.0, 0.0, -1.0, 3.489323, 0.0, 1.0, 0.0, 0.743037, 0.0, 0.0, 0.0, 1.0],
                [1.0, 0.0, -0.0, 0.086005, -0.0, 0.0, -1.0, 3.485713, 0.0, 1.0, 0.0, 0.743372, 0.0, 0.0, 0.0, 1.0],
                [1.0, 0.0, -0.0, 0.086005, -0.0, 0.0, -1.0, 3.480965, 0.0, 1.0, 0.0, 0.743415, 0.0, 0.0, 0.0, 1.0],
                [1.0, 0.0, -0.0, 0.086005, -0.0, 0.0, -1.0, 3.476379, 0.0, 1.0, 0.0, 0.743379, 0.0, 0.0, 0.0, 1.0],
                [1.0, 0.0, -0.0, 0.086005, -0.0, 0.0, -1.0, 3.473311, 0.0, 1.0, 0.0, 0.743089, 0.0, 0.0, 0.0, 1.0],
                [1.0, 0.0, -0.0, 0.086005, -0.0, 0.0, -1.0, 3.471476, 0.0, 1.0, 0.0, 0.742191, 0.0, 0.0, 0.0, 1.0],
                [1.0, 0.0, -0.0, 0.086005, -0.0, 0.0, -1.0, 3.470291, 0.0, 1.0, 0.0, 0.740245, 0.0, 0.0, 0.0, 1.0],
                [1.0, 0.0, -0.0, 0.086005, -0.0, 0.0, -1.0, 3.468922, 0.0, 1.0, 0.0, 0.736826, 0.0, 0.0, 0.0, 1.0],
                [1.0, 0.0, -0.0, 0.086005, -0.0, 0.0, -1.0, 3.466477, 0.0, 1.0, 0.0, 0.731656, 0.0, 0.0, 0.0, 1.0],
                [1.0, 0.0, -0.0, 0.086005, -0.0, 0.0, -1.0, 3.462269, 0.0, 1.0, 0.0, 0.724685, 0.0, 0.0, 0.0, 1.0],
                [1.0, 0.0, -0.0, 0.086005, -0.0, 0.0, -1.0, 3.455946, 0.0, 1.0, 0.0, 0.71606, 0.0, 0.0, 0.0, 1.0],
                [1.0, 0.0, -0.0, 0.086005, -0.0, 0.0, -1.0, 3.447457, 0.0, 1.0, 0.0, 0.706032, 0.0, 0.0, 0.0, 1.0],
                [1.0, 0.0, -0.0, 0.086005, -0.0, 0.0, -1.0, 3.432553, 0.0, 1.0, 0.0, 0.682455, 0.0, 0.0, 0.0, 1.0],
                [1.0, 0.0, -0.0, 0.086005, -0.0, 0.0, -1.0, 3.406832, 0.0, 1.0, 0.0, 0.633872, 0.0, 0.0, 0.0, 1.0],
                [1.0, 0.0, -0.0, 0.086005, -0.0, 0.0, -1.0, 3.371865, 0.0, 1.0, 0.0, 0.566252, 0.0, 0.0, 0.0, 1.0],
                [1.0, 0.0, -0.0, 0.086005, -0.0, 0.0, -1.0, 3.332001, 0.0, 1.0, 0.0, 0.492581, 0.0, 0.0, 0.0, 1.0],
                [1.0, 0.0, -0.0, 0.086005, -0.0, 0.0, -1.0, 3.293252, 0.0, 1.0, 0.0, 0.429038, 0.0, 0.0, 0.0, 1.0],
                [1.0, 0.0, -0.0, 0.086005, -0.0, 0.0, -1.0, 3.260643, 0.0, 1.0, 0.0, 0.38788, 0.0, 0.0, 0.0, 1.0],
                [1.0, 0.0, -0.0, 0.086005, -0.0, 0.0, -1.0, 3.236669, 0.0, 1.0, 0.0, 0.374079, 0.0, 0.0, 0.0, 1.0],
                [1.0, 0.0, -0.0, 0.086005, -0.0, 0.0, -1.0, 3.217782, 0.0, 1.0, 0.0, 0.375408, 0.0, 0.0, 0.0, 1.0],
                [1.0, 0.0, -0.0, 0.086005, -0.0, 0.0, -1.0, 3.200067, 0.0, 1.0, 0.0, 0.379428, 0.0, 0.0, 0.0, 1.0],
                [1.0, 0.0, -0.0, 0.086005, -0.0, 0.0, -1.0, 3.183734, 0.0, 1.0, 0.0, 0.386101, 0.0, 0.0, 0.0, 1.0],
                [1.0, 0.0, -0.0, 0.086005, -0.0, 0.0, -1.0, 3.168996, 0.0, 1.0, 0.0, 0.395253, 0.0, 0.0, 0.0, 1.0],
                [1.0, 0.0, -0.0, 0.086005, -0.0, 0.0, -1.0, 3.156044, 0.0, 1.0, 0.0, 0.406526, 0.0, 0.0, 0.0, 1.0],
                [1.0, 0.0, -0.0, 0.086005, -0.0, 0.0, -1.0, 3.145019, 0.0, 1.0, 0.0, 0.419364, 0.0, 0.0, 0.0, 1.0],
                [1.0, 0.0, -0.0, 0.086005, -0.0, 0.0, -1.0, 3.135974, 0.0, 1.0, 0.0, 0.433039, 0.0, 0.0, 0.0, 1.0],
                [1.0, 0.0, -0.0, 0.086005, -0.0, 0.0, -1.0, 3.128862, 0.0, 1.0, 0.0, 0.446713, 0.0, 0.0, 0.0, 1.0],
                [1.0, 0.0, -0.0, 0.086005, -0.0, 0.0, -1.0, 3.123534, 0.0, 1.0, 0.0, 0.459552, 0.0, 0.0, 0.0, 1.0],
                [1.0, 0.0, -0.0, 0.086005, -0.0, 0.0, -1.0, 3.119758, 0.0, 1.0, 0.0, 0.470825, 0.0, 0.0, 0.0, 1.0],
                [1.0, 0.0, -0.0, 0.086005, -0.0, 0.0, -1.0, 3.117264, 0.0, 1.0, 0.0, 0.479976, 0.0, 0.0, 0.0, 1.0],
                [1.0, 0.0, -0.0, 0.086005, -0.0, 0.0, -1.0, 3.115777, 0.0, 1.0, 0.0, 0.48665, 0.0, 0.0, 0.0, 1.0],
                [1.0, 0.0, -0.0, 0.086005, -0.0, 0.0, -1.0, 3.11504, 0.0, 1.0, 0.0, 0.490669, 0.0, 0.0, 0.0, 1.0],
                [1.0, 0.0, -0.0, 0.086005, -0.0, 0.0, -1.0, 3.114836, 0.0, 1.0, 0.0, 0.491999, 0.0, 0.0, 0.0, 1.0]
            ]
        },
        {
            "name": "Thigh_R",
            "time": [0.0, 0.0167, 0.0333, 0.05, 0.0667, 0.0833, 0.1, 0.1167, 0.1333, 0.15, 0.1667, 0.1833, 0.2, 0.2167, 0.2333, 0.25, 0.2667, 0.2833, 0.3, 0.3167, 0.3333, 0.35, 0.3667, 0.3833, 0.4, 0.4167, 0.4333, 0.45, 0.4667, 0.4833, 0.5, 0.5167, 0.5333, 0.55, 0.5667, 0.5833, 0.6, 0.6167, 0.6333, 0.65, 0.6667, 0.6833, 0.7, 0.7167, 0.7333, 0.75, 0.7667, 0.7833, 0.8, 0.8167, 0.8333, 0.85, 0.8667, 0.8833, 0.9, 0.9167, 0.9333, 0.95, 0.9667, 0.9833, 1.0, 1.0167, 1.0333, 1.05, 1.0667, 1.0833, 1.1, 1.1167, 1.1333, 1.15, 1.1667, 1.1833, 1.2, 1.2167, 1.2333, 1.25, 1.2667, 1.2833, 1.3, 1.3167, 1.3333, 1.35, 1.3667, 1.3833, 1.4, 1.4167, 1.4333, 1.45, 1.4667, 1.4833, 1.5, 1.5167, 1.5333, 1.55, 1.5667, 1.5833, 1.6, 1.6167, 1.6333, 1.65, 1.6667, 1.6833, 1.7, 1.7167, 1.7333, 1.75, 1.7667, 1.7833, 1.8, 1.8167, 1.8333, 1.85, 1.8667, 1.8833, 1.9],
            "transform": [
                [0.283876, -0.828916, -0.481988, -0.063841, 0.605945, -0.234492, 0.76016, -0.060526, -0.743132, -0.507849, 0.435711, -0.157638, 0.0, 0.0, 0.0, 1.0],
                [0.283942, -0.824552, -0.489378, -0.063841, 0.611371, -0.237487, 0.754867, -0.060526, -0.738648, -0.51353, 0.436675, -0.157638, 0.0, 0.0, 0.0, 1.0],
                [0.283158, -0.810874, -0.512157, -0.063841, 0.627634, -0.247115, 0.738248, -0.060526, -0.725188, -0.530487, 0.43896, -0.157638, 0.0, 0.0, 0.0, 1.0],
                [0.279456, -0.786972, -0.550072, -0.063841, 0.653059, -0.264182, 0.709734, -0.060526, -0.70386, -0.557569, 0.440111, -0.157638, 0.0, 0.0, 0.0, 1.0],
                [0.270725, -0.753199, -0.599499, -0.063841, 0.683751, -0.287922, 0.670511, -0.060526, -0.677637, -0.591432, 0.437053, -0.157638, 0.0, 0.0, 0.0, 1.0],
                [0.255953, -0.712725, -0.653078, -0.063841, 0.714737, -0.315346, 0.624266, -0.060526, -0.650876, -0.626562, 0.428697, -0.157638, 0.0, 0.0, 0.0, 1.0],
                [0.23571, -0.673014, -0.701066, -0.063841, 0.741938, -0.341302, 0.577097, -0.060526, -0.62767, -0.656174, 0.418887, -0.157638, 0.0, 0.0, 0.0, 1.0],
                [0.211372, -0.64424, -0.735035, -0.063841, 0.763305, -0.360907, 0.535828, -0.060526, -0.610481, -0.674315, 0.415466, -0.157638, 0.0, 0.0, 0.0, 1.0],
                [0.184055, -0.634633, -0.750576, -0.063841, 0.778454, -0.372105, 0.505517, -0.060526, -0.600111, -0.677332, 0.425545, -0.157638, 0.0, 0.0, 0.0, 1.0],
                [0.147843, -0.660594, -0.736043, -0.071446, 0.788932, -0.370036, 0.490571, -0.047842, -0.59643, -0.653215, 0.466456, -0.154313, 0.0, 0.0, 0.0, 1.0],
                [0.092551, -0.717233, -0.69066, -0.093579, 0.793257, -0.366126, 0.486512, -0.010926, -0.601811, -0.592898, 0.535065, -0.144104, 0.0, 0.0, 0.0, 1.0],
                [0.010098, -0.772206, -0.635292, -0.125398, 0.785082, -0.38736, 0.48332, 0.04214, -0.61931, -0.503637, 0.602333, -0.128037, 0.0, 0.0, 0.0, 1.0],
                [-0.106202, -0.805178, -0.583445, -0.157216, 0.755953, -0.446558, 0.478665, 0.095201, -0.645954, -0.390222, 0.656103, -0.109272, 0.0, 0.0, 0.0, 1.0],
                [-0.249952, -0.809397, -0.531414, -0.17935, 0.700934, -0.529893, 0.477394, 0.132105, -0.667994, -0.253161, 0.699782, -0.091647, 0.0, 0.0, 0.0, 1.0],
                [-0.392342, -0.791876, -0.467973, -0.186956, 0.632379, -0.601674, 0.487939, 0.144773, -0.667955, -0.104498, 0.736829, -0.077636, 0.0, 0.0, 0.0, 1.0],
                [-0.521251, -0.75574, -0.396426, -0.186328, 0.554448, -0.653027, 0.51589, 0.143701, -0.648756, 0.049111, 0.75941, -0.065838, 0.0, 0.0, 0.0, 1.0],
                [-0.641626, -0.693776, -0.327095, -0.184349, 0.455079, -0.687613, 0.565767, 0.140458, -0.61743, 0.214157, 0.756913, -0.054167, 0.0, 0.0, 0.0, 1.0],
                [-0.738665, -0.620142, -0.264192, -0.180917, 0.35152, -0.688807, 0.634017, 0.135063, -0.575158, 0.375458, 0.72679, -0.042707, 0.0, 0.0, 0.0, 1.0],
                [-0.806667, -0.552728, -0.209239, -0.176041, 0.264037, -0.653785, 0.709119, 0.12777, -0.528747, 0.516776, 0.673327, -0.031552, 0.0, 0.0, 0.0, 1.0],
                [-0.851659, -0.499127, -0.159837, -0.169889, 0.199565, -0.590846, 0.781713, 0.119119, -0.484613, 0.633856, 0.602808, -0.020797, 0.0, 0.0, 0.0, 1.0],
                [-0.881435, -0.458803, -0.112128, -0.16279, 0.160081, -0.513562, 0.842988, 0.109876, -0.44435, 0.725089, 0.526117, -0.010507, 0.0, 0.0, 0.0, 1.0],
                [-0.900999, -0.429191, -0.063216, -0.155168, 0.146536, -0.438245, 0.88683, 0.100868, -0.408324, 0.78977, 0.45775, -0.000699, 0.0, 0.0, 0.0, 1.0],
                [-0.91548, -0.402126, -0.01383, -0.147439, 0.147302, -0.366937, 0.918509, 0.09279, -0.374431, 0.83884, 0.395158, 0.008654, 0.0, 0.0, 0.0, 1.0],
                [-0.929488, -0.367375, 0.032966, -0.139929, 0.147263, -0.287667, 0.946341, 0.086092, -0.338179, 0.884468, 0.321484, 0.017612, 0.0, 0.0, 0.0, 1.0],
                [-0.94493, -0.318866, 0.073703, -0.132849, 0.139743, -0.189472, 0.971891, 0.080991, -0.295938, 0.928668, 0.223597, 0.026246, 0.0, 0.0, 0.0, 1.0],
                [-0.959628, -0.260055, 0.10717, -0.127121, 0.134664, -0.09027, 0.986771, 0.076851, -0.246941, 0.961365, 0.121646, 0.035097, 0.0, 0.0, 0.0, 1.0],
                [-0.97166, -0.19312, 0.13631, -0.12324, 0.140278, -0.006958, 0.990088, 0.073082, -0.190257, 0.981151, 0.033852, 0.044468, 0.0, 0.0, 0.0, 1.0],
                [-0.97962, -0.115122, 0.164596, -0.12026, 0.157785, 0.06603, 0.985263, 0.069841, -0.124294, 0.991154, -0.04652, 0.053872, 0.0, 0.0, 0.0, 1.0],
                [-0.980257, -0.024141, 0.196249, -0.116631, 0.191404, 0.133175, 0.972435, 0.067272, -0.049611, 0.990799, -0.125924, 0.062591, 0.0, 0.0, 0.0, 1.0],
                [-0.968368, 0.079537, 0.236508, -0.11054, 0.247682, 0.191432, 0.949741, 0.06544, 0.030264, 0.978278, -0.205077, 0.069843, 0.0, 0.0, 0.0, 1.0],
                [-0.937461, 0.191203, 0.290875, -0.100544, 0.330565, 0.227202, 0.916027, 0.064301, 0.10906, 0.954893, -0.276197, 0.07507, 0.0, 0.0, 0.0, 1.0],
                [-0.88261, 0.298701, 0.363011, -0.086004, 0.434639, 0.224257, 0.872237, 0.063726, 0.17913, 0.927625, -0.327758, 0.078093, 0.0, 0.0, 0.0, 1.0],
                [-0.805256, 0.383549, 0.452165, -0.067006, 0.544755, 0.177484, 0.819598, 0.063561, 0.234104, 0.906305, -0.35186, 0.079042, 0.0, 0.0, 0.0, 1.0],
                [-0.672356, 0.454997, 0.583879, -0.026526, 0.672719, 0.046482, 0.738436, 0.063558, 0.308847, 0.889279, -0.337338, 0.079045, 0.0, 0.0, 0.0, 1.0],
                [-0.469597, 0.485997, 0.737079, 0.042701, 0.779455, -0.163871, 0.604645, 0.063562, 0.414641, 0.85846, -0.30186, 0.079047, 0.0, 0.0, 0.0, 1.0],
                [-0.283564, 0.471284, 0.835154, 0.104921, 0.814046, -0.342031, 0.469408, 0.063564, 0.506873, 0.812961, -0.28666, 0.079048, 0.0, 0.0, 0.0, 1.0],
                [-0.174613, 0.4717, 0.864297, 0.127716, 0.806961, -0.434418, 0.400118, 0.063561, 0.564202, 0.76732, -0.304788, 0.079043, 0.0, 0.0, 0.0, 1.0],
                [-0.107682, 0.490662, 0.864671, 0.127716, 0.789695, -0.486152, 0.374215, 0.063374, 0.603975, 0.723122, -0.335124, 0.078765, 0.0, 0.0, 0.0, 1.0],
                [-0.039627, 0.500515, 0.86482, 0.127716, 0.768009, -0.538416, 0.346799, 0.062825, 0.639212, 0.677933, -0.363064, 0.077938, 0.0, 0.0, 0.0, 1.0],
                [0.029418, 0.494467, 0.868699, 0.127716, 0.745544, -0.589741, 0.310435, 0.061911, 0.665807, 0.63852, -0.385995, 0.07656, 0.0, 0.0, 0.0, 1.0],
                [0.098241, 0.469992, 0.877187, 0.127716, 0.725927, -0.636782, 0.259883, 0.060639, 0.680719, 0.611242, -0.403738, 0.07464, 0.0, 0.0, 0.0, 1.0],
                [0.164442, 0.433213, 0.886163, 0.127716, 0.710639, -0.675076, 0.19815, 0.059024, 0.684069, 0.597158, -0.41887, 0.072202, 0.0, 0.0, 0.0, 1.0],
                [0.225678, 0.395024, 0.89052, 0.127716, 0.698964, -0.702406, 0.134446, 0.057094, 0.678616, 0.5921, -0.434625, 0.069287, 0.0, 0.0, 0.0, 1.0],
                [0.280458, 0.36141, 0.889228, 0.127716, 0.688152, -0.721552, 0.076222, 0.054888, 0.669172, 0.590546, -0.45107, 0.065956, 0.0, 0.0, 0.0, 1.0],
                [0.328938, 0.332123, 0.884022, 0.127716, 0.676777, -0.735776, 0.024604, 0.052462, 0.658614, 0.590192, -0.466798, 0.06229, 0.0, 0.0, 0.0, 1.0],
                [0.372184, 0.306811, 0.875983, 0.127716, 0.665202, -0.746361, -0.021217, 0.04988, 0.64729, 0.590603, -0.481876, 0.058389, 0.0, 0.0, 0.0, 1.0],
                [0.411355, 0.284547, 0.865922, 0.127716, 0.653551, -0.754288, -0.062605, 0.047218, 0.635341, 0.591677, -0.496246, 0.054367, 0.0, 0.0, 0.0, 1.0],
                [0.447625, 0.263648, 0.854471, 0.127716, 0.641728, -0.760169, -0.101626, 0.044557, 0.62275, 0.593828, -0.509462, 0.050345, 0.0, 0.0, 0.0, 1.0],
                [0.482114, 0.242376, 0.841914, 0.127716, 0.629469, -0.764227, -0.140449, 0.041976, 0.609372, 0.597671, -0.521013, 0.046446, 0.0, 0.0, 0.0, 1.0],
                [0.515818, 0.218361, 0.828402, 0.127716, 0.616365, -0.76618, -0.18183, 0.039552, 0.595, 0.60439, -0.5298, 0.042782, 0.0, 0.0, 0.0, 1.0],
                [0.549522, 0.189126, 0.813792, 0.127716, 0.601926, -0.765119, -0.228643, 0.03735, 0.579405, 0.615487, -0.53429, 0.039454, 0.0, 0.0, 0.0, 1.0],
                [0.583724, 0.151226, 0.797745, 0.127716, 0.585616, -0.758972, -0.284631, 0.035424, 0.562423, 0.633318, -0.531591, 0.036543, 0.0, 0.0, 0.0, 1.0],
                [0.618573, 0.097151, 0.779698, 0.127716, 0.566829, -0.742373, -0.357193, 0.033814, 0.544125, 0.662905, -0.51428, 0.03411, 0.0, 0.0, 0.0, 1.0],
                [0.65374, -0.03014, 0.756119, 0.127716, 0.54352, -0.676522, -0.496895, 0.032547, 0.526507, 0.735805, -0.425888, 0.032195, 0.0, 0.0, 0.0, 1.0],
                [0.688604, -0.030901, 0.724479, 0.127716, 0.522239, -0.67201, -0.525042, 0.03164, 0.503081, 0.739897, -0.446611, 0.030823, 0.0, 0.0, 0.0, 1.0],
                [0.722616, -0.031059, 0.690551, 0.127716, 0.499197, -0.667573, -0.552402, 0.031097, 0.478151, 0.743896, -0.466895, 0.030002, 0.0, 0.0, 0.0, 1.0],
                [0.754956, -0.030647, 0.655059, 0.127716, 0.474914, -0.663283, -0.578371, 0.030917, 0.452214, 0.747741, -0.486195, 0.029731, 0.0, 0.0, 0.0, 1.0],
                [0.784477, -0.028503, 0.619502, 0.127716, 0.448313, -0.664157, -0.598257, 0.030917, 0.428499, 0.74705, -0.508237, 0.029731, 0.0, 0.0, 0.0, 1.0],
                [0.808338, -0.020672, 0.588355, 0.127716, 0.423015, -0.674666, -0.604883, 0.030917, 0.409448, 0.737833, -0.536614, 0.029731, 0.0, 0.0, 0.0, 1.0],
                [0.823347, -0.002508, 0.567532, 0.127716, 0.408875, -0.690893, -0.596228, 0.030917, 0.393599, 0.722953, -0.56782, 0.029731, 0.0, 0.0, 0.0, 1.0],
                [0.828598, 0.028206, 0.559133, 0.127716, 0.41265, -0.705716, -0.57592, 0.030917, 0.378345, 0.707933, -0.596395, 0.029731, 0.0, 0.0, 0.0, 1.0],
                [0.825734, 0.06948, 0.559764, 0.127716, 0.43327, -0.713549, -0.550568, 0.030917, 0.361166, 0.697151, -0.619305, 0.029731, 0.0, 0.0, 0.0, 1.0],
                [0.805464, 0.291381, 0.516066, 0.127339, 0.520559, -0.764071, -0.381068, 0.02625, 0.283276, 0.57558, -0.767113, 0.025618, 0.0, 0.0, 0.0, 1.0],
                [0.706678, 0.593873, 0.384605, 0.126355, 0.707534, -0.592351, -0.385377, 0.014043, -0.001044, 0.544459, -0.838787, 0.01486, 0.0, 0.0, 0.0, 1.0],
                [0.527744, 0.665074, 0.528358, 0.12537, 0.741185, -0.056743, -0.668899, 0.001836, -0.414887, 0.744618, -0.522888, 0.004101, 0.0, 0.0, 0.0, 1.0],
                [0.515466, 0.572854, 0.637286, 0.124994, 0.660945, 0.207544, -0.721163, -0.002831, -0.545386, 0.792946, -0.271644, -1.2e-05, 0.0, 0.0, 0.0, 1.0],
                [0.556212, 0.551155, 0.621978, 0.124994, 0.628584, 0.210553, -0.748698, -0.002831, -0.543608, 0.807401, -0.229335, -1.2e-05, 0.0, 0.0, 0.0, 1.0],
                [0.584247, 0.542721, 0.603415, 0.124994, 0.609274, 0.197861, -0.767878, -0.002831, -0.536136, 0.816275, -0.215066, -1.2e-05, 0.0, 0.0, 0.0, 1.0],
                [0.604071, 0.541066, 0.585103, 0.124994, 0.597743, 0.177959, -0.781686, -0.002831, -0.527068, 0.821936, -0.215918, -1.2e-05, 0.0, 0.0, 0.0, 1.0],
                [0.623145, 0.536426, 0.569155, 0.124994, 0.584416, 0.164249, -0.794657, -0.002831, -0.519758, 0.82781, -0.211144, -1.2e-05, 0.0, 0.0, 0.0, 1.0],
                [0.672546, 0.565633, 0.477222, 0.122816, 0.527227, 0.086319, -0.845329, 0.010664, -0.519339, 0.820127, -0.240163, -0.000649, 0.0, 0.0, 0.0, 1.0],
                [0.709708, 0.646206, 0.280593, 0.11712, 0.432301, -0.08498, -0.897716, 0.045964, -0.556264, 0.758417, -0.339667, -0.002317, 0.0, 0.0, 0.0, 1.0],
                [0.683821, 0.7233, 0.096053, 0.111423, 0.377682, -0.238245, -0.89476, 0.081263, -0.624296, 0.648133, -0.436094, -0.003985, 0.0, 0.0, 0.0, 1.0],
                [0.643064, 0.765812, -0.00045, 0.109246, 0.374194, -0.31473, -0.87231, 0.094758, -0.668167, 0.560783, -0.488954, -0.004623, 0.0, 0.0, 0.0, 1.0],
                [0.610346, 0.790964, -0.043048, 0.109246, 0.392056, -0.348857, -0.851229, 0.094758, -0.688309, 0.502667, -0.523026, -0.004623, 0.0, 0.0, 0.0, 1.0],
                [0.580979, 0.810276, -0.07692, 0.109246, 0.412027, -0.374292, -0.830746, 0.094758, -0.701924, 0.450953, -0.551311, -0.004623, 0.0, 0.0, 0.0, 1.0],
                [0.556467, 0.824658, -0.101406, 0.109246, 0.432649, -0.391792, -0.811981, 0.094758, -0.709337, 0.407967, -0.574807, -0.004623, 0.0, 0.0, 0.0, 1.0],
                [0.537631, 0.835079, -0.116597, 0.109246, 0.452575, -0.402475, -0.795732, 0.094758, -0.711427, 0.375041, -0.59432, -0.004623, 0.0, 0.0, 0.0, 1.0],
                [0.524494, 0.842411, -0.123491, 0.109246, 0.470763, -0.407791, -0.782361, 0.094758, -0.709428, 0.352209, -0.610459, -0.004623, 0.0, 0.0, 0.0, 1.0],
                [0.51636, 0.84735, -0.12397, 0.109246, 0.486568, -0.409418, -0.77177, 0.094758, -0.704715, 0.338191, -0.623701, -0.004623, 0.0, 0.0, 0.0, 1.0],
                [0.51209, 0.850434, -0.12052, 0.109246, 0.499718, -0.409104, -0.763489, 0.094758, -0.698603, 0.330749, -0.634476, -0.004623, 0.0, 0.0, 0.0, 1.0],
                [0.510442, 0.852084, -0.115762, 0.109246, 0.510197, -0.408461, -0.756874, 0.094758, -0.692205, 0.327278, -0.643227, -0.004623, 0.0, 0.0, 0.0, 1.0],
                [0.510344, 0.852646, -0.111996, 0.109246, 0.518122, -0.408799, -0.751287, 0.094758, -0.686366, 0.325387, -0.650403, -0.004623, 0.0, 0.0, 0.0, 1.0],
                [0.511008, 0.852387, -0.110932, 0.109246, 0.523654, -0.411045, -0.74621, 0.094758, -0.681658, 0.323229, -0.656404, -0.004623, 0.0, 0.0, 0.0, 1.0],
                [0.511917, 0.851482, -0.113657, 0.109246, 0.526956, -0.415754, -0.74126, 0.094758, -0.678423, 0.319572, -0.661526, -0.004623, 0.0, 0.0, 0.0, 1.0],
                [0.51855, 0.845941, -0.124459, 0.109246, 0.528426, -0.431488, -0.731152, 0.094758, -0.672214, 0.313371, -0.670765, -0.004623, 0.0, 0.0, 0.0, 1.0],
                [0.537085, 0.830653, -0.146814, 0.109246, 0.528183, -0.466872, -0.709263, 0.094758, -0.657695, 0.30339, -0.689487, -0.004623, 0.0, 0.0, 0.0, 1.0],
                [0.567114, 0.804208, -0.177849, 0.109246, 0.525892, -0.519744, -0.673279, 0.094758, -0.633893, 0.288296, -0.71768, -0.004623, 0.0, 0.0, 0.0, 1.0],
                [0.606238, 0.766683, -0.211361, 0.109246, 0.521241, -0.583774, -0.622507, 0.094758, -0.600652, 0.267217, -0.753533, -0.004623, 0.0, 0.0, 0.0, 1.0],
                [0.650107, 0.721176, -0.239302, 0.109246, 0.514178, -0.649413, -0.560254, 0.094758, -0.559447, 0.241181, -0.793001, -0.004623, 0.0, 0.0, 0.0, 1.0],
                [0.693653, 0.673558, -0.255273, 0.109246, 0.50511, -0.707504, -0.49427, 0.094758, -0.513526, 0.213911, -0.830983, -0.004623, 0.0, 0.0, 0.0, 1.0],
                [0.732859, 0.629839, -0.257333, 0.109246, 0.494865, -0.753003, -0.433699, 0.094758, -0.466933, 0.190494, -0.863531, -0.004623, 0.0, 0.0, 0.0, 1.0],
                [0.765709, 0.593584, -0.247685, 0.109246, 0.484414, -0.785548, -0.385043, 0.094758, -0.423124, 0.174849, -0.889041, -0.004623, 0.0, 0.0, 0.0, 1.0],
                [0.791929, 0.565549, -0.230222, 0.109246, 0.474585, -0.807321, -0.350716, 0.094758, -0.384211, 0.168482, -0.907742, -0.004623, 0.0, 0.0, 0.0, 1.0],
                [0.810855, 0.547631, -0.206432, 0.109246, 0.473037, -0.820954, -0.319797, 0.094758, -0.344602, 0.161658, -0.924725, -0.004623, 0.0, 0.0, 0.0, 1.0],
                [0.821934, 0.541426, -0.17687, 0.109246, 0.48602, -0.828596, -0.277874, 0.094758, -0.297002, 0.142431, -0.944195, -0.004623, 0.0, 0.0, 0.0, 1.0],
                [0.825455, 0.545198, -0.146233, 0.109246, 0.509982, -0.831362, -0.220808, 0.094758, -0.241956, 0.107691, -0.964292, -0.004623, 0.0, 0.0, 0.0, 1.0],
                [0.82246, 0.555509, -0.122352, 0.109246, 0.537813, -0.829471, -0.150782, 0.094758, -0.185248, 0.058209, -0.980966, -0.004623, 0.0, 0.0, 0.0, 1.0],
                [0.816057, 0.566796, -0.113101, 0.109246, 0.561355, -0.823858, -0.078352, 0.094758, -0.137589, 0.00045, -0.990489, -0.004623, 0.0, 0.0, 0.0, 1.0],
                [0.810235, 0.573258, -0.122039, 0.109246, 0.575941, -0.817343, -0.015577, 0.094758, -0.108678, -0.057666, -0.992403, -0.004623, 0.0, 0.0, 0.0, 1.0],
                [0.807344, 0.571418, -0.147232, 0.109246, 0.581136, -0.813237, 0.030415, 0.094758, -0.102355, -0.110118, -0.988634, -0.004623, 0.0, 0.0, 0.0, 1.0],
                [0.806926, 0.563416, -0.177291, 0.109246, 0.580808, -0.811462, 0.064745, 0.094758, -0.107386, -0.155217, -0.982027, -0.004623, 0.0, 0.0, 0.0, 1.0],
                [0.808211, 0.552733, -0.203176, 0.109246, 0.57798, -0.810639, 0.093828, 0.094758, -0.112841, -0.193265, -0.974636, -0.004623, 0.0, 0.0, 0.0, 1.0],
                [0.811103, 0.540106, -0.224493, 0.109246, 0.57273, -0.81129, 0.117424, 0.094758, -0.118708, -0.223818, -0.967375, -0.004623, 0.0, 0.0, 0.0, 1.0],
                [0.815381, 0.526386, -0.240981, 0.109246, 0.565286, -0.813737, 0.135214, 0.094758, -0.12492, -0.246474, -0.961065, -0.004623, 0.0, 0.0, 0.0, 1.0],
                [0.820707, 0.512473, -0.252608, 0.109246, 0.556045, -0.818062, 0.146929, 0.094758, -0.131352, -0.261048, -0.956348, -0.004623, 0.0, 0.0, 0.0, 1.0],
                [0.826661, 0.499216, -0.259643, 0.109246, 0.545562, -0.824073, 0.152531, 0.094758, -0.137819, -0.267742, -0.953583, -0.004623, 0.0, 0.0, 0.0, 1.0],
                [0.832792, 0.48731, -0.262654, 0.109246, 0.534503, -0.831318, 0.15237, 0.094758, -0.144098, -0.267282, -0.952784, -0.004623, 0.0, 0.0, 0.0, 1.0],
                [0.83868, 0.477208, -0.262465, 0.109246, 0.523573, -0.839151, 0.1473, 0.094758, -0.149955, -0.260957, -0.953633, -0.004623, 0.0, 0.0, 0.0, 1.0],
                [0.84399, 0.469122, -0.260009, 0.109246, 0.51342, -0.846872, 0.138591, 0.094758, -0.155178, -0.250464, -0.955609, -0.004623, 0.0, 0.0, 0.0, 1.0],
                [0.848483, 0.462983, -0.256364, 0.109246, 0.504584, -0.853812, 0.128062, 0.094758, -0.159596, -0.238016, -0.958059, -0.004623, 0.0, 0.0, 0.0, 1.0],
                [0.852026, 0.458616, -0.252436, 0.109246, 0.497446, -0.859504, 0.117472, 0.094758, -0.163095, -0.225662, -0.960456, -0.004623, 0.0, 0.0, 0.0, 1.0],
                [0.854558, 0.455788, -0.248974, 0.109246, 0.492243, -0.863678, 0.108431, 0.094758, -0.165611, -0.215216, -0.962421, -0.004623, 0.0, 0.0, 0.0, 1.0],
                [0.856065, 0.454203, -0.24668, 0.109246, 0.489105, -0.866182, 0.102491, 0.094758, -0.167118, -0.208392, -0.963662, -0.004623, 0.0, 0.0, 0.0, 1.0],
                [0.856564, 0.453708, -0.245861, 0.109246, 0.48806, -0.867017, 0.10039, 0.094758, -0.167618, -0.205985, -0.964092, -0.004623, 0.0, 0.0, 0.0, 1.0]
            ]
        },
        {
            "name": "Leg_R",
            "time": [0.0, 0.0167, 0.0333, 0.05, 0.0667, 0.0833, 0.1, 0.1167, 0.1333, 0.15, 0.1667, 0.1833, 0.2, 0.2167, 0.2333, 0.25, 0.2667, 0.2833, 0.3, 0.3167, 0.3333, 0.35, 0.3667, 0.3833, 0.4, 0.4167, 0.4333, 0.45, 0.4667, 0.4833, 0.5, 0.5167, 0.5333, 0.55, 0.5667, 0.5833, 0.6, 0.6167, 0.6333, 0.65, 0.6667, 0.6833, 0.7, 0.7167, 0.7333, 0.75, 0.7667, 0.7833, 0.8, 0.8167, 0.8333, 0.85, 0.8667, 0.8833, 0.9, 0.9167, 0.9333, 0.95, 0.9667, 0.9833, 1.0, 1.0167, 1.0333, 1.05, 1.0667, 1.0833, 1.1, 1.1167, 1.1333, 1.15, 1.1667, 1.1833, 1.2, 1.2167, 1.2333, 1.25, 1.2667, 1.2833, 1.3, 1.3167, 1.3333, 1.35, 1.3667, 1.3833, 1.4, 1.4167, 1.4333, 1.45, 1.4667, 1.4833, 1.5, 1.5167, 1.5333, 1.55, 1.5667, 1.5833, 1.6, 1.6167, 1.6333, 1.65, 1.6667, 1.6833, 1.7, 1.7167, 1.7333, 1.75, 1.7667, 1.7833, 1.8, 1.8167, 1.8333, 1.85, 1.8667, 1.8833, 1.9],
            "transform": [
                [0.999133, -0.034196, -0.023754, 0.0, 0.034304, 0.352698, 0.935108, 0.374721, -0.023599, -0.935112, 0.353566, 0.0, 0.0, 0.0, 0.0, 1.0],
                [0.99915, -0.034019, -0.023294, -0.0, 0.034126, 0.365293, 0.930267, 0.374721, -0.023137, -0.930271, 0.366143, 0.0, 0.0, 0.0, 0.0, 1.0],
                [0.999201, -0.033436, -0.021897, 0.0, 0.033541, 0.403572, 0.914333, 0.374721, -0.021735, -0.914337, 0.404371, 0.0, 0.0, 0.0, 0.0, 1.0],
                [0.999285, -0.032329, -0.019606, -0.0, 0.03243, 0.46628, 0.884043, 0.374721, -0.019438, -0.884046, 0.466995, 0.0, 0.0, 0.0, 0.0, 1.0],
                [0.999392, -0.030614, -0.016691, 0.0, 0.03071, 0.546117, 0.837146, 0.374721, -0.016513, -0.837149, 0.546725, 0.0, 0.0, 0.0, 0.0, 1.0],
                [0.999503, -0.028404, -0.013657, 0.0, 0.028494, 0.629182, 0.776736, 0.374721, -0.01347, -0.776739, 0.629678, -0.0, 0.0, 0.0, 0.0, 1.0],
                [0.999595, -0.02618, -0.011155, 0.0, 0.026263, 0.697696, 0.715913, 0.374721, -0.01096, -0.715915, 0.698101, 0.0, 0.0, 0.0, 0.0, 1.0],
                [0.999648, -0.024687, -0.009708, -0.0, 0.024765, 0.73733, 0.675079, 0.374721, -0.009508, -0.675081, 0.737682, 0.0, 0.0, 0.0, 0.0, 1.0],
                [0.999653, -0.024529, -0.009564, -0.0, 0.024606, 0.741262, 0.670765, 0.374721, -0.009364, -0.670768, 0.741609, -0.0, 0.0, 0.0, 0.0, 1.0],
                [0.999553, -0.027248, -0.012299, -0.0, 0.027334, 0.66637, 0.74512, 0.374721, -0.012107, -0.745123, 0.666817, -0.0, 0.0, 0.0, 0.0, 1.0],
                [0.9993, -0.032102, -0.019184, 0.0, 0.032203, 0.477849, 0.877852, 0.374721, -0.019014, -0.877855, 0.478548, 0.0, 0.0, 0.0, 0.0, 1.0],
                [0.998955, -0.035651, -0.028608, -0.0, 0.035763, 0.219795, 0.97489, 0.374721, -0.028468, -0.974894, 0.220841, -0.0, 0.0, 0.0, 0.0, 1.0],
                [0.998609, -0.036518, -0.038025, 0.0, 0.036633, -0.038058, 0.998604, 0.374721, -0.037914, -0.998608, -0.036668, -0.0, 0.0, 0.0, 0.0, 1.0],
                [0.998327, -0.035396, -0.045717, -0.0, 0.035508, -0.248688, 0.967933, 0.374721, -0.04563, -0.967936, -0.247015, 0.0, 0.0, 0.0, 0.0, 1.0],
                [0.998117, -0.033409, -0.051435, -0.0, 0.033514, -0.405268, 0.913584, 0.374721, -0.051367, -0.913587, -0.403386, 0.0, 0.0, 0.0, 0.0, 1.0],
                [0.997955, -0.031073, -0.055856, -0.0, 0.031171, -0.526331, 0.849708, 0.374721, -0.055802, -0.849712, -0.524286, 0.0, 0.0, 0.0, 0.0, 1.0],
                [0.997828, -0.028637, -0.059322, -0.0, 0.028728, -0.621221, 0.783108, 0.374721, -0.059278, -0.783112, -0.619049, -0.0, 0.0, 0.0, 0.0, 1.0],
                [0.997736, -0.02645, -0.061835, 0.0, 0.026533, -0.690037, 0.723288, 0.374721, -0.061799, -0.723291, -0.687773, 0.0, 0.0, 0.0, 0.0, 1.0],
                [0.997671, -0.024638, -0.063606, 0.0, 0.024716, -0.738546, 0.67375, 0.374721, -0.063576, -0.673753, -0.736217, -0.0, 0.0, 0.0, 0.0, 1.0],
                [0.997622, -0.023097, -0.064936, -0.0, 0.02317, -0.774942, 0.631608, 0.374721, -0.06491, -0.631611, -0.772564, 0.0, 0.0, 0.0, 0.0, 1.0],
                [0.997586, -0.021839, -0.065916, 0.0, 0.021908, -0.801792, 0.597201, 0.374721, -0.065893, -0.597204, -0.799379, -0.0, 0.0, 0.0, 0.0, 1.0],
                [0.997563, -0.020983, -0.066535, 0.0, 0.021049, -0.818736, 0.573784, 0.374721, -0.066514, -0.573786, -0.8163, -0.0, 0.0, 0.0, 0.0, 1.0],
                [0.997551, -0.020482, -0.06688, 0.0, 0.020546, -0.828175, 0.560093, 0.374721, -0.06686, -0.560095, -0.825726, -0.0, 0.0, 0.0, 0.0, 1.0],
                [0.997545, -0.020247, -0.067037, 0.0, 0.02031, -0.832497, 0.553658, 0.374721, -0.067018, -0.55366, -0.830042, 0.0, 0.0, 0.0, 0.0, 1.0],
                [0.997546, -0.020272, -0.067021, 0.0, 0.020336, -0.832039, 0.554344, 0.374721, -0.067001, -0.554347, -0.829584, -0.0, 0.0, 0.0, 0.0, 1.0],
                [0.997552, -0.02051, -0.066861, 0.0, 0.020574, -0.82766, 0.560852, 0.374721, -0.066841, -0.560855, -0.825212, 0.0, 0.0, 0.0, 0.0, 1.0],
                [0.997559, -0.020827, -0.066643, 0.0, 0.020893, -0.821705, 0.56953, 0.374721, -0.066623, -0.569533, -0.819264, 0.0, 0.0, 0.0, 0.0, 1.0],
                [0.997571, -0.021278, -0.066326, -0.0, 0.021345, -0.81301, 0.581858, 0.374721, -0.066304, -0.581861, -0.810581, -0.0, 0.0, 0.0, 0.0, 1.0],
                [0.997592, -0.022043, -0.065763, 0.0, 0.022113, -0.797594, 0.602789, 0.374721, -0.06574, -0.602792, -0.795186, -0.0, 0.0, 0.0, 0.0, 1.0],
                [0.997631, -0.023378, -0.064704, -0.0, 0.023452, -0.768607, 0.639292, 0.374721, -0.064678, -0.639295, -0.766237, 0.0, 0.0, 0.0, 0.0, 1.0],
                [0.9977, -0.025473, -0.06282, 0.0, 0.025553, -0.717021, 0.696583, 0.374721, -0.062788, -0.696586, -0.714721, 0.0, 0.0, 0.0, 0.0, 1.0],
                [0.997813, -0.0283, -0.05974, 0.0, 0.028389, -0.632683, 0.77389, 0.374721, -0.059698, -0.773894, -0.630496, -0.0, 0.0, 0.0, 0.0, 1.0],
                [0.997983, -0.031526, -0.055105, 0.0, 0.031625, -0.505755, 0.862097, 0.374721, -0.055048, -0.862101, -0.503738, -0.0, 0.0, 0.0, 0.0, 1.0],
