{
    "vertices": {
        "positions": {
            "stride": 3,
            "count": 4,
            "array": [-1.0, -1.0, 0.0, 1.0, -1.0, 0.0, -1.0, 1.0, 0.0, 1.0, 1.0, 0.0]
        },
        "uvs": {
            "stride": 2,
            "count": 4,
            "array": [1.0, 1.0, 0.0, 0.0, 0.0, 1.0, 1.0, 0.0]
        },
        "normals": {
            "stride": 3,
            "count": 1,
            "array": [0.0, 0.0, 1.0]
        },
        "vcounts": {
            "stride": 1,
            "count": 4,
            "array": [0, 0, 0, 0]
        },
        "weights": {
            "stride": 1,
            "count": 0,
            "array": []
        },
        "vindices": {
            "stride": 1,
            "count": 0,
            "array": []
        },
        "parts": {
            "noGroups": {
                "stride": 3,
                "count": 6,
                "array": [1, 0, 0, 2, 1, 0, 0, 2, 0, 1, 0, 0, 3, 3, 0, 2, 1, 0]
            }
        }
    },
    "armature": {
        "joints": ["Root", "Thigh_R", "Leg_R", "Knee_R", "Thigh_L", "Leg_L", "Knee_L", "Torso", "Chest", "Head", "Shoulder_R", "Arm_R", "Hand_R", "Tool_R", "Elbow_R", "Shoulder_L", "Arm_L", "Hand_L", "Tool_L", "Elbow_L", "IKThigh_R", "IKLeg_R"],
        "hierarchy": [
            {
                "name": "Root",
                "transform": [1.0, 0.0, 0.0, -5e-06, 0.0, 0.0, -1.0, 0.000946, 0.0, 1.0, 0.0, 0.763972, 0.0, 0.0, 0.0, 1.0],
                "children": [
                    {
                        "name": "Thigh_R",
                        "transform": [1.0, 5.7e-05, 5.7e-05, 0.124994, 5.7e-05, -0.999999, 0.001565, -0.002831, 5.7e-05, -0.001565, -0.999999, -1.2e-05, 0.0, 0.0, 0.0, 1.0],
                        "children": [
                            {
                                "name": "Leg_R",
                                "transform": [1.0, -0.000114, -0.000115, -0.0, 0.000115, 0.999995, 0.003128, 0.374721, 0.000115, -0.003128, 0.999995, 0.0, 0.0, 0.0, 0.0, 1.0],
                                "children": []
                            },
                            {
                                "name": "Knee_R",
                                "transform": [1.0, -5.7e-05, 5.7e-05, -0.0, 5.7e-05, 0.001565, -0.999999, 0.374721, 5.7e-05, 0.999999, 0.001565, 0.0, 0.0, 0.0, 0.0, 1.0],
                                "children": []
                            }
                        ]
                    },
                    {
                        "name": "Thigh_L",
                        "transform": [1.0, -0.0, -0.0, -0.125006, -0.0, -0.999999, 0.001565, -0.002831, -0.0, -0.001565, -0.999999, -1.2e-05, 0.0, 0.0, 0.0, 1.0],
                        "children": [
                            {
                                "name": "Leg_L",
                                "transform": [1.0, 0.0, 1e-06, -0.0, -0.0, 0.999995, 0.003128, 0.374721, -1e-06, -0.003128, 0.999995, 0.0, 0.0, 0.0, 0.0, 1.0],
                                "children": []
                            },
                            {
                                "name": "Knee_L",
                                "transform": [1.0, 0.0, -0.0, -0.0, -0.0, 0.001565, -0.999999, 0.374721, -0.0, 0.999999, 0.001565, 0.0, 0.0, 0.0, 0.0, 1.0],
                                "children": []
                            }
                        ]
                    },
                    {
                        "name": "Torso",
                        "transform": [1.0, 0.0, 0.0, 0.0, 0.0, 0.999988, -0.004949, 0.05, -0.0, 0.004949, 0.999988, 0.0, 0.0, 0.0, 0.0, 1.0],
                        "children": [
                            {
                                "name": "Chest",
                                "transform": [1.0, 0.0, 0.0, 0.0, -0.0, 0.999963, 0.008661, 0.300004, 0.0, -0.008661, 0.999963, -0.0, 0.0, 0.0, 0.0, 1.0],
                                "children": [
                                    {
                                        "name": "Head",
                                        "transform": [1.0, -0.0, -0.0, 0.0, -0.0, 0.999993, -0.003712, 0.400003, 0.0, 0.003712, 0.999993, -0.0, 0.0, 0.0, 0.0, 1.0],
                                        "children": []
                                    },
                                    {
                                        "name": "Shoulder_R",
                                        "transform": [-0.0, 0.952114, 0.305743, 0.0, -0.003712, -0.305741, 0.952107, 0.400003, 0.999993, -0.001135, 0.003534, -0.0, 0.0, 0.0, 0.0, 1.0],
                                        "children": [
                                            {
                                                "name": "Arm_R",
                                                "transform": [0.0, 0.005597, -0.999984, 0.0, 0.952114, 0.305738, 0.001712, 0.39386, 0.305743, -0.952099, -0.005329, 0.0, 0.0, 0.0, 0.0, 1.0],
                                                "children": [
                                                    {
                                                        "name": "Hand_R",
                                                        "transform": [1.0, -0.0, -0.0, 0.0, 0.0, 0.999876, -0.01572, 0.300005, 0.0, 0.01572, 0.999876, 0.0, 0.0, 0.0, 0.0, 1.0],
                                                        "children": [
                                                            {
                                                                "name": "Tool_R",
                                                                "transform": [1.0, -2.8e-05, 2.8e-05, 9e-06, -2.8e-05, -0.999995, -0.003302, 0.271229, 2.8e-05, 0.003302, -0.999995, 0.001151, 0.0, 0.0, 0.0, 1.0],
                                                                "children": []
                                                            }
                                                        ]
                                                    },
                                                    {
                                                        "name": "Elbow_R",
                                                        "transform": [-1.0, 0.0, -0.0, 0.0, 0.0, 0.005597, -0.999984, 0.300005, -0.0, -0.999984, -0.005597, 0.0, 0.0, 0.0, 0.0, 1.0],
                                                        "children": []
                                                    }
                                                ]
                                            }
                                        ]
                                    },
                                    {
                                        "name": "Shoulder_L",
                                        "transform": [0.0, -0.952114, -0.305743, 0.0, 0.003712, -0.305741, 0.952107, 0.400003, -0.999993, -0.001135, 0.003534, -0.0, 0.0, 0.0, 0.0, 1.0],
                                        "children": [
                                            {
                                                "name": "Arm_L",
                                                "transform": [-3e-05, -0.005597, 0.999984, -0.0, -0.952123, 0.30571, 0.001683, 0.39386, -0.305715, -0.952108, -0.005338, 0.0, 0.0, 0.0, 0.0, 1.0],
                                                "children": [
                                                    {
                                                        "name": "Hand_L",
                                                        "transform": [1.0, -3.1e-05, -3e-05, 0.0, 3e-05, 0.999876, -0.01572, 0.300005, 3e-05, 0.01572, 0.999876, -0.0, 0.0, 0.0, 0.0, 1.0],
                                                        "children": [
                                                            {
                                                                "name": "Tool_L",
                                                                "transform": [1.0, 0.0, -0.0, -9e-06, -0.0, -0.999995, -0.003302, 0.271229, -0.0, 0.003302, -0.999995, 0.001151, 0.0, 0.0, 0.0, 1.0],
                                                                "children": []
                                                            }
                                                        ]
                                                    },
                                                    {
                                                        "name": "Elbow_L",
                                                        "transform": [-1.0, 3e-05, 3e-05, 0.0, -3e-05, 0.005597, -0.999984, 0.300005, -3e-05, -0.999985, -0.005597, -0.0, 0.0, 0.0, 0.0, 1.0],
                                                        "children": []
                                                    }
                                                ]
                                            }
                                        ]
                                    }
                                ]
                            }
                        ]
                    },
                    {
                        "name": "IKThigh_R",
                        "transform": [1.0, 5.7e-05, 5.7e-05, 0.124994, 5.7e-05, -0.999999, 0.001565, -0.002831, 5.7e-05, -0.001565, -0.999999, -1.2e-05, 0.0, 0.0, 0.0, 1.0],
                        "children": [
                            {
                                "name": "IKLeg_R",
                                "transform": [1.0, -0.000114, -0.000115, -0.0, 0.000115, 0.999995, 0.003128, 0.374721, 0.000115, -0.003128, 0.999995, 0.0, 0.0, 0.0, 0.0, 1.0],
                                "children": []
                            }
                        ]
                    }
                ]
            },
            {},
            {},
            {},
            {},
            {},
            {},
            {},
            {},
            {},
            {},
            {},
            {},
            {},
            {},
            {}
        ]
    },
    "animation": [
        {
            "name": "Root",
            "time": [0.0, 0.0167, 0.0333, 0.05, 0.0667, 0.0833, 0.1, 0.1167, 0.1333, 0.15, 0.1667, 0.1833, 0.2, 0.2167, 0.2333, 0.25, 0.2667, 0.2833, 0.3, 0.3167, 0.3333, 0.35, 0.3667, 0.3833, 0.4, 0.4167, 0.4333, 0.45, 0.4667, 0.4833, 0.5, 0.5167, 0.5333, 0.55, 0.5667, 0.5833, 0.6, 0.6167, 0.6333, 0.65, 0.6667, 0.6833, 0.7, 0.7167, 0.7333, 0.75, 0.7667, 0.7833, 0.8, 0.8167, 0.8333, 0.85, 0.8667, 0.8833, 0.9, 0.9167, 0.9333, 0.95, 0.9667, 0.9833, 1.0, 1.0167, 1.0333, 1.05, 1.0667, 1.0833, 1.1, 1.1167, 1.1333, 1.15, 1.1667, 1.1833, 1.2, 1.2167, 1.2333, 1.25, 1.2667, 1.2833, 1.3, 1.3167, 1.3333, 1.35, 1.3667, 1.3833, 1.4, 1.4167, 1.4333, 1.45, 1.4667, 1.4833, 1.5],
            "transform": [
                [1.0, 0.0, -0.0, -5e-06, -0.0, 0.0, -1.0, 0.000946, 0.0, 1.0, 0.0, 0.787641, 0.0, 0.0, 0.0, 1.0],
                [1.0, 0.0, -0.0, -0.008272, -0.0, 0.0, -1.0, 0.00259, 0.0, 1.0, 0.0, 0.808976, 0.0, 0.0, 0.0, 1.0],
                [1.0, 0.0, -0.0, -0.029898, -0.0, 0.0, -1.0, 0.00767, 0.0, 1.0, 0.0, 0.868386, 0.0, 0.0, 0.0, 1.0],
                [1.0, 0.0, -0.0, -0.051523, -0.0, 0.0, -1.0, 0.016388, 0.0, 1.0, 0.0, 0.940166, 0.0, 0.0, 0.0, 1.0],
                [1.0, 0.0, -0.0, -0.059791, -0.0, 0.0, -1.0, 0.028899, 0.0, 1.0, 0.0, 0.995323, 0.0, 0.0, 0.0, 1.0],
                [1.0, 0.0, -0.0, -0.054572, -0.0, 0.0, -1.0, 0.045282, 0.0, 1.0, 0.0, 1.03871, 0.0, 0.0, 0.0, 1.0],
                [1.0, 0.0, -0.0, -0.039384, -0.0, 0.0, -1.0, 0.065517, 0.0, 1.0, 0.0, 1.08252, 0.0, 0.0, 0.0, 1.0],
                [1.0, 0.0, -0.0, -0.01755, -0.0, 0.0, -1.0, 0.08945, 0.0, 1.0, 0.0, 1.125195, 0.0, 0.0, 0.0, 1.0],
                [1.0, 0.0, -0.0, 0.004285, -0.0, 0.0, -1.0, 0.116789, 0.0, 1.0, 0.0, 1.166085, 0.0, 0.0, 0.0, 1.0],
                [1.0, 0.0, -0.0, 0.019473, -0.0, 0.0, -1.0, 0.147094, 0.0, 1.0, 0.0, 1.205473, 0.0, 0.0, 0.0, 1.0],
                [1.0, 0.0, -0.0, 0.024692, -0.0, 0.0, -1.0, 0.179811, 0.0, 1.0, 0.0, 1.243665, 0.0, 0.0, 0.0, 1.0],
                [1.0, 0.0, -0.0, 0.024692, -0.0, 0.0, -1.0, 0.214303, 0.0, 1.0, 0.0, 1.280213, 0.0, 0.0, 0.0, 1.0],
                [1.0, 0.0, -0.0, 0.024691, -0.0, 0.0, -1.0, 0.249909, 0.0, 1.0, 0.0, 1.313573, 0.0, 0.0, 0.0, 1.0],
                [1.0, 0.0, -0.0, 0.02469, -0.0, 0.0, -1.0, 0.285994, 0.0, 1.0, 0.0, 1.34198, 0.0, 0.0, 0.0, 1.0],
                [1.0, 0.0, -0.0, 0.024689, -0.0, 0.0, -1.0, 0.321987, 0.0, 1.0, 0.0, 1.363789, 0.0, 0.0, 0.0, 1.0],
                [1.0, 0.0, -0.0, 0.024685, -0.0, 0.0, -1.0, 0.357411, 0.0, 1.0, 0.0, 1.377748, 0.0, 0.0, 0.0, 1.0],
                [1.0, 0.0, -0.0, 0.024681, -0.0, 0.0, -1.0, 0.391886, 0.0, 1.0, 0.0, 1.383234, 0.0, 0.0, 0.0, 1.0],
                [1.0, 0.0, -0.0, 0.024675, -0.0, 0.0, -1.0, 0.425133, 0.0, 1.0, 0.0, 1.380258, 0.0, 0.0, 0.0, 1.0],
                [1.0, 0.0, -0.0, 0.024667, -0.0, 0.0, -1.0, 0.456954, 0.0, 1.0, 0.0, 1.369241, 0.0, 0.0, 0.0, 1.0],
                [1.0, 0.0, -0.0, 0.023636, -0.0, 0.0, -1.0, 0.490609, 0.0, 1.0, 0.0, 1.346942, 0.0, 0.0, 0.0, 1.0],
                [1.0, 0.0, -0.0, 0.02065, -0.0, 0.0, -1.0, 0.529345, 0.0, 1.0, 0.0, 1.309922, 0.0, 0.0, 0.0, 1.0],
                [1.0, 0.0, -0.0, 0.016362, -0.0, 0.0, -1.0, 0.572816, 0.0, 1.0, 0.0, 1.260348, 0.0, 0.0, 0.0, 1.0],
                [1.0, 0.0, -0.0, 0.012076, -0.0, 0.0, -1.0, 0.620372, 0.0, 1.0, 0.0, 1.202874, 0.0, 0.0, 0.0, 1.0],
                [1.0, 0.0, -0.0, 0.009095, -0.0, 0.0, -1.0, 0.670999, 0.0, 1.0, 0.0, 1.142637, 0.0, 0.0, 0.0, 1.0],
                [1.0, 0.0, -0.0, 0.008071, -0.0, 0.0, -1.0, 0.723301, 0.0, 1.0, 0.0, 1.083205, 0.0, 0.0, 0.0, 1.0],
                [1.0, 0.0, -0.0, 0.008404, -0.0, 0.0, -1.0, 0.775563, 0.0, 1.0, 0.0, 1.026926, 0.0, 0.0, 0.0, 1.0],
                [1.0, 0.0, -0.0, 0.009372, -0.0, 0.0, -1.0, 0.825888, 0.0, 1.0, 0.0, 0.975872, 0.0, 0.0, 0.0, 1.0],
                [1.0, 0.0, -0.0, 0.010763, -0.0, 0.0, -1.0, 0.872405, 0.0, 1.0, 0.0, 0.930255, 0.0, 0.0, 0.0, 1.0],
                [1.0, 0.0, -0.0, 0.012154, -0.0, 0.0, -1.0, 0.913479, 0.0, 1.0, 0.0, 0.887984, 0.0, 0.0, 0.0, 1.0],
                [1.0, 0.0, -0.0, 0.013122, -0.0, 0.0, -1.0, 0.947867, 0.0, 1.0, 0.0, 0.846642, 0.0, 0.0, 0.0, 1.0],
                [1.0, 0.0, -0.0, 0.013455, -0.0, 0.0, -1.0, 0.974783, 0.0, 1.0, 0.0, 0.805527, 0.0, 0.0, 0.0, 1.0],
                [1.0, 0.0, -0.0, 0.013014, -0.0, 0.0, -1.0, 0.993871, 0.0, 1.0, 0.0, 0.772239, 0.0, 0.0, 0.0, 1.0],
                [1.0, 0.0, -0.0, 0.009221, -0.0, 0.0, -1.0, 1.005126, 0.0, 1.0, 0.0, 0.736325, 0.0, 0.0, 0.0, 1.0],
                [1.0, 0.0, -0.0, -5e-06, -0.0, 0.0, -1.0, 1.008795, 0.0, 1.0, 0.0, 0.673833, 0.0, 0.0, 0.0, 1.0],
                [1.0, 0.0, -0.0, -0.029821, -0.0, 0.0, -1.0, 1.156876, 0.0, 1.0, 0.0, 0.547042, 0.0, 0.0, 0.0, 1.0],
                [1.0, 0.0, -0.0, -0.077676, -0.0, 0.0, -1.0, 1.47375, 0.0, 1.0, 0.0, 0.381151, 0.0, 0.0, 0.0, 1.0],
                [1.0, 0.0, -0.0, -0.098708, -0.0, 0.0, -1.0, 1.621831, 0.0, 1.0, 0.0, 0.31243, 0.0, 0.0, 0.0, 1.0],
                [1.0, 0.0, -0.0, -0.078479, -0.0, 0.0, -1.0, 1.873662, 0.0, 1.0, 0.0, 0.374289, 0.0, 0.0, 0.0, 1.0],
                [1.0, 0.0, -0.0, -0.031528, -0.0, 0.0, -1.0, 2.090305, 0.0, 1.0, 0.0, 0.506661, 0.0, 0.0, 0.0, 1.0],
                [1.0, 0.0, -0.0, -5e-06, -0.0, 0.0, -1.0, 2.041983, 0.0, 1.0, 0.0, 0.56852, 0.0, 0.0, 0.0, 1.0],
                [1.0, 0.0, -0.0, 0.013656, -0.0, 0.0, -1.0, 2.010074, 0.0, 1.0, 0.0, 0.565044, 0.0, 0.0, 0.0, 1.0],
                [1.0, 0.0, -0.0, 0.024679, -0.0, 0.0, -1.0, 1.979153, 0.0, 1.0, 0.0, 0.554432, 0.0, 0.0, 0.0, 1.0],
                [1.0, 0.0, -0.0, 0.032579, -0.0, 0.0, -1.0, 1.951248, 0.0, 1.0, 0.0, 0.537436, 0.0, 0.0, 0.0, 1.0],
                [1.0, 0.0, -0.0, 0.037338, -0.0, 0.0, -1.0, 1.928674, 0.0, 1.0, 0.0, 0.516565, 0.0, 0.0, 0.0, 1.0],
                [1.0, 0.0, -0.0, 0.039577, -0.0, 0.0, -1.0, 1.912996, 0.0, 1.0, 0.0, 0.495509, 0.0, 0.0, 0.0, 1.0],
                [1.0, 0.0, -0.0, 0.040288, -0.0, 0.0, -1.0, 1.904346, 0.0, 1.0, 0.0, 0.477503, 0.0, 0.0, 0.0, 1.0],
                [1.0, 0.0, -0.0, 0.040374, -0.0, 0.0, -1.0, 1.901755, 0.0, 1.0, 0.0, 0.464292, 0.0, 0.0, 0.0, 1.0],
                [1.0, 0.0, -0.0, 0.040374, -0.0, 0.0, -1.0, 1.902953, 0.0, 1.0, 0.0, 0.45376, 0.0, 0.0, 0.0, 1.0],
                [1.0, 0.0, -0.0, 0.040374, -0.0, 0.0, -1.0, 1.90663, 0.0, 1.0, 0.0, 0.443498, 0.0, 0.0, 0.0, 1.0],
                [1.0, 0.0, -0.0, 0.040374, -0.0, 0.0, -1.0, 1.912776, 0.0, 1.0, 0.0, 0.433775, 0.0, 0.0, 0.0, 1.0],
                [1.0, 0.0, -0.0, 0.040374, -0.0, 0.0, -1.0, 1.921121, 0.0, 1.0, 0.0, 0.42492, 0.0, 0.0, 0.0, 1.0],
                [1.0, 0.0, -0.0, 0.040374, -0.0, 0.0, -1.0, 1.931071, 0.0, 1.0, 0.0, 0.417274, 0.0, 0.0, 0.0, 1.0],
                [1.0, 0.0, -0.0, 0.040374, -0.0, 0.0, -1.0, 1.941769, 0.0, 1.0, 0.0, 0.4111, 0.0, 0.0, 0.0, 1.0],
                [1.0, 0.0, -0.0, 0.040374, -0.0, 0.0, -1.0, 1.952284, 0.0, 1.0, 0.0, 0.406511, 0.0, 0.0, 0.0, 1.0],
                [1.0, 0.0, -0.0, 0.040374, -0.0, 0.0, -1.0, 1.961826, 0.0, 1.0, 0.0, 0.403462, 0.0, 0.0, 0.0, 1.0],
                [1.0, 0.0, -0.0, 0.040374, -0.0, 0.0, -1.0, 1.969872, 0.0, 1.0, 0.0, 0.40179, 0.0, 0.0, 0.0, 1.0],
                [1.0, 0.0, -0.0, 0.040374, -0.0, 0.0, -1.0, 1.976169, 0.0, 1.0, 0.0, 0.401281, 0.0, 0.0, 0.0, 1.0],
                [1.0, 0.0, -0.0, 0.040374, -0.0, 0.0, -1.0, 1.98156, 0.0, 1.0, 0.0, 0.401496, 0.0, 0.0, 0.0, 1.0],
                [1.0, 0.0, -0.0, 0.040374, -0.0, 0.0, -1.0, 1.986919, 0.0, 1.0, 0.0, 0.402165, 0.0, 0.0, 0.0, 1.0],
                [1.0, 0.0, -0.0, 0.040374, -0.0, 0.0, -1.0, 1.992185, 0.0, 1.0, 0.0, 0.403323, 0.0, 0.0, 0.0, 1.0],
                [1.0, 0.0, -0.0, 0.040374, -0.0, 0.0, -1.0, 1.997279, 0.0, 1.0, 0.0, 0.404991, 0.0, 0.0, 0.0, 1.0],
                [1.0, 0.0, -0.0, 0.040374, -0.0, 0.0, -1.0, 2.002109, 0.0, 1.0, 0.0, 0.407171, 0.0, 0.0, 0.0, 1.0],
                [1.0, 0.0, -0.0, 0.040374, -0.0, 0.0, -1.0, 2.006575, 0.0, 1.0, 0.0, 0.409835, 0.0, 0.0, 0.0, 1.0],
                [1.0, 0.0, -0.0, 0.040374, -0.0, 0.0, -1.0, 2.010583, 0.0, 1.0, 0.0, 0.412928, 0.0, 0.0, 0.0, 1.0],
                [1.0, 0.0, -0.0, 0.040374, -0.0, 0.0, -1.0, 2.014054, 0.0, 1.0, 0.0, 0.416363, 0.0, 0.0, 0.0, 1.0],
                [1.0, 0.0, -0.0, 0.040374, -0.0, 0.0, -1.0, 2.016938, 0.0, 1.0, 0.0, 0.420037, 0.0, 0.0, 0.0, 1.0],
                [1.0, 0.0, -0.0, 0.040374, -0.0, 0.0, -1.0, 2.01922, 0.0, 1.0, 0.0, 0.423842, 0.0, 0.0, 0.0, 1.0],
                [1.0, 0.0, -0.0, 0.040374, -0.0, 0.0, -1.0, 2.020914, 0.0, 1.0, 0.0, 0.427679, 0.0, 0.0, 0.0, 1.0],
                [1.0, 0.0, -0.0, 0.040374, -0.0, 0.0, -1.0, 2.022057, 0.0, 1.0, 0.0, 0.431467, 0.0, 0.0, 0.0, 1.0],
                [1.0, 0.0, -0.0, 0.040374, -0.0, 0.0, -1.0, 2.022701, 0.0, 1.0, 0.0, 0.435144, 0.0, 0.0, 0.0, 1.0],
                [1.0, 0.0, -0.0, 0.040374, -0.0, 0.0, -1.0, 2.022903, 0.0, 1.0, 0.0, 0.438669, 0.0, 0.0, 0.0, 1.0],
                [1.0, 0.0, -0.0, 0.040374, -0.0, 0.0, -1.0, 2.022628, 0.0, 1.0, 0.0, 0.442338, 0.0, 0.0, 0.0, 1.0],
                [1.0, 0.0, -0.0, 0.040374, -0.0, 0.0, -1.0, 2.021798, 0.0, 1.0, 0.0, 0.446462, 0.0, 0.0, 0.0, 1.0],
                [1.0, 0.0, -0.0, 0.040374, -0.0, 0.0, -1.0, 2.020409, 0.0, 1.0, 0.0, 0.451028, 0.0, 0.0, 0.0, 1.0],
                [1.0, 0.0, -0.0, 0.040374, -0.0, 0.0, -1.0, 2.018472, 0.0, 1.0, 0.0, 0.456007, 0.0, 0.0, 0.0, 1.0],
                [1.0, 0.0, -0.0, 0.040374, -0.0, 0.0, -1.0, 2.01601, 0.0, 1.0, 0.0, 0.461354, 0.0, 0.0, 0.0, 1.0],
                [1.0, 0.0, -0.0, 0.040374, -0.0, 0.0, -1.0, 2.013064, 0.0, 1.0, 0.0, 0.467007, 0.0, 0.0, 0.0, 1.0],
                [1.0, 0.0, -0.0, 0.040374, -0.0, 0.0, -1.0, 2.009697, 0.0, 1.0, 0.0, 0.472885, 0.0, 0.0, 0.0, 1.0],
                [1.0, 0.0, -0.0, 0.040374, -0.0, 0.0, -1.0, 2.005991, 0.0, 1.0, 0.0, 0.478887, 0.0, 0.0, 0.0, 1.0],
                [1.0, 0.0, -0.0, 0.040374, -0.0, 0.0, -1.0, 2.002046, 0.0, 1.0, 0.0, 0.484899, 0.0, 0.0, 0.0, 1.0],
                [1.0, 0.0, -0.0, 0.040374, -0.0, 0.0, -1.0, 1.997978, 0.0, 1.0, 0.0, 0.490798, 0.0, 0.0, 0.0, 1.0],
                [1.0, 0.0, -0.0, 0.040374, -0.0, 0.0, -1.0, 1.99391, 0.0, 1.0, 0.0, 0.496455, 0.0, 0.0, 0.0, 1.0],
                [1.0, 0.0, -0.0, 0.040374, -0.0, 0.0, -1.0, 1.989965, 0.0, 1.0, 0.0, 0.501753, 0.0, 0.0, 0.0, 1.0],
                [1.0, 0.0, -0.0, 0.040374, -0.0, 0.0, -1.0, 1.986259, 0.0, 1.0, 0.0, 0.506585, 0.0, 0.0, 0.0, 1.0],
                [1.0, 0.0, -0.0, 0.040374, -0.0, 0.0, -1.0, 1.982892, 0.0, 1.0, 0.0, 0.510865, 0.0, 0.0, 0.0, 1.0],
                [1.0, 0.0, -0.0, 0.040374, -0.0, 0.0, -1.0, 1.979946, 0.0, 1.0, 0.0, 0.514528, 0.0, 0.0, 0.0, 1.0],
                [1.0, 0.0, -0.0, 0.040374, -0.0, 0.0, -1.0, 1.977484, 0.0, 1.0, 0.0, 0.517533, 0.0, 0.0, 0.0, 1.0],
                [1.0, 0.0, -0.0, 0.040374, -0.0, 0.0, -1.0, 1.975547, 0.0, 1.0, 0.0, 0.519859, 0.0, 0.0, 0.0, 1.0],
                [1.0, 0.0, -0.0, 0.040374, -0.0, 0.0, -1.0, 1.974158, 0.0, 1.0, 0.0, 0.521502, 0.0, 0.0, 0.0, 1.0],
                [1.0, 0.0, -0.0, 0.040374, -0.0, 0.0, -1.0, 1.973328, 0.0, 1.0, 0.0, 0.522473, 0.0, 0.0, 0.0, 1.0],
                [1.0, 0.0, -0.0, 0.040374, -0.0, 0.0, -1.0, 1.973053, 0.0, 1.0, 0.0, 0.522791, 0.0, 0.0, 0.0, 1.0]
            ]
        },
        {
            "name": "Thigh_R",
            "time": [0.0, 0.0167, 0.0333, 0.05, 0.0667, 0.0833, 0.1, 0.1167, 0.1333, 0.15, 0.1667, 0.1833, 0.2, 0.2167, 0.2333, 0.25, 0.2667, 0.2833, 0.3, 0.3167, 0.3333, 0.35, 0.3667, 0.3833, 0.4, 0.4167, 0.4333, 0.45, 0.4667, 0.4833, 0.5, 0.5167, 0.5333, 0.55, 0.5667, 0.5833, 0.6, 0.6167, 0.6333, 0.65, 0.6667, 0.6833, 0.7, 0.7167, 0.7333, 0.75, 0.7667, 0.7833, 0.8, 0.8167, 0.8333, 0.85, 0.8667, 0.8833, 0.9, 0.9167, 0.9333, 0.95, 0.9667, 0.9833, 1.0, 1.0167, 1.0333, 1.05, 1.0667, 1.0833, 1.1, 1.1167, 1.1333, 1.15, 1.1667, 1.1833, 1.2, 1.2167, 1.2333, 1.25, 1.2667, 1.2833, 1.3, 1.3167, 1.3333, 1.35, 1.3667, 1.3833, 1.4, 1.4167, 1.4333, 1.45, 1.4667, 1.4833, 1.5],
            "transform": [
                [0.916968, 0.10923, 0.383717, 0.126476, 0.147622, -0.986421, -0.071974, 0.030796, 0.370645, 0.122643, -0.920642, 0.012342, 0.0, 0.0, 0.0, 1.0],
                [0.914037, 0.096714, 0.393931, 0.126476, 0.155982, -0.980289, -0.121256, 0.030796, 0.374439, 0.172278, -0.911107, 0.012342, 0.0, 0.0, 0.0, 1.0],
                [0.905804, 0.100185, 0.411681, 0.126476, 0.180898, -0.970076, -0.161948, 0.030796, 0.383138, 0.221166, -0.896823, 0.012342, 0.0, 0.0, 0.0, 1.0],
                [0.896331, 0.128964, 0.424216, 0.126476, 0.209139, -0.966616, -0.148037, 0.030796, 0.390963, 0.22141, -0.893379, 0.012342, 0.0, 0.0, 0.0, 1.0],
                [0.888703, 0.222766, 0.400726, 0.126476, 0.231575, -0.972442, 0.027015, 0.030796, 0.395701, 0.06879, -0.9158, 0.012342, 0.0, 0.0, 0.0, 1.0],
                [0.884815, 0.292234, 0.362908, 0.126476, 0.241731, -0.953756, 0.178648, 0.030796, 0.398333, -0.070344, -0.91454, 0.012342, 0.0, 0.0, 0.0, 1.0],
                [0.884716, 0.337074, 0.32196, 0.126476, 0.242194, -0.922568, 0.300349, 0.030796, 0.39827, -0.187747, -0.897849, 0.012342, 0.0, 0.0, 0.0, 1.0],
                [0.886841, 0.360838, 0.288632, 0.126476, 0.233833, -0.88922, 0.393204, 0.030796, 0.398541, -0.281218, -0.872973, 0.012342, 0.0, 0.0, 0.0, 1.0],
                [0.888012, 0.371178, 0.271407, 0.126476, 0.221509, -0.862559, 0.45489, 0.030796, 0.40295, -0.343829, -0.848182, 0.012342, 0.0, 0.0, 0.0, 1.0],
                [0.884719, 0.380343, 0.269467, 0.126476, 0.213972, -0.844975, 0.490135, 0.030796, 0.414112, -0.375973, -0.828949, 0.012342, 0.0, 0.0, 0.0, 1.0],
                [0.87452, 0.398244, 0.276794, 0.126476, 0.218539, -0.833081, 0.508149, 0.030796, 0.43296, -0.383897, -0.815579, 0.012342, 0.0, 0.0, 0.0, 1.0],
                [0.852907, 0.430879, 0.294775, 0.126476, 0.232639, -0.819162, 0.524264, 0.030796, 0.467363, -0.378573, -0.798908, 0.012342, 0.0, 0.0, 0.0, 1.0],
                [0.815595, 0.478745, 0.324974, 0.126476, 0.249947, -0.798027, 0.548342, 0.030796, 0.521854, -0.365999, -0.770528, 0.012342, 0.0, 0.0, 0.0, 1.0],
                [0.764422, 0.534805, 0.360057, 0.126476, 0.266367, -0.770564, 0.579032, 0.030796, 0.587117, -0.346718, -0.731492, 0.012342, 0.0, 0.0, 0.0, 1.0],
                [0.706623, 0.589779, 0.390953, 0.126476, 0.277911, -0.739439, 0.613185, 0.030796, 0.650729, -0.324641, -0.686411, 0.012342, 0.0, 0.0, 0.0, 1.0],
                [0.652243, 0.636725, 0.411291, 0.126476, 0.283477, -0.708116, 0.646694, 0.030796, 0.703008, -0.30521, -0.642361, 0.012342, 0.0, 0.0, 0.0, 1.0],
                [0.608737, 0.673506, 0.419319, 0.126476, 0.285136, -0.678938, 0.676565, 0.030796, 0.740362, -0.292288, -0.605336, 0.012342, 0.0, 0.0, 0.0, 1.0],
                [0.578676, 0.701208, 0.416464, 0.126476, 0.286042, -0.652714, 0.70153, 0.030796, 0.76375, -0.286832, -0.578285, 0.012342, 0.0, 0.0, 0.0, 1.0],
                [0.56132, 0.721685, 0.405082, 0.126476, 0.288686, -0.629466, 0.721411, 0.030796, 0.775616, -0.288001, -0.561672, 0.012342, 0.0, 0.0, 0.0, 1.0],
                [0.552493, 0.736472, 0.390335, 0.126476, 0.293487, -0.610195, 0.735886, 0.030796, 0.780139, -0.292014, -0.553273, 0.012342, 0.0, 0.0, 0.0, 1.0],
                [0.550131, 0.745106, 0.377059, 0.126476, 0.299007, -0.597345, 0.74416, 0.030796, 0.779712, -0.296642, -0.55141, 0.012342, 0.0, 0.0, 0.0, 1.0],
                [0.555564, 0.746454, 0.366272, 0.126476, 0.303183, -0.592043, 0.746702, 0.030796, 0.774228, -0.303793, -0.555231, 0.012342, 0.0, 0.0, 0.0, 1.0],
                [0.569031, 0.740188, 0.358226, 0.126476, 0.303505, -0.593918, 0.745081, 0.030796, 0.764257, -0.315251, -0.562608, 0.012342, 0.0, 0.0, 0.0, 1.0],
                [0.588742, 0.727639, 0.352029, 0.126476, 0.298597, -0.600478, 0.741799, 0.030796, 0.751147, -0.331614, -0.570798, 0.012342, 0.0, 0.0, 0.0, 1.0],
                [0.611647, 0.711356, 0.346208, 0.126476, 0.288639, -0.6081, 0.739528, 0.030796, 0.736597, -0.352401, -0.577268, 0.012342, 0.0, 0.0, 0.0, 1.0],
                [0.642034, 0.685441, 0.343458, 0.126476, 0.273502, -0.623277, 0.732613, 0.030796, 0.716233, -0.376426, -0.587635, 0.012342, 0.0, 0.0, 0.0, 1.0],
                [0.685763, 0.642295, 0.342324, 0.126476, 0.251587, -0.650536, 0.716594, 0.030796, 0.682959, -0.40529, -0.607707, 0.012342, 0.0, 0.0, 0.0, 1.0],
                [0.738916, 0.585627, 0.333232, 0.126476, 0.222603, -0.678962, 0.699613, 0.030796, 0.635965, -0.442777, -0.632059, 0.012342, 0.0, 0.0, 0.0, 1.0],
                [0.793421, 0.525066, 0.307878, 0.126476, 0.18884, -0.693204, 0.695563, 0.030796, 0.578638, -0.493735, -0.649156, 0.012342, 0.0, 0.0, 0.0, 1.0],
                [0.840856, 0.47116, 0.2664, 0.126476, 0.154381, -0.680514, 0.716286, 0.030796, 0.518774, -0.561167, -0.644953, 0.012342, 0.0, 0.0, 0.0, 1.0],
                [0.876702, 0.429578, 0.216462, 0.126476, 0.122249, -0.63419, 0.763451, 0.030796, 0.46524, -0.642857, -0.608512, 0.012342, 0.0, 0.0, 0.0, 1.0],
                [0.904189, 0.392978, 0.167365, 0.126476, 0.044833, -0.476984, 0.877768, 0.030796, 0.424774, -0.786164, -0.448902, 0.012342, 0.0, 0.0, 0.0, 1.0],
                [0.906802, 0.38443, 0.172984, 0.126476, -0.112738, -0.174248, 0.978227, 0.030796, 0.406202, -0.90656, -0.114669, 0.012342, 0.0, 0.0, 0.0, 1.0],
                [0.868027, 0.420923, 0.263351, 0.126476, -0.302835, 0.0285, 0.952617, 0.030796, 0.393473, -0.906649, 0.152209, 0.012342, 0.0, 0.0, 0.0, 1.0],
                [0.857316, 0.490887, 0.155042, 0.126476, -0.265524, 0.163643, 0.950115, 0.030796, 0.441028, -0.855716, 0.270636, 0.012342, 0.0, 0.0, 0.0, 1.0],
                [0.801733, 0.542208, -0.251465, 0.126476, 0.142307, 0.23546, 0.961409, 0.030796, 0.580493, -0.806579, 0.111616, 0.012342, 0.0, 0.0, 0.0, 1.0],
                [0.702827, 0.613154, -0.360661, 0.126476, 0.311822, 0.190147, 0.930919, 0.030796, 0.639376, -0.766737, -0.057555, 0.012342, 0.0, 0.0, 0.0, 1.0],
                [0.807266, 0.438878, -0.394598, 0.126476, 0.450701, -0.026765, 0.892273, 0.030796, 0.381038, -0.898148, -0.21941, 0.012342, 0.0, 0.0, 0.0, 1.0],
                [0.733603, 0.056776, -0.677203, 0.126476, 0.607735, -0.500748, 0.616368, 0.030796, -0.304113, -0.863729, -0.401855, 0.012342, 0.0, 0.0, 0.0, 1.0],
                [0.620357, 0.026259, -0.78388, 0.126476, 0.603546, -0.654253, 0.455725, 0.030796, -0.500889, -0.75582, -0.42172, 0.012342, 0.0, 0.0, 0.0, 1.0],
                [0.625327, 0.029959, -0.779787, 0.126476, 0.610759, -0.640779, 0.465162, 0.030796, -0.485735, -0.767141, -0.418995, 0.012342, 0.0, 0.0, 0.0, 1.0],
                [0.64089, 0.0349, -0.766839, 0.126476, 0.618283, -0.615531, 0.48872, 0.030796, -0.454957, -0.78734, -0.416066, 0.012342, 0.0, 0.0, 0.0, 1.0],
                [0.665399, 0.037514, -0.745545, 0.126476, 0.623211, -0.577688, 0.527148, 0.030796, -0.410917, -0.815395, -0.407772, 0.012342, 0.0, 0.0, 0.0, 1.0],
                [0.694027, 0.036657, -0.719015, 0.126476, 0.623549, -0.529824, 0.574867, 0.030796, -0.359879, -0.847315, -0.39057, 0.012342, 0.0, 0.0, 0.0, 1.0],
                [0.719559, 0.032854, -0.693654, 0.126476, 0.620488, -0.478939, 0.620976, 0.030796, -0.311816, -0.877233, -0.365011, 0.012342, 0.0, 0.0, 0.0, 1.0],
                [0.73576, 0.025969, -0.676744, 0.126476, 0.618287, -0.433534, 0.655568, 0.030796, -0.276368, -0.900763, -0.335033, 0.012342, 0.0, 0.0, 0.0, 1.0],
                [0.739809, 0.014961, -0.67265, 0.126476, 0.621029, -0.399818, 0.674142, 0.030796, -0.258852, -0.916472, -0.305081, 0.012342, 0.0, 0.0, 0.0, 1.0],
                [0.737731, 0.000591, -0.675094, 0.126476, 0.626673, -0.372493, 0.684492, 0.030796, -0.251064, -0.928035, -0.275171, 0.012342, 0.0, 0.0, 0.0, 1.0],
                [0.735831, -0.015306, -0.676992, 0.126476, 0.631712, -0.344587, 0.694406, 0.030796, -0.243911, -0.93863, -0.243889, 0.012342, 0.0, 0.0, 0.0, 1.0],
                [0.734183, -0.032116, -0.678192, 0.126476, 0.636016, -0.317042, 0.703539, 0.030796, -0.23761, -0.947868, -0.212341, 0.012342, 0.0, 0.0, 0.0, 1.0],
                [0.732863, -0.048853, -0.67862, 0.126476, 0.639455, -0.291237, 0.711532, 0.030796, -0.2324, -0.955403, -0.182198, 0.012342, 0.0, 0.0, 0.0, 1.0],
                [0.731925, -0.064547, -0.678321, 0.126476, 0.641939, -0.268476, 0.718216, 0.030796, -0.228471, -0.961121, -0.155069, 0.012342, 0.0, 0.0, 0.0, 1.0],
                [0.731387, -0.078379, -0.677444, 0.126476, 0.64346, -0.249747, 0.723592, 0.030796, -0.225904, -0.965134, -0.132228, 0.012342, 0.0, 0.0, 0.0, 1.0],
                [0.731216, -0.089674, -0.676226, 0.126476, 0.644097, -0.235688, 0.727729, 0.030796, -0.224637, -0.967683, -0.114581, 0.012342, 0.0, 0.0, 0.0, 1.0],
                [0.731344, -0.098325, -0.674883, 0.126476, 0.644009, -0.226131, 0.730833, 0.030796, -0.224471, -0.969122, -0.102058, 0.012342, 0.0, 0.0, 0.0, 1.0],
                [0.731689, -0.104469, -0.673585, 0.126476, 0.64338, -0.220561, 0.733086, 0.030796, -0.225151, -0.969762, -0.094169, 0.012342, 0.0, 0.0, 0.0, 1.0],
                [0.732172, -0.108499, -0.672422, 0.126476, 0.642387, -0.21817, 0.734671, 0.030796, -0.226413, -0.969861, -0.09004, 0.012342, 0.0, 0.0, 0.0, 1.0],
                [0.732758, -0.111258, -0.671332, 0.126476, 0.641121, -0.217815, 0.735881, 0.030796, -0.228099, -0.969628, -0.088276, 0.012342, 0.0, 0.0, 0.0, 1.0],
                [0.733462, -0.113547, -0.670179, 0.126476, 0.63956, -0.218638, 0.736994, 0.030796, -0.23021, -0.969177, -0.087743, 0.012342, 0.0, 0.0, 0.0, 1.0],
                [0.734284, -0.115326, -0.668974, 0.126476, 0.637691, -0.220711, 0.737995, 0.030796, -0.23276, -0.968497, -0.088522, 0.012342, 0.0, 0.0, 0.0, 1.0],
                [0.735219, -0.116566, -0.667732, 0.126476, 0.635513, -0.224072, 0.73886, 0.030796, -0.235746, -0.967576, -0.090663, 0.012342, 0.0, 0.0, 0.0, 1.0],
                [0.736252, -0.117243, -0.666473, 0.126476, 0.633045, -0.228708, 0.739558, 0.030796, -0.239136, -0.966409, -0.094167, 0.012342, 0.0, 0.0, 0.0, 1.0],
                [0.737363, -0.117357, -0.665224, 0.126476, 0.630325, -0.234537, 0.740056, 0.030796, -0.242871, -0.964997, -0.098966, 0.012342, 0.0, 0.0, 0.0, 1.0],
                [0.73852, -0.116929, -0.664015, 0.126476, 0.627414, -0.2414, 0.740322, 0.030796, -0.246858, -0.963355, -0.104917, 0.012342, 0.0, 0.0, 0.0, 1.0],
                [0.739691, -0.116002, -0.662873, 0.126476, 0.624391, -0.249074, 0.740336, 0.030796, -0.250985, -0.961512, -0.111808, 0.012342, 0.0, 0.0, 0.0, 1.0],
                [0.74084, -0.114641, -0.661826, 0.126476, 0.621341, -0.257296, 0.74009, 0.030796, -0.255129, -0.959508, -0.119384, 0.012342, 0.0, 0.0, 0.0, 1.0],
                [0.741939, -0.112922, -0.66089, 0.126476, 0.618346, -0.2658, 0.739594, 0.030796, -0.259181, -0.957392, -0.127383, 0.012342, 0.0, 0.0, 0.0, 1.0],
                [0.742966, -0.110923, -0.660074, 0.126476, 0.615473, -0.27435, 0.738867, 0.030796, -0.263049, -0.955211, -0.135562, 0.012342, 0.0, 0.0, 0.0, 1.0],
                [0.743907, -0.108714, -0.659381, 0.126476, 0.612773, -0.282754, 0.737943, 0.030796, -0.266668, -0.953012, -0.143726, 0.012342, 0.0, 0.0, 0.0, 1.0],
                [0.744757, -0.106357, -0.658806, 0.126476, 0.610276, -0.290876, 0.736854, 0.030796, -0.27, -0.950831, -0.151725, 0.012342, 0.0, 0.0, 0.0, 1.0],
                [0.745515, -0.103898, -0.658341, 0.126476, 0.607999, -0.298626, 0.735635, 0.030796, -0.273029, -0.948698, -0.15946, 0.012342, 0.0, 0.0, 0.0, 1.0],
                [0.746241, -0.101099, -0.657954, 0.126476, 0.605768, -0.306656, 0.734171, 0.030796, -0.27599, -0.946436, -0.167597, 0.012342, 0.0, 0.0, 0.0, 1.0],
                [0.746989, -0.097673, -0.657623, 0.126476, 0.603413, -0.315653, 0.732295, 0.030796, -0.279106, -0.943834, -0.176852, 0.012342, 0.0, 0.0, 0.0, 1.0],
                [0.747751, -0.093594, -0.657349, 0.126476, 0.600952, -0.325603, 0.729958, 0.030796, -0.282355, -0.940863, -0.187225, 0.012342, 0.0, 0.0, 0.0, 1.0],
                [0.74852, -0.08878, -0.657143, 0.126476, 0.598406, -0.336544, 0.727082, 0.030796, -0.285708, -0.937473, -0.198784, 0.012342, 0.0, 0.0, 0.0, 1.0],
                [0.749285, -0.083333, -0.656984, 0.126476, 0.595803, -0.348282, 0.723684, 0.030796, -0.289122, -0.933678, -0.211313, 0.012342, 0.0, 0.0, 0.0, 1.0],
                [0.750036, -0.077207, -0.656875, 0.126476, 0.593173, -0.36079, 0.719705, 0.030796, -0.29256, -0.929446, -0.224808, 0.012342, 0.0, 0.0, 0.0, 1.0],
                [0.750763, -0.070434, -0.656805, 0.126476, 0.590554, -0.373937, 0.715134, 0.030796, -0.295973, -0.924776, -0.239143, 0.012342, 0.0, 0.0, 0.0, 1.0],
                [0.751457, -0.063079, -0.656759, 0.126476, 0.587983, -0.387551, 0.709986, 0.030796, -0.299313, -0.919688, -0.254139, 0.012342, 0.0, 0.0, 0.0, 1.0],
                [0.752109, -0.055245, -0.656719, 0.126476, 0.585499, -0.401416, 0.704312, 0.030796, -0.302528, -0.914228, -0.269563, 0.012342, 0.0, 0.0, 0.0, 1.0],
                [0.75271, -0.047026, -0.65667, 0.126476, 0.583141, -0.415336, 0.69817, 0.030796, -0.305572, -0.908451, -0.285205, 0.012342, 0.0, 0.0, 0.0, 1.0],
                [0.753256, -0.038693, -0.656588, 0.126476, 0.580945, -0.428929, 0.691753, 0.030796, -0.308396, -0.902509, -0.300615, 0.012342, 0.0, 0.0, 0.0, 1.0],
                [0.753742, -0.030418, -0.656466, 0.126476, 0.578942, -0.441946, 0.685208, 0.030796, -0.310965, -0.896526, -0.315503, 0.012342, 0.0, 0.0, 0.0, 1.0],
                [0.754166, -0.022434, -0.656301, 0.126476, 0.577155, -0.454096, 0.67874, 0.030796, -0.313251, -0.89067, -0.329516, 0.012342, 0.0, 0.0, 0.0, 1.0],
                [0.754527, -0.014932, -0.656099, 0.126476, 0.5756, -0.465162, 0.672539, 0.030796, -0.315235, -0.885099, -0.342383, 0.012342, 0.0, 0.0, 0.0, 1.0],
                [0.754827, -0.008244, -0.655872, 0.126476, 0.574291, -0.474791, 0.666906, 0.030796, -0.3169, -0.88006, -0.35365, 0.012342, 0.0, 0.0, 0.0, 1.0],
                [0.755067, -0.00251, -0.655643, 0.126476, 0.57323, -0.482862, 0.662005, 0.030796, -0.318246, -0.875693, -0.363155, 0.012342, 0.0, 0.0, 0.0, 1.0],
                [0.755248, 0.002091, -0.655435, 0.126476, 0.572418, -0.489219, 0.658029, 0.030796, -0.319276, -0.872158, -0.370679, 0.012342, 0.0, 0.0, 0.0, 1.0],
                [0.755374, 0.005434, -0.655271, 0.126476, 0.571849, -0.493774, 0.655115, 0.030796, -0.319996, -0.869573, -0.376092, 0.012342, 0.0, 0.0, 0.0, 1.0],
                [0.755448, 0.007449, -0.655166, 0.126476, 0.571516, -0.496491, 0.653349, 0.030796, -0.320418, -0.86801, -0.379331, 0.012342, 0.0, 0.0, 0.0, 1.0],
                [0.755472, 0.008117, -0.655131, 0.126476, 0.571408, -0.497386, 0.652763, 0.030796, -0.320555, -0.867491, -0.3804, 0.012342, 0.0, 0.0, 0.0, 1.0]
            ]
        },
        {
            "name": "Leg_R",
            "time": [0.0, 0.0167, 0.0333, 0.05, 0.0667, 0.0833, 0.1, 0.1167, 0.1333, 0.15, 0.1667, 0.1833, 0.2, 0.2167, 0.2333, 0.25, 0.2667, 0.2833, 0.3, 0.3167, 0.3333, 0.35, 0.3667, 0.3833, 0.4, 0.4167, 0.4333, 0.45, 0.4667, 0.4833, 0.5, 0.5167, 0.5333, 0.55, 0.5667, 0.5833, 0.6, 0.6167, 0.6333, 0.65, 0.6667, 0.6833, 0.7, 0.7167, 0.7333, 0.75, 0.7667, 0.7833, 0.8, 0.8167, 0.8333, 0.85, 0.8667, 0.8833, 0.9, 0.9167, 0.9333, 0.95, 0.9667, 0.9833, 1.0, 1.0167, 1.0333, 1.05, 1.0667, 1.0833, 1.1, 1.1167, 1.1333, 1.15, 1.1667, 1.1833, 1.2, 1.2167, 1.2333, 1.25, 1.2667, 1.2833, 1.3, 1.3167, 1.3333, 1.35, 1.3667, 1.3833, 1.4, 1.4167, 1.4333, 1.45, 1.4667, 1.4833, 1.5],
            "transform": [
                [0.999966, -0.008214, -0.00105, -0.0, 0.00824, 0.974411, 0.224622, 0.374721, -0.000822, -0.224623, 0.974446, 0.0, 0.0, 0.0, 0.0, 1.0],
                [0.999991, -0.004177, -0.000354, 0.0, 0.00419, 0.993446, 0.114226, 0.374721, -0.000125, -0.114226, 0.993455, 0.0, 0.0, 0.0, 0.0, 1.0],
                [1.0, -1.6e-05, -0.000115, 0.0, 1.6e-05, 1.0, 0.000435, 0.374721, 0.000115, -0.000435, 1.0, 0.0, 0.0, 0.0, 0.0, 1.0],
                [1.0, -1.6e-05, -0.000115, -0.0, 1.6e-05, 1.0, 0.000435, 0.374721, 0.000115, -0.000435, 1.0, 0.0, 0.0, 0.0, 0.0, 1.0],
                [0.999917, -0.012681, -0.002384, 0.0, 0.012721, 0.937862, 0.346774, 0.374721, -0.002161, -0.346776, 0.937946, 0.0, 0.0, 0.0, 0.0, 1.0],
                [0.999696, -0.023181, -0.008402, 0.0, 0.023254, 0.773071, 0.633894, 0.374721, -0.008198, -0.633896, 0.773375, -0.0, 0.0, 0.0, 0.0, 1.0],
                [0.999398, -0.030505, -0.016525, -0.0, 0.030601, 0.550654, 0.834173, 0.374721, -0.016347, -0.834176, 0.551256, -0.0, 0.0, 0.0, 0.0, 1.0],
                [0.999079, -0.034712, -0.025215, -0.0, 0.034821, 0.312709, 0.949211, 0.374721, -0.025064, -0.949215, 0.313629, 0.0, 0.0, 0.0, 0.0, 1.0],
                [0.998809, -0.036317, -0.032571, 0.0, 0.036432, 0.111282, 0.993121, 0.37472, -0.032443, -0.993125, 0.112472, 0.0, 0.0, 0.0, 0.0, 1.0],
                [0.99863, -0.036535, -0.037461, -0.0, 0.03665, -0.022632, 0.999072, 0.374721, -0.037349, -0.999076, -0.021262, 0.0, 0.0, 0.0, 0.0, 1.0],
                [0.998544, -0.036407, -0.039804, -0.0, 0.036521, -0.086776, 0.995558, 0.374721, -0.039699, -0.995562, -0.08532, 0.0, 0.0, 0.0, 0.0, 1.0],
                [0.998501, -0.036286, -0.040969, -0.0, 0.0364, -0.118674, 0.992266, 0.374721, -0.040867, -0.99227, -0.117175, 0.0, 0.0, 0.0, 0.0, 1.0],
                [0.998459, -0.036131, -0.042115, 0.0, 0.036244, -0.150068, 0.988011, 0.374721, -0.042017, -0.988015, -0.148527, 0.0, 0.0, 0.0, 0.0, 1.0],
                [0.998417, -0.035937, -0.043266, 0.0, 0.03605, -0.181564, 0.982718, 0.374721, -0.043171, -0.982722, -0.179981, -0.0, 0.0, 0.0, 0.0, 1.0],
                [0.998373, -0.035694, -0.044469, 0.0, 0.035806, -0.214525, 0.976062, 0.374721, -0.044379, -0.976066, -0.212897, -0.0, 0.0, 0.0, 0.0, 1.0],
                [0.998325, -0.035383, -0.045767, 0.0, 0.035495, -0.250051, 0.967582, 0.374721, -0.04568, -0.967586, -0.248377, -0.0, 0.0, 0.0, 0.0, 1.0],
