{
    "animation": [
        {
            "name": "Root",
            "time": [0.0, 0.0167, 0.0333, 0.05, 0.0667, 0.0833, 0.1, 0.1167, 0.1333, 0.15, 0.1667, 0.1833, 0.2, 0.2167, 0.2333, 0.25, 0.2667, 0.2833, 0.3, 0.3167, 0.3333, 0.35, 0.3667, 0.3833, 0.4, 0.4167, 0.4333, 0.45, 0.4667, 0.4833, 0.5, 0.5167, 0.5333, 0.55, 0.5667, 0.5833, 0.6, 0.6167, 0.6333, 0.65, 0.6667, 0.6833, 0.7, 0.7167, 0.7333, 0.75, 0.7667, 0.7833, 0.8, 0.8167, 0.8333, 0.85, 0.8667, 0.8833, 0.9, 0.9167, 0.9333, 0.95, 0.9667, 0.9833, 1.0, 1.0167, 1.0333, 1.05, 1.0667, 1.0833, 1.1, 1.1167, 1.1333, 1.15, 1.1667, 1.1833, 1.2, 1.2167, 1.2333, 1.25, 1.2667, 1.2833, 1.3, 1.3167, 1.3333, 1.35, 1.3667, 1.3833, 1.4, 1.4167, 1.4333, 1.45, 1.4667, 1.4833, 1.5, 1.5167, 1.5333, 1.55, 1.5667, 1.5833, 1.6, 1.6167, 1.6333, 1.65, 1.6667, 1.6833, 1.7, 1.7167, 1.7333, 1.75, 1.7667, 1.7833, 1.8, 1.8167, 1.8333, 1.85, 1.8667, 1.8833, 1.9, 1.9167, 1.9333, 1.95, 1.9667, 1.9833, 2.0],
            "transform": [
                [1.0, 0.0, -0.0, -0.149495, -0.0, 0.0, -1.0, -0.013933, 0.0, 1.0, 0.0, 0.394685, 0.0, 0.0, 0.0, 1.0],
                [1.0, 0.0, -0.0, -0.149358, -0.0, 0.0, -1.0, -0.014206, 0.0, 1.0, 0.0, 0.404642, 0.0, 0.0, 0.0, 1.0],
                [1.0, 0.0, -0.0, -0.148243, -0.0, 0.0, -1.0, -0.016431, 0.0, 1.0, 0.0, 0.434363, 0.0, 0.0, 0.0, 1.0],
                [1.0, 0.0, -0.0, -0.144752, -0.0, 0.0, -1.0, -0.023393, 0.0, 1.0, 0.0, 0.481153, 0.0, 0.0, 0.0, 1.0],
                [1.0, 0.0, -0.0, -0.137226, -0.0, 0.0, -1.0, -0.038404, 0.0, 1.0, 0.0, 0.538151, 0.0, 0.0, 0.0, 1.0],
                [1.0, 0.0, -0.0, -0.124273, -0.0, 0.0, -1.0, -0.064241, 0.0, 1.0, 0.0, 0.595148, 0.0, 0.0, 0.0, 1.0],
                [1.0, 0.0, -0.0, -0.105323, -0.0, 0.0, -1.0, -0.102037, 0.0, 1.0, 0.0, 0.641938, 0.0, 0.0, 0.0, 1.0],
                [1.0, 0.0, -0.0, -0.080721, -0.0, 0.0, -1.0, -0.151109, 0.0, 1.0, 0.0, 0.67166, 0.0, 0.0, 0.0, 1.0],
                [1.0, 0.0, -0.0, -0.051345, -0.0, 0.0, -1.0, -0.209702, 0.0, 1.0, 0.0, 0.681617, 0.0, 0.0, 0.0, 1.0],
                [1.0, 0.0, -0.0, -0.002955, -0.0, 0.0, -1.0, -0.304789, 0.0, 1.0, 0.0, 0.668737, 0.0, 0.0, 0.0, 1.0],
                [1.0, 0.0, -0.0, 0.074035, -0.0, 0.0, -1.0, -0.458192, 0.0, 1.0, 0.0, 0.630749, 0.0, 0.0, 0.0, 1.0],
                [1.0, 0.0, -0.0, 0.158012, -0.0, 0.0, -1.0, -0.635865, 0.0, 1.0, 0.0, 0.577381, 0.0, 0.0, 0.0, 1.0],
                [1.0, 0.0, -0.0, 0.218779, -0.0, 0.0, -1.0, -0.785196, 0.0, 1.0, 0.0, 0.526879, 0.0, 0.0, 0.0, 1.0],
                [1.0, 0.0, -0.0, 0.239566, -0.0, 0.0, -1.0, -0.873354, 0.0, 1.0, 0.0, 0.492709, 0.0, 0.0, 0.0, 1.0],
                [1.0, 0.0, -0.0, 0.239262, -0.0, 0.0, -1.0, -0.925, 0.0, 1.0, 0.0, 0.470318, 0.0, 0.0, 0.0, 1.0],
                [1.0, 0.0, -0.0, 0.238132, -0.0, 0.0, -1.0, -0.969418, 0.0, 1.0, 0.0, 0.451896, 0.0, 0.0, 0.0, 1.0],
                [1.0, 0.0, -0.0, 0.23579, -0.0, 0.0, -1.0, -1.005321, 0.0, 1.0, 0.0, 0.437652, 0.0, 0.0, 0.0, 1.0],
                [1.0, 0.0, -0.0, 0.231834, -0.0, 0.0, -1.0, -1.031947, 0.0, 1.0, 0.0, 0.427339, 0.0, 0.0, 0.0, 1.0],
                [1.0, 0.0, -0.0, 0.225962, -0.0, 0.0, -1.0, -1.049555, 0.0, 1.0, 0.0, 0.420118, 0.0, 0.0, 0.0, 1.0],
                [1.0, 0.0, -0.0, 0.218085, -0.0, 0.0, -1.0, -1.059576, 0.0, 1.0, 0.0, 0.414672, 0.0, 0.0, 0.0, 1.0],
                [1.0, 0.0, -0.0, 0.208359, -0.0, 0.0, -1.0, -1.064203, 0.0, 1.0, 0.0, 0.409595, 0.0, 0.0, 0.0, 1.0],
                [1.0, 0.0, -0.0, 0.197093, -0.0, 0.0, -1.0, -1.065693, 0.0, 1.0, 0.0, 0.403755, 0.0, 0.0, 0.0, 1.0],
                [1.0, 0.0, -0.0, 0.184639, -0.0, 0.0, -1.0, -1.065879, 0.0, 1.0, 0.0, 0.396446, 0.0, 0.0, 0.0, 1.0],
                [1.0, 0.0, -0.0, 0.170766, -0.0, 0.0, -1.0, -1.06585, 0.0, 1.0, 0.0, 0.388735, 0.0, 0.0, 0.0, 1.0],
                [1.0, 0.0, -0.0, 0.154961, -0.0, 0.0, -1.0, -1.065624, 0.0, 1.0, 0.0, 0.381968, 0.0, 0.0, 0.0, 1.0],
                [1.0, 0.0, -0.0, 0.137204, -0.0, 0.0, -1.0, -1.06494, 0.0, 1.0, 0.0, 0.376117, 0.0, 0.0, 0.0, 1.0],
                [1.0, 0.0, -0.0, 0.117601, -0.0, 0.0, -1.0, -1.063469, 0.0, 1.0, 0.0, 0.371078, 0.0, 0.0, 0.0, 1.0],
                [1.0, 0.0, -0.0, 0.096425, -0.0, 0.0, -1.0, -1.060838, 0.0, 1.0, 0.0, 0.366656, 0.0, 0.0, 0.0, 1.0],
                [1.0, 0.0, -0.0, 0.074128, -0.0, 0.0, -1.0, -1.056678, 0.0, 1.0, 0.0, 0.362567, 0.0, 0.0, 0.0, 1.0],
                [1.0, 0.0, -0.0, 0.051296, -0.0, 0.0, -1.0, -1.050695, 0.0, 1.0, 0.0, 0.358472, 0.0, 0.0, 0.0, 1.0],
                [1.0, 0.0, -0.0, 0.02855, -0.0, 0.0, -1.0, -1.042725, 0.0, 1.0, 0.0, 0.354031, 0.0, 0.0, 0.0, 1.0],
                [1.0, 0.0, -0.0, 0.006446, -0.0, 0.0, -1.0, -1.032751, 0.0, 1.0, 0.0, 0.348963, 0.0, 0.0, 0.0, 1.0],
                [1.0, 0.0, -0.0, -0.0146, -0.0, 0.0, -1.0, -1.020884, 0.0, 1.0, 0.0, 0.343072, 0.0, 0.0, 0.0, 1.0],
                [1.0, 0.0, -0.0, -0.034329, -0.0, 0.0, -1.0, -1.007315, 0.0, 1.0, 0.0, 0.336259, 0.0, 0.0, 0.0, 1.0],
                [1.0, 0.0, -0.0, -0.05262, -0.0, 0.0, -1.0, -0.992267, 0.0, 1.0, 0.0, 0.328496, 0.0, 0.0, 0.0, 1.0],
                [1.0, 0.0, -0.0, -0.07116, -0.0, 0.0, -1.0, -0.978496, 0.0, 1.0, 0.0, 0.319002, 0.0, 0.0, 0.0, 1.0],
                [1.0, 0.0, -0.0, -0.091438, -0.0, 0.0, -1.0, -0.967733, 0.0, 1.0, 0.0, 0.307085, 0.0, 0.0, 0.0, 1.0],
                [1.0, 0.0, -0.0, -0.112871, -0.0, 0.0, -1.0, -0.957982, 0.0, 1.0, 0.0, 0.29312, 0.0, 0.0, 0.0, 1.0],
                [1.0, 0.0, -0.0, -0.134501, -0.0, 0.0, -1.0, -0.94627, 0.0, 1.0, 0.0, 0.277856, 0.0, 0.0, 0.0, 1.0],
                [1.0, 0.0, -0.0, -0.155054, -0.0, 0.0, -1.0, -0.928917, 0.0, 1.0, 0.0, 0.262417, 0.0, 0.0, 0.0, 1.0],
                [1.0, 0.0, -0.0, -0.173168, -0.0, 0.0, -1.0, -0.902267, 0.0, 1.0, 0.0, 0.248122, 0.0, 0.0, 0.0, 1.0],
                [1.0, 0.0, -0.0, -0.18773, -0.0, 0.0, -1.0, -0.863599, 0.0, 1.0, 0.0, 0.236173, 0.0, 0.0, 0.0, 1.0],
                [1.0, 0.0, -0.0, -0.198102, -0.0, 0.0, -1.0, -0.811667, 0.0, 1.0, 0.0, 0.227394, 0.0, 0.0, 0.0, 1.0],
                [1.0, 0.0, -0.0, -0.204144, -0.0, 0.0, -1.0, -0.746617, 0.0, 1.0, 0.0, 0.222153, 0.0, 0.0, 0.0, 1.0],
                [1.0, 0.0, -0.0, -0.206074, -0.0, 0.0, -1.0, -0.669504, 0.0, 1.0, 0.0, 0.220447, 0.0, 0.0, 0.0, 1.0],
                [1.0, 0.0, -0.0, -0.178276, -0.0, 0.0, -1.0, -0.391273, 0.0, 1.0, 0.0, 0.221079, 0.0, 0.0, 0.0, 1.0],
                [1.0, 0.0, -0.0, -0.105565, -0.0, 0.0, -1.0, 0.194254, 0.0, 1.0, 0.0, 0.223072, 0.0, 0.0, 0.0, 1.0],
                [1.0, 0.0, -0.0, -0.032853, -0.0, 0.0, -1.0, 0.756375, 0.0, 1.0, 0.0, 0.225984, 0.0, 0.0, 0.0, 1.0],
                [1.0, 0.0, -0.0, -0.005055, -0.0, 0.0, -1.0, 0.975519, 0.0, 1.0, 0.0, 0.228938, 0.0, 0.0, 0.0, 1.0],
                [1.0, 0.0, -0.0, -0.005055, -0.0, 0.0, -1.0, 1.287385, 0.0, 1.0, 0.0, 0.230892, 0.0, 0.0, 0.0, 1.0],
                [1.0, 0.0, -0.0, -0.005055, -0.0, 0.0, -1.0, 1.938457, 0.0, 1.0, 0.0, 0.232266, 0.0, 0.0, 0.0, 1.0],
                [1.0, 0.0, -0.0, -0.005055, -0.0, 0.0, -1.0, 2.241956, 0.0, 1.0, 0.0, 0.235625, 0.0, 0.0, 0.0, 1.0],
                [1.0, 0.0, -0.0, -0.005055, -0.0, 0.0, -1.0, 2.2422, 0.0, 1.0, 0.0, 0.242592, 0.0, 0.0, 0.0, 1.0],
                [1.0, 0.0, -0.0, 0.013278, -0.0, 0.0, -1.0, 2.221832, 0.0, 1.0, 0.0, 0.279327, 0.0, 0.0, 0.0, 1.0],
                [1.0, 0.0, -0.0, 0.061637, -0.0, 0.0, -1.0, 2.164389, 0.0, 1.0, 0.0, 0.360215, 0.0, 0.0, 0.0, 1.0],
                [1.0, 0.0, -0.0, 0.111084, -0.0, 0.0, -1.0, 2.09571, 0.0, 1.0, 0.0, 0.438196, 0.0, 0.0, 0.0, 1.0],
                [1.0, 0.0, -0.0, 0.132167, -0.0, 0.0, -1.0, 2.046974, 0.0, 1.0, 0.0, 0.467597, 0.0, 0.0, 0.0, 1.0],
                [1.0, 0.0, -0.0, 0.135255, -0.0, 0.0, -1.0, 2.014633, 0.0, 1.0, 0.0, 0.467595, 0.0, 0.0, 0.0, 1.0],
                [1.0, 0.0, -0.0, 0.137912, -0.0, 0.0, -1.0, 1.985648, 0.0, 1.0, 0.0, 0.467576, 0.0, 0.0, 0.0, 1.0],
                [1.0, 0.0, -0.0, 0.140059, -0.0, 0.0, -1.0, 1.960563, 0.0, 1.0, 0.0, 0.467517, 0.0, 0.0, 0.0, 1.0],
                [1.0, 0.0, -0.0, 0.141651, -0.0, 0.0, -1.0, 1.939661, 0.0, 1.0, 0.0, 0.467389, 0.0, 0.0, 0.0, 1.0],
                [1.0, 0.0, -0.0, 0.142704, -0.0, 0.0, -1.0, 1.922744, 0.0, 1.0, 0.0, 0.467164, 0.0, 0.0, 0.0, 1.0],
                [1.0, 0.0, -0.0, 0.143303, -0.0, 0.0, -1.0, 1.909093, 0.0, 1.0, 0.0, 0.466824, 0.0, 0.0, 0.0, 1.0],
                [1.0, 0.0, -0.0, 0.14358, -0.0, 0.0, -1.0, 1.897667, 0.0, 1.0, 0.0, 0.466365, 0.0, 0.0, 0.0, 1.0],
                [1.0, 0.0, -0.0, 0.143669, -0.0, 0.0, -1.0, 1.887429, 0.0, 1.0, 0.0, 0.465798, 0.0, 0.0, 0.0, 1.0],
                [1.0, 0.0, -0.0, 0.14368, -0.0, 0.0, -1.0, 1.877561, 0.0, 1.0, 0.0, 0.465138, 0.0, 0.0, 0.0, 1.0],
                [1.0, 0.0, -0.0, 0.143452, -0.0, 0.0, -1.0, 1.868447, 0.0, 1.0, 0.0, 0.463644, 0.0, 0.0, 0.0, 1.0],
                [1.0, 0.0, -0.0, 0.142737, -0.0, 0.0, -1.0, 1.860934, 0.0, 1.0, 0.0, 0.460551, 0.0, 0.0, 0.0, 1.0],
                [1.0, 0.0, -0.0, 0.141503, -0.0, 0.0, -1.0, 1.855059, 0.0, 1.0, 0.0, 0.455919, 0.0, 0.0, 0.0, 1.0],
                [1.0, 0.0, -0.0, 0.139738, -0.0, 0.0, -1.0, 1.850754, 0.0, 1.0, 0.0, 0.449937, 0.0, 0.0, 0.0, 1.0],
                [1.0, 0.0, -0.0, 0.137469, -0.0, 0.0, -1.0, 1.84782, 0.0, 1.0, 0.0, 0.44295, 0.0, 0.0, 0.0, 1.0],
                [1.0, 0.0, -0.0, 0.134764, -0.0, 0.0, -1.0, 1.845909, 0.0, 1.0, 0.0, 0.435456, 0.0, 0.0, 0.0, 1.0],
                [1.0, 0.0, -0.0, 0.131732, -0.0, 0.0, -1.0, 1.844558, 0.0, 1.0, 0.0, 0.428043, 0.0, 0.0, 0.0, 1.0],
                [1.0, 0.0, -0.0, 0.128504, -0.0, 0.0, -1.0, 1.843266, 0.0, 1.0, 0.0, 0.421294, 0.0, 0.0, 0.0, 1.0],
                [1.0, 0.0, -0.0, 0.125213, -0.0, 0.0, -1.0, 1.841578, 0.0, 1.0, 0.0, 0.41569, 0.0, 0.0, 0.0, 1.0],
                [1.0, 0.0, -0.0, 0.12197, -0.0, 0.0, -1.0, 1.839143, 0.0, 1.0, 0.0, 0.411557, 0.0, 0.0, 0.0, 1.0],
                [1.0, 0.0, -0.0, 0.11886, -0.0, 0.0, -1.0, 1.835736, 0.0, 1.0, 0.0, 0.409058, 0.0, 0.0, 0.0, 1.0],
                [1.0, 0.0, -0.0, 0.115934, -0.0, 0.0, -1.0, 1.831242, 0.0, 1.0, 0.0, 0.408233, 0.0, 0.0, 0.0, 1.0],
                [1.0, 0.0, -0.0, 0.112999, -0.0, 0.0, -1.0, 1.825988, 0.0, 1.0, 0.0, 0.408359, 0.0, 0.0, 0.0, 1.0],
                [1.0, 0.0, -0.0, 0.109836, -0.0, 0.0, -1.0, 1.820328, 0.0, 1.0, 0.0, 0.408751, 0.0, 0.0, 0.0, 1.0],
                [1.0, 0.0, -0.0, 0.106454, -0.0, 0.0, -1.0, 1.814271, 0.0, 1.0, 0.0, 0.409423, 0.0, 0.0, 0.0, 1.0],
                [1.0, 0.0, -0.0, 0.102869, -0.0, 0.0, -1.0, 1.807838, 0.0, 1.0, 0.0, 0.41039, 0.0, 0.0, 0.0, 1.0],
                [1.0, 0.0, -0.0, 0.099107, -0.0, 0.0, -1.0, 1.80107, 0.0, 1.0, 0.0, 0.411655, 0.0, 0.0, 0.0, 1.0],
                [1.0, 0.0, -0.0, 0.095209, -0.0, 0.0, -1.0, 1.794027, 0.0, 1.0, 0.0, 0.413215, 0.0, 0.0, 0.0, 1.0],
                [1.0, 0.0, -0.0, 0.091225, -0.0, 0.0, -1.0, 1.786791, 0.0, 1.0, 0.0, 0.415054, 0.0, 0.0, 0.0, 1.0],
                [1.0, 0.0, -0.0, 0.087218, -0.0, 0.0, -1.0, 1.779463, 0.0, 1.0, 0.0, 0.417144, 0.0, 0.0, 0.0, 1.0],
                [1.0, 0.0, -0.0, 0.083256, -0.0, 0.0, -1.0, 1.772155, 0.0, 1.0, 0.0, 0.419445, 0.0, 0.0, 0.0, 1.0],
                [1.0, 0.0, -0.0, 0.079406, -0.0, 0.0, -1.0, 1.764982, 0.0, 1.0, 0.0, 0.42191, 0.0, 0.0, 0.0, 1.0],
                [1.0, 0.0, -0.0, 0.075732, -0.0, 0.0, -1.0, 1.758051, 0.0, 1.0, 0.0, 0.424483, 0.0, 0.0, 0.0, 1.0],
                [1.0, 0.0, -0.0, 0.072283, -0.0, 0.0, -1.0, 1.751451, 0.0, 1.0, 0.0, 0.427113, 0.0, 0.0, 0.0, 1.0],
                [1.0, 0.0, -0.0, 0.0691, -0.0, 0.0, -1.0, 1.745251, 0.0, 1.0, 0.0, 0.429752, 0.0, 0.0, 0.0, 1.0],
                [1.0, 0.0, -0.0, 0.066204, -0.0, 0.0, -1.0, 1.739497, 0.0, 1.0, 0.0, 0.432357, 0.0, 0.0, 0.0, 1.0],
                [1.0, 0.0, -0.0, 0.063608, -0.0, 0.0, -1.0, 1.734213, 0.0, 1.0, 0.0, 0.434897, 0.0, 0.0, 0.0, 1.0],
                [1.0, 0.0, -0.0, 0.061312, -0.0, 0.0, -1.0, 1.729406, 0.0, 1.0, 0.0, 0.437347, 0.0, 0.0, 0.0, 1.0],
                [1.0, 0.0, -0.0, 0.059309, -0.0, 0.0, -1.0, 1.72507, 0.0, 1.0, 0.0, 0.439691, 0.0, 0.0, 0.0, 1.0],
                [1.0, 0.0, -0.0, 0.057485, -0.0, 0.0, -1.0, 1.721011, 0.0, 1.0, 0.0, 0.442089, 0.0, 0.0, 0.0, 1.0],
                [1.0, 0.0, -0.0, 0.055734, -0.0, 0.0, -1.0, 1.717054, 0.0, 1.0, 0.0, 0.444709, 0.0, 0.0, 0.0, 1.0],
                [1.0, 0.0, -0.0, 0.054064, -0.0, 0.0, -1.0, 1.71321, 0.0, 1.0, 0.0, 0.447546, 0.0, 0.0, 0.0, 1.0],
                [1.0, 0.0, -0.0, 0.052479, -0.0, 0.0, -1.0, 1.709493, 0.0, 1.0, 0.0, 0.450592, 0.0, 0.0, 0.0, 1.0],
                [1.0, 0.0, -0.0, 0.050986, -0.0, 0.0, -1.0, 1.705916, 0.0, 1.0, 0.0, 0.453836, 0.0, 0.0, 0.0, 1.0],
                [1.0, 0.0, -0.0, 0.049589, -0.0, 0.0, -1.0, 1.702493, 0.0, 1.0, 0.0, 0.45726, 0.0, 0.0, 0.0, 1.0],
                [1.0, 0.0, -0.0, 0.048294, -0.0, 0.0, -1.0, 1.699238, 0.0, 1.0, 0.0, 0.460843, 0.0, 0.0, 0.0, 1.0],
                [1.0, 0.0, -0.0, 0.047104, -0.0, 0.0, -1.0, 1.696164, 0.0, 1.0, 0.0, 0.464558, 0.0, 0.0, 0.0, 1.0],
                [1.0, 0.0, -0.0, 0.046023, -0.0, 0.0, -1.0, 1.693284, 0.0, 1.0, 0.0, 0.468371, 0.0, 0.0, 0.0, 1.0],
                [1.0, 0.0, -0.0, 0.045052, -0.0, 0.0, -1.0, 1.690608, 0.0, 1.0, 0.0, 0.472244, 0.0, 0.0, 0.0, 1.0],
                [1.0, 0.0, -0.0, 0.044192, -0.0, 0.0, -1.0, 1.688146, 0.0, 1.0, 0.0, 0.476135, 0.0, 0.0, 0.0, 1.0],
                [1.0, 0.0, -0.0, 0.04344, -0.0, 0.0, -1.0, 1.685903, 0.0, 1.0, 0.0, 0.479998, 0.0, 0.0, 0.0, 1.0],
                [1.0, 0.0, -0.0, 0.042793, -0.0, 0.0, -1.0, 1.683881, 0.0, 1.0, 0.0, 0.483785, 0.0, 0.0, 0.0, 1.0],
                [1.0, 0.0, -0.0, 0.042247, -0.0, 0.0, -1.0, 1.682081, 0.0, 1.0, 0.0, 0.48745, 0.0, 0.0, 0.0, 1.0],
                [1.0, 0.0, -0.0, 0.041794, -0.0, 0.0, -1.0, 1.680497, 0.0, 1.0, 0.0, 0.490945, 0.0, 0.0, 0.0, 1.0],
                [1.0, 0.0, -0.0, 0.041426, -0.0, 0.0, -1.0, 1.679122, 0.0, 1.0, 0.0, 0.494231, 0.0, 0.0, 0.0, 1.0],
                [1.0, 0.0, -0.0, 0.041134, -0.0, 0.0, -1.0, 1.677946, 0.0, 1.0, 0.0, 0.497269, 0.0, 0.0, 0.0, 1.0],
                [1.0, 0.0, -0.0, 0.040909, -0.0, 0.0, -1.0, 1.676955, 0.0, 1.0, 0.0, 0.500029, 0.0, 0.0, 0.0, 1.0],
                [1.0, 0.0, -0.0, 0.04074, -0.0, 0.0, -1.0, 1.676137, 0.0, 1.0, 0.0, 0.502488, 0.0, 0.0, 0.0, 1.0],
                [1.0, 0.0, -0.0, 0.04062, -0.0, 0.0, -1.0, 1.675475, 0.0, 1.0, 0.0, 0.504627, 0.0, 0.0, 0.0, 1.0],
                [1.0, 0.0, -0.0, 0.040537, -0.0, 0.0, -1.0, 1.674954, 0.0, 1.0, 0.0, 0.506435, 0.0, 0.0, 0.0, 1.0],
                [1.0, 0.0, -0.0, 0.040485, -0.0, 0.0, -1.0, 1.674559, 0.0, 1.0, 0.0, 0.507907, 0.0, 0.0, 0.0, 1.0],
                [1.0, 0.0, -0.0, 0.040454, -0.0, 0.0, -1.0, 1.674274, 0.0, 1.0, 0.0, 0.509042, 0.0, 0.0, 0.0, 1.0],
                [1.0, 0.0, -0.0, 0.04044, -0.0, 0.0, -1.0, 1.674086, 0.0, 1.0, 0.0, 0.509843, 0.0, 0.0, 0.0, 1.0],
                [1.0, 0.0, -0.0, 0.040435, -0.0, 0.0, -1.0, 1.673982, 0.0, 1.0, 0.0, 0.510317, 0.0, 0.0, 0.0, 1.0],
                [1.0, 0.0, -0.0, 0.040434, -0.0, 0.0, -1.0, 1.67395, 0.0, 1.0, 0.0, 0.510473, 0.0, 0.0, 0.0, 1.0]
            ]
        },
        {
            "name": "Thigh_R",
            "time": [0.0, 0.0167, 0.0333, 0.05, 0.0667, 0.0833, 0.1, 0.1167, 0.1333, 0.15, 0.1667, 0.1833, 0.2, 0.2167, 0.2333, 0.25, 0.2667, 0.2833, 0.3, 0.3167, 0.3333, 0.35, 0.3667, 0.3833, 0.4, 0.4167, 0.4333, 0.45, 0.4667, 0.4833, 0.5, 0.5167, 0.5333, 0.55, 0.5667, 0.5833, 0.6, 0.6167, 0.6333, 0.65, 0.6667, 0.6833, 0.7, 0.7167, 0.7333, 0.75, 0.7667, 0.7833, 0.8, 0.8167, 0.8333, 0.85, 0.8667, 0.8833, 0.9, 0.9167, 0.9333, 0.95, 0.9667, 0.9833, 1.0, 1.0167, 1.0333, 1.05, 1.0667, 1.0833, 1.1, 1.1167, 1.1333, 1.15, 1.1667, 1.1833, 1.2, 1.2167, 1.2333, 1.25, 1.2667, 1.2833, 1.3, 1.3167, 1.3333, 1.35, 1.3667, 1.3833, 1.4, 1.4167, 1.4333, 1.45, 1.4667, 1.4833, 1.5, 1.5167, 1.5333, 1.55, 1.5667, 1.5833, 1.6, 1.6167, 1.6333, 1.65, 1.6667, 1.6833, 1.7, 1.7167, 1.7333, 1.75, 1.7667, 1.7833, 1.8, 1.8167, 1.8333, 1.85, 1.8667, 1.8833, 1.9, 1.9167, 1.9333, 1.95, 1.9667, 1.9833, 2.0],
            "transform": [
                [0.90301, 0.404745, -0.144061, 0.142041, 0.312375, -0.848773, -0.426621, 0.030796, -0.294948, 0.340242, -0.892883, 0.012342, 0.0, 0.0, 0.0, 1.0],
                [0.904929, 0.399538, -0.146534, 0.142044, 0.305622, -0.849756, -0.429546, 0.030797, -0.296138, 0.343924, -0.891077, 0.014305, 0.0, 0.0, 0.0, 1.0],
                [0.91009, 0.385413, -0.15229, 0.142053, 0.28726, -0.851585, -0.438503, 0.030819, -0.298693, 0.35533, -0.885733, 0.020163, 0.0, 0.0, 0.0, 1.0],
                [0.917055, 0.367752, -0.154167, 0.142067, 0.262441, -0.847703, -0.461003, 0.030903, -0.300223, 0.382306, -0.873904, 0.029386, 0.0, 0.0, 0.0, 1.0],
                [0.925011, 0.355387, -0.134364, 0.142084, 0.23521, -0.813374, -0.53207, 0.031097, -0.298379, 0.460567, -0.835971, 0.040622, 0.0, 0.0, 0.0, 1.0],
                [0.931787, 0.337684, -0.1332, 0.142101, 0.211768, -0.803691, -0.556089, 0.031444, -0.294834, 0.489949, -0.82038, 0.051857, 0.0, 0.0, 0.0, 1.0],
                [0.936606, 0.308228, -0.166629, 0.142115, 0.194234, -0.852536, -0.485237, 0.031962, -0.291621, 0.422111, -0.858359, 0.061081, 0.0, 0.0, 0.0, 1.0],
                [0.940961, 0.277247, -0.194231, 0.142124, 0.178485, -0.893877, -0.41125, 0.032645, -0.287636, 0.352303, -0.890589, 0.066941, 0.0, 0.0, 0.0, 1.0],
                [0.944876, 0.244727, -0.217525, 0.142127, 0.163433, -0.928176, -0.334333, 0.033469, -0.283722, 0.280353, -0.917009, 0.068905, 0.0, 0.0, 0.0, 1.0],
                [0.94833, 0.119838, -0.293785, 0.142127, 0.151107, -0.984763, 0.086075, 0.034622, -0.278994, -0.12602, -0.951988, 0.066971, 0.0, 0.0, 0.0, 1.0],
                [0.956293, -0.034572, -0.290359, 0.142127, 0.116768, -0.865227, 0.487592, 0.036316, -0.268084, -0.500186, -0.823374, 0.061125, 0.0, 0.0, 0.0, 1.0],
                [0.963444, -0.157438, -0.216771, 0.142128, 0.066592, -0.642998, 0.762967, 0.038533, -0.259503, -0.749512, -0.609008, 0.051416, 0.0, 0.0, 0.0, 1.0],
                [0.965216, -0.213389, -0.151074, 0.142128, 0.029358, -0.485714, 0.873624, 0.041224, -0.259801, -0.847671, -0.462555, 0.038102, 0.0, 0.0, 0.0, 1.0],
                [0.963679, -0.227483, -0.139906, 0.142129, 0.031398, -0.42373, 0.905244, 0.044302, -0.26521, -0.876758, -0.401197, 0.021702, 0.0, 0.0, 0.0, 1.0],
                [0.958476, -0.233211, -0.16412, 0.14213, 0.062186, -0.390735, 0.9184, 0.047638, -0.278309, -0.890471, -0.360009, 0.003023, 0.0, 0.0, 0.0, 1.0],
                [0.94581, -0.247582, -0.210109, 0.14213, 0.108362, -0.369307, 0.922968, 0.051068, -0.306105, -0.895721, -0.322466, -0.016872, 0.0, 0.0, 0.0, 1.0],
                [0.922136, -0.270449, -0.276625, 0.142131, 0.170931, -0.356632, 0.918475, 0.054411, -0.347054, -0.894243, -0.282635, -0.036767, 0.0, 0.0, 0.0, 1.0],
                [0.884802, -0.300264, -0.356325, 0.142131, 0.245189, -0.350261, 0.903991, 0.057487, -0.396243, -0.887219, -0.236291, -0.055446, 0.0, 0.0, 0.0, 1.0],
                [0.835895, -0.333399, -0.436033, 0.142131, 0.320694, -0.348056, 0.880916, 0.060147, -0.44546, -0.876186, -0.18402, -0.071847, 0.0, 0.0, 0.0, 1.0],
                [0.783911, -0.364529, -0.502594, 0.14213, 0.386208, -0.347527, 0.85444, 0.06228, -0.486134, -0.863912, -0.131646, -0.085162, 0.0, 0.0, 0.0, 1.0],
                [0.739863, -0.388446, -0.549283, 0.14213, 0.435629, -0.345561, 0.831152, 0.063821, -0.512669, -0.854223, -0.08645, -0.094872, 0.0, 0.0, 0.0, 1.0],
                [0.711766, -0.401721, -0.576202, 0.142129, 0.468951, -0.338952, 0.815596, 0.064742, -0.522947, -0.850724, -0.052868, -0.100719, 0.0, 0.0, 0.0, 1.0],
                [0.702641, -0.402557, -0.586723, 0.142128, 0.48912, -0.325611, 0.80916, 0.065045, -0.516777, -0.855526, -0.031889, -0.102654, 0.0, 0.0, 0.0, 1.0],
                [0.702744, -0.394436, -0.59209, 0.141456, 0.504983, -0.309682, 0.80566, 0.064704, -0.501141, -0.865169, -0.018443, -0.102638, 0.0, 0.0, 0.0, 1.0],
                [0.702346, -0.381088, -0.601233, 0.139469, 0.52313, -0.29647, 0.799024, 0.063695, -0.482747, -0.875715, -0.008866, -0.10259, 0.0, 0.0, 0.0, 1.0],
                [0.70127, -0.36235, -0.61394, 0.13621, 0.54329, -0.285957, 0.789344, 0.062039, -0.461579, -0.887091, -0.003672, -0.102512, 0.0, 0.0, 0.0, 1.0],
                [0.699335, -0.338016, -0.629822, 0.131727, 0.565081, -0.278156, 0.776731, 0.05976, -0.437737, -0.899096, -0.003518, -0.102405, 0.0, 0.0, 0.0, 1.0],
                [0.696384, -0.308327, -0.648062, 0.126077, 0.588041, -0.272513, 0.761541, 0.056889, -0.411409, -0.911412, -0.008465, -0.102269, 0.0, 0.0, 0.0, 1.0],
                [0.692294, -0.273787, -0.66766, 0.119323, 0.611675, -0.268246, 0.744243, 0.053457, -0.382861, -0.923626, -0.018237, -0.102107, 0.0, 0.0, 0.0, 1.0],
                [0.686977, -0.235164, -0.687576, 0.111538, 0.635529, -0.264383, 0.7254, 0.0495, -0.352371, -0.935307, -0.032172, -0.10192, 0.0, 0.0, 0.0, 1.0],
                [0.680359, -0.193325, -0.70692, 0.102803, 0.659248, -0.259942, 0.705565, 0.04506, -0.320162, -0.946074, -0.049405, -0.10171, 0.0, 0.0, 0.0, 1.0],
                [0.672357, -0.149041, -0.725067, 0.093206, 0.682594, -0.254093, 0.685202, 0.040182, -0.286357, -0.955627, -0.069107, -0.10148, 0.0, 0.0, 0.0, 1.0],
                [0.662856, -0.102917, -0.74164, 0.082848, 0.705428, -0.246186, 0.664653, 0.034918, -0.250985, -0.963743, -0.090586, -0.101231, 0.0, 0.0, 0.0, 1.0],
                [0.651697, -0.055137, -0.756473, 0.071838, 0.727658, -0.235976, 0.644072, 0.029321, -0.214021, -0.970194, -0.113664, -0.100967, 0.0, 0.0, 0.0, 1.0],
                [0.638688, -0.005915, -0.769443, 0.060294, 0.749202, -0.223193, 0.623603, 0.023453, -0.175423, -0.974756, -0.138119, -0.100689, 0.0, 0.0, 0.0, 1.0],
                [0.622418, 0.048667, -0.781171, 0.048346, 0.77144, -0.206725, 0.601785, 0.017381, -0.1322, -0.977188, -0.166213, -0.100402, 0.0, 0.0, 0.0, 1.0],
                [0.601435, 0.111003, -0.791173, 0.036135, 0.794657, -0.185311, 0.578083, 0.011174, -0.082444, -0.97639, -0.199662, -0.100109, 0.0, 0.0, 0.0, 1.0],
                [0.575899, 0.178362, -0.797826, 0.023812, 0.817025, -0.159551, 0.554088, 0.00491, -0.028466, -0.970943, -0.237611, -0.099813, 0.0, 0.0, 0.0, 1.0],
                [0.546549, 0.247795, -0.799926, 0.011537, 0.836995, -0.130954, 0.53131, -0.001329, 0.026903, -0.959921, -0.278977, -0.099519, 0.0, 0.0, 0.0, 1.0],
                [0.51443, 0.316725, -0.796898, -0.000518, 0.85369, -0.101284, 0.510837, -0.007457, 0.081082, -0.943094, -0.322489, -0.099229, 0.0, 0.0, 0.0, 1.0],
                [0.480401, 0.384003, -0.788515, -0.012172, 0.866987, -0.072131, 0.493082, -0.013381, 0.132469, -0.92051, -0.367578, -0.098949, 0.0, 0.0, 0.0, 1.0],
                [0.444698, 0.451142, -0.773766, -0.023237, 0.87726, -0.045082, 0.477893, -0.019005, 0.180715, -0.891313, -0.415817, -0.098684, 0.0, 0.0, 0.0, 1.0],
                [0.406746, 0.522601, -0.749296, -0.033514, 0.885002, -0.022003, 0.465066, -0.024229, 0.226557, -0.852293, -0.471454, -0.098437, 0.0, 0.0, 0.0, 1.0],
                [0.365099, 0.604145, -0.708315, -0.042798, 0.890474, -0.004669, 0.45501, -0.028948, 0.271585, -0.796861, -0.539681, -0.098214, 0.0, 0.0, 0.0, 1.0],
                [0.317193, 0.69938, -0.640512, -0.05088, 0.89335, 0.006332, 0.449317, -0.033056, 0.318299, -0.714722, -0.622783, -0.09802, 0.0, 0.0, 0.0, 1.0],
                [0.335915, 0.644149, -0.687192, -0.057545, 0.887749, 0.027275, 0.459519, -0.036444, 0.314742, -0.764413, -0.562681, -0.09786, 0.0, 0.0, 0.0, 1.0],
                [0.542553, 0.029675, -0.839497, -0.062575, 0.812782, -0.270979, 0.515708, -0.039, -0.212182, -0.962128, -0.17114, -0.097739, 0.0, 0.0, 0.0, 1.0],
                [0.319969, -0.926466, -0.198194, -0.065752, 0.49059, -0.016944, 0.871225, -0.040615, -0.810519, -0.375997, 0.449094, -0.097663, 0.0, 0.0, 0.0, 1.0],
                [0.224325, -0.964689, 0.138033, -0.066859, 0.471944, 0.231467, 0.850701, -0.041178, -0.852612, -0.125689, 0.507203, -0.097636, 0.0, 0.0, 0.0, 1.0],
                [0.205427, -0.967209, 0.149353, -0.066859, 0.439605, 0.22754, 0.868892, -0.041178, -0.874384, -0.112837, 0.471933, -0.097636, 0.0, 0.0, 0.0, 1.0],
                [0.193628, -0.968776, 0.15486, -0.066859, 0.419361, 0.224429, 0.879641, -0.041178, -0.88693, -0.105381, 0.449722, -0.097636, 0.0, 0.0, 0.0, 1.0],
                [0.187028, -0.971056, 0.148565, -0.066859, 0.408645, 0.214434, 0.887145, -0.041178, -0.893325, -0.10521, 0.436923, -0.097636, 0.0, 0.0, 0.0, 1.0],
                [0.180841, -0.97494, 0.129571, -0.066859, 0.399492, 0.193201, 0.896147, -0.041178, -0.898723, -0.110297, 0.424419, -0.097636, 0.0, 0.0, 0.0, 1.0],
                [0.171062, -0.982213, 0.077428, -0.066442, 0.386409, 0.139172, 0.911767, -0.043854, -0.906325, -0.126049, 0.403343, -0.105933, 0.0, 0.0, 0.0, 1.0],
                [0.164938, -0.985492, -0.040001, -0.06535, 0.383628, 0.026738, 0.9231, -0.050852, -0.908639, -0.1676, 0.382473, -0.127637, 0.0, 0.0, 0.0, 1.0],
                [0.169569, -0.968528, -0.18221, -0.064258, 0.40024, -0.101275, 0.910797, -0.05785, -0.900586, -0.22737, 0.37047, -0.149341, 0.0, 0.0, 0.0, 1.0],
                [0.187014, -0.946157, -0.264221, -0.063841, 0.434601, -0.161526, 0.88602, -0.060526, -0.880992, -0.280529, 0.380993, -0.157638, 0.0, 0.0, 0.0, 1.0],
                [0.209305, -0.930738, -0.299863, -0.063841, 0.474123, -0.171603, 0.863574, -0.060526, -0.855218, -0.322922, 0.405367, -0.157638, 0.0, 0.0, 0.0, 1.0],
                [0.227543, -0.914442, -0.334695, -0.063841, 0.506422, -0.182445, 0.842763, -0.060526, -0.831722, -0.361262, 0.421579, -0.157638, 0.0, 0.0, 0.0, 1.0],
                [0.242079, -0.898297, -0.366687, -0.063841, 0.532149, -0.19309, 0.824338, -0.060526, -0.811304, -0.394687, 0.431285, -0.157638, 0.0, 0.0, 0.0, 1.0],
                [0.253382, -0.883231, -0.394589, -0.063841, 0.552152, -0.202882, 0.808682, -0.060526, -0.794308, -0.422779, 0.436271, -0.157638, 0.0, 0.0, 0.0, 1.0],
                [0.262064, -0.86988, -0.417889, -0.063841, 0.567509, -0.211324, 0.795786, -0.060526, -0.780548, -0.445702, 0.438285, -0.157638, 0.0, 0.0, 0.0, 1.0],
                [0.268831, -0.858323, -0.437048, -0.063841, 0.579465, -0.218327, 0.785209, -0.060526, -0.769383, -0.464342, 0.438675, -0.157638, 0.0, 0.0, 0.0, 1.0],
                [0.274373, -0.848071, -0.453316, -0.063841, 0.589241, -0.224268, 0.776208, -0.060526, -0.759944, -0.480082, 0.438185, -0.157638, 0.0, 0.0, 0.0, 1.0],
                [0.27926, -0.838515, -0.467874, -0.063841, 0.597838, -0.229464, 0.768073, -0.060526, -0.751401, -0.494205, 0.437216, -0.157638, 0.0, 0.0, 0.0, 1.0],
                [0.283876, -0.828916, -0.481988, -0.063841, 0.605945, -0.234492, 0.76016, -0.060526, -0.743132, -0.507849, 0.435711, -0.157638, 0.0, 0.0, 0.0, 1.0],
                [0.288431, -0.820344, -0.493804, -0.063841, 0.613815, -0.237395, 0.75291, -0.060526, -0.734873, -0.520267, 0.435068, -0.157638, 0.0, 0.0, 0.0, 1.0],
                [0.292987, -0.814495, -0.500755, -0.063841, 0.621427, -0.235809, 0.747143, -0.060526, -0.726627, -0.530086, 0.437061, -0.157638, 0.0, 0.0, 0.0, 1.0],
                [0.297565, -0.811511, -0.502896, -0.063841, 0.62882, -0.229758, 0.74283, -0.060526, -0.718359, -0.537271, 0.441927, -0.157638, 0.0, 0.0, 0.0, 1.0],
                [0.30216, -0.811185, -0.500678, -0.063841, 0.636007, -0.219681, 0.739753, -0.060526, -0.710066, -0.541959, 0.449541, -0.157638, 0.0, 0.0, 0.0, 1.0],
                [0.306738, -0.812923, -0.495043, -0.063841, 0.642973, -0.206514, 0.737521, -0.060526, -0.701781, -0.544525, 0.459343, -0.157638, 0.0, 0.0, 0.0, 1.0],
                [0.31123, -0.815834, -0.487392, -0.063841, 0.649678, -0.191649, 0.735656, -0.060526, -0.693581, -0.545606, 0.470382, -0.157638, 0.0, 0.0, 0.0, 1.0],
                [0.31555, -0.8189, -0.479407, -0.063841, 0.656062, -0.176737, 0.733721, -0.060526, -0.685573, -0.546047, 0.48148, -0.157638, 0.0, 0.0, 0.0, 1.0],
                [0.319606, -0.82119, -0.472757, -0.063841, 0.662068, -0.163397, 0.731414, -0.060526, -0.677877, -0.546761, 0.491461, -0.157638, 0.0, 0.0, 0.0, 1.0],
                [0.323316, -0.821986, -0.468834, -0.063841, 0.667645, -0.152959, 0.728597, -0.060526, -0.670609, -0.548581, 0.499341, -0.157638, 0.0, 0.0, 0.0, 1.0],
                [0.326629, -0.820895, -0.468449, -0.063841, 0.672763, -0.146192, 0.725271, -0.060526, -0.663855, -0.55205, 0.504517, -0.157638, 0.0, 0.0, 0.0, 1.0],
                [0.329512, -0.81755, -0.472265, -0.063841, 0.677405, -0.143716, 0.721434, -0.060526, -0.65768, -0.557636, 0.506457, -0.157638, 0.0, 0.0, 0.0, 1.0],
                [0.331958, -0.811803, -0.480396, -0.063841, 0.681577, -0.14565, 0.717104, -0.060526, -0.652117, -0.565475, 0.504957, -0.157638, 0.0, 0.0, 0.0, 1.0],
                [0.334288, -0.804653, -0.490699, -0.063841, 0.685353, -0.149853, 0.712626, -0.060526, -0.646949, -0.574524, 0.501377, -0.157638, 0.0, 0.0, 0.0, 1.0],
                [0.336802, -0.796967, -0.501406, -0.063841, 0.688795, -0.154531, 0.708295, -0.060526, -0.64197, -0.583921, 0.4969, -0.157638, 0.0, 0.0, 0.0, 1.0],
                [0.339488, -0.788739, -0.512482, -0.063841, 0.691893, -0.159695, 0.704117, -0.060526, -0.637206, -0.593623, 0.491509, -0.157638, 0.0, 0.0, 0.0, 1.0],
                [0.342331, -0.779975, -0.523877, -0.063841, 0.694633, -0.165355, 0.700102, -0.060526, -0.632688, -0.603569, 0.485191, -0.157638, 0.0, 0.0, 0.0, 1.0],
                [0.345312, -0.770715, -0.535497, -0.063841, 0.696991, -0.171492, 0.696272, -0.060526, -0.628461, -0.613668, 0.477963, -0.157638, 0.0, 0.0, 0.0, 1.0],
                [0.34841, -0.761041, -0.547199, -0.063841, 0.698938, -0.178056, 0.692663, -0.060526, -0.624577, -0.623788, 0.469884, -0.157638, 0.0, 0.0, 0.0, 1.0],
                [0.3516, -0.751087, -0.55879, -0.063841, 0.700439, -0.184954, 0.689331, -0.060526, -0.621098, -0.633767, 0.461061, -0.157638, 0.0, 0.0, 0.0, 1.0],
                [0.354859, -0.741037, -0.570034, -0.063841, 0.701459, -0.192057, 0.686345, -0.060526, -0.618086, -0.643411, 0.451654, -0.157638, 0.0, 0.0, 0.0, 1.0],
                [0.358167, -0.731121, -0.580671, -0.063841, 0.701961, -0.199199, 0.683791, -0.060526, -0.615603, -0.65252, 0.441872, -0.157638, 0.0, 0.0, 0.0, 1.0],
                [0.361506, -0.721595, -0.590435, -0.063841, 0.701917, -0.206193, 0.68176, -0.060526, -0.613698, -0.660897, 0.43196, -0.157638, 0.0, 0.0, 0.0, 1.0],
                [0.364864, -0.712717, -0.59909, -0.063841, 0.701307, -0.212852, 0.68034, -0.060526, -0.612408, -0.668377, 0.422171, -0.157638, 0.0, 0.0, 0.0, 1.0],
                [0.368235, -0.704721, -0.606441, -0.063841, 0.700119, -0.219002, 0.679611, -0.060526, -0.611748, -0.674838, 0.412745, -0.157638, 0.0, 0.0, 0.0, 1.0],
                [0.371617, -0.697795, -0.612358, -0.063841, 0.698357, -0.2245, 0.67963, -0.060526, -0.611717, -0.680207, 0.403882, -0.157638, 0.0, 0.0, 0.0, 1.0],
                [0.375011, -0.692071, -0.616769, -0.063841, 0.696031, -0.229241, 0.680433, -0.060526, -0.612297, -0.68446, 0.395735, -0.157638, 0.0, 0.0, 0.0, 1.0],
                [0.378416, -0.687618, -0.619663, -0.063841, 0.693159, -0.233162, 0.682031, -0.060526, -0.613459, -0.687616, 0.388397, -0.157638, 0.0, 0.0, 0.0, 1.0],
                [0.381835, -0.684445, -0.621077, -0.063841, 0.689767, -0.236239, 0.684407, -0.060526, -0.615161, -0.689729, 0.381904, -0.157638, 0.0, 0.0, 0.0, 1.0],
                [0.385265, -0.682513, -0.621085, -0.063841, 0.685883, -0.238479, 0.687525, -0.060526, -0.617361, -0.690872, 0.376247, -0.157638, 0.0, 0.0, 0.0, 1.0],
                [0.388701, -0.681243, -0.620338, -0.063841, 0.681571, -0.240444, 0.691121, -0.060526, -0.619978, -0.691444, 0.370854, -0.157638, 0.0, 0.0, 0.0, 1.0],
                [0.392131, -0.680078, -0.619457, -0.063841, 0.676883, -0.242696, 0.69493, -0.060526, -0.622947, -0.691803, 0.365165, -0.157638, 0.0, 0.0, 0.0, 1.0],
                [0.395537, -0.678981, -0.618495, -0.063841, 0.671842, -0.245268, 0.698908, -0.060526, -0.626242, -0.691974, 0.359155, -0.157638, 0.0, 0.0, 0.0, 1.0],
                [0.398901, -0.677917, -0.6175, -0.063841, 0.666474, -0.248184, 0.703005, -0.060526, -0.629833, -0.691977, 0.352814, -0.157638, 0.0, 0.0, 0.0, 1.0],
                [0.402206, -0.676859, -0.616517, -0.063841, 0.660811, -0.25146, 0.707175, -0.060526, -0.633687, -0.691831, 0.346137, -0.157638, 0.0, 0.0, 0.0, 1.0],
                [0.405434, -0.675785, -0.615579, -0.063841, 0.654886, -0.255098, 0.711371, -0.060526, -0.637767, -0.691549, 0.339137, -0.157638, 0.0, 0.0, 0.0, 1.0],
                [0.408568, -0.674681, -0.614718, -0.063841, 0.648741, -0.259091, 0.715546, -0.060526, -0.642033, -0.691142, 0.331837, -0.157638, 0.0, 0.0, 0.0, 1.0],
                [0.411592, -0.673541, -0.61395, -0.063841, 0.642421, -0.263413, 0.719659, -0.060526, -0.646442, -0.69062, 0.324278, -0.157638, 0.0, 0.0, 0.0, 1.0],
                [0.41449, -0.672368, -0.613285, -0.063841, 0.635975, -0.268024, 0.72367, -0.060526, -0.650949, -0.689988, 0.316516, -0.157638, 0.0, 0.0, 0.0, 1.0],
                [0.41725, -0.671171, -0.612724, -0.063841, 0.629458, -0.272872, 0.727546, -0.060526, -0.655504, -0.689253, 0.308618, -0.157638, 0.0, 0.0, 0.0, 1.0],
                [0.419861, -0.669966, -0.61226, -0.063841, 0.622929, -0.277889, 0.731257, -0.060526, -0.660057, -0.688421, 0.300667, -0.157638, 0.0, 0.0, 0.0, 1.0],
                [0.422314, -0.668773, -0.611878, -0.063841, 0.616451, -0.282995, 0.73478, -0.060526, -0.66456, -0.6875, 0.292753, -0.157638, 0.0, 0.0, 0.0, 1.0],
                [0.424601, -0.667615, -0.611559, -0.063841, 0.610088, -0.288108, 0.738096, -0.060526, -0.668959, -0.686501, 0.284972, -0.157638, 0.0, 0.0, 0.0, 1.0],
                [0.426719, -0.666515, -0.611284, -0.063841, 0.603905, -0.293139, 0.741193, -0.060526, -0.673208, -0.685439, 0.277424, -0.157638, 0.0, 0.0, 0.0, 1.0],
                [0.428665, -0.665496, -0.611033, -0.063841, 0.597968, -0.298001, 0.744063, -0.060526, -0.67726, -0.684332, 0.270203, -0.157638, 0.0, 0.0, 0.0, 1.0],
                [0.430436, -0.664577, -0.610788, -0.063841, 0.592339, -0.302615, 0.746699, -0.060526, -0.681073, -0.683199, 0.263398, -0.157638, 0.0, 0.0, 0.0, 1.0],
                [0.432032, -0.663772, -0.610537, -0.063841, 0.587076, -0.306908, 0.749099, -0.060526, -0.684609, -0.682067, 0.25709, -0.157638, 0.0, 0.0, 0.0, 1.0],
                [0.433454, -0.663088, -0.610272, -0.063841, 0.582234, -0.310821, 0.751262, -0.060526, -0.687838, -0.680958, 0.251346, -0.157638, 0.0, 0.0, 0.0, 1.0],
                [0.434702, -0.66253, -0.60999, -0.063841, 0.57786, -0.314308, 0.753185, -0.060526, -0.690733, -0.6799, 0.246219, -0.157638, 0.0, 0.0, 0.0, 1.0],
                [0.435778, -0.662093, -0.609697, -0.063841, 0.573997, -0.317336, 0.754868, -0.060526, -0.693271, -0.678919, 0.241752, -0.157638, 0.0, 0.0, 0.0, 1.0],
                [0.436682, -0.66177, -0.609401, -0.063841, 0.570678, -0.319883, 0.756307, -0.060526, -0.695439, -0.678038, 0.23797, -0.157638, 0.0, 0.0, 0.0, 1.0],
                [0.437418, -0.661548, -0.609115, -0.063841, 0.567931, -0.321944, 0.7575, -0.060526, -0.697223, -0.677279, 0.234889, -0.157638, 0.0, 0.0, 0.0, 1.0],
                [0.437986, -0.66141, -0.608856, -0.063841, 0.565777, -0.323518, 0.75844, -0.060526, -0.698616, -0.676663, 0.232514, -0.157638, 0.0, 0.0, 0.0, 1.0],
                [0.438388, -0.661339, -0.608644, -0.063841, 0.564231, -0.324618, 0.759122, -0.060526, -0.699614, -0.676206, 0.230839, -0.157638, 0.0, 0.0, 0.0, 1.0],
                [0.438628, -0.661312, -0.6085, -0.063841, 0.563301, -0.325261, 0.759538, -0.060526, -0.700212, -0.675923, 0.229849, -0.157638, 0.0, 0.0, 0.0, 1.0],
                [0.438708, -0.661308, -0.608447, -0.063841, 0.562991, -0.325469, 0.759678, -0.060526, -0.700412, -0.675826, 0.229524, -0.157638, 0.0, 0.0, 0.0, 1.0]
            ]
        },
        {
            "name": "Leg_R",
            "time": [0.0, 0.0167, 0.0333, 0.05, 0.0667, 0.0833, 0.1, 0.1167, 0.1333, 0.15, 0.1667, 0.1833, 0.2, 0.2167, 0.2333, 0.25, 0.2667, 0.2833, 0.3, 0.3167, 0.3333, 0.35, 0.3667, 0.3833, 0.4, 0.4167, 0.4333, 0.45, 0.4667, 0.4833, 0.5, 0.5167, 0.5333, 0.55, 0.5667, 0.5833, 0.6, 0.6167, 0.6333, 0.65, 0.6667, 0.6833, 0.7, 0.7167, 0.7333, 0.75, 0.7667, 0.7833, 0.8, 0.8167, 0.8333, 0.85, 0.8667, 0.8833, 0.9, 0.9167, 0.9333, 0.95, 0.9667, 0.9833, 1.0, 1.0167, 1.0333, 1.05, 1.0667, 1.0833, 1.1, 1.1167, 1.1333, 1.15, 1.1667, 1.1833, 1.2, 1.2167, 1.2333, 1.25, 1.2667, 1.2833, 1.3, 1.3167, 1.3333, 1.35, 1.3667, 1.3833, 1.4, 1.4167, 1.4333, 1.45, 1.4667, 1.4833, 1.5, 1.5167, 1.5333, 1.55, 1.5667, 1.5833, 1.6, 1.6167, 1.6333, 1.65, 1.6667, 1.6833, 1.7, 1.7167, 1.7333, 1.75, 1.7667, 1.7833, 1.8, 1.8167, 1.8333, 1.85, 1.8667, 1.8833, 1.9, 1.9167, 1.9333, 1.95, 1.9667, 1.9833, 2.0],
            "transform": [
                [0.999553, -0.027253, -0.012305, 0.0, 0.027339, 0.666216, 0.745258, 0.374721, -0.012113, -0.745261, 0.666663, -0.0, 0.0, 0.0, 0.0, 1.0],
                [0.999582, -0.026509, -0.011497, -0.0, 0.026593, 0.688332, 0.724908, 0.374721, -0.011303, -0.724911, 0.68875, 0.0, 0.0, 0.0, 0.0, 1.0],
                [0.999668, -0.024069, -0.009155, 0.0, 0.024145, 0.752471, 0.658183, 0.374721, -0.008953, -0.658186, 0.752802, 0.0, 0.0, 0.0, 0.0, 1.0],
                [0.999803, -0.019061, -0.005476, -0.0, 0.019121, 0.853196, 0.521241, 0.374721, -0.005263, -0.521242, 0.853392, -0.0, 0.0, 0.0, 0.0, 1.0],
                [0.999966, -0.008225, -0.001052, -0.0, 0.00825, 0.974345, 0.224906, 0.374721, -0.000825, -0.224907, 0.97438, 0.0, 0.0, 0.0, 0.0, 1.0],
                [1.0, -1.6e-05, -0.000115, -0.0, 1.6e-05, 1.0, 0.000435, 0.374721, 0.000115, -0.000435, 1.0, -0.0, 0.0, 0.0, 0.0, 1.0],
                [1.0, -1.6e-05, -0.000115, -0.0, 1.6e-05, 1.0, 0.000435, 0.374721, 0.000115, -0.000435, 1.0, 0.0, 0.0, 0.0, 0.0, 1.0],
                [1.0, -1.6e-05, -0.000115, -0.0, 1.6e-05, 1.0, 0.000435, 0.374721, 0.000115, -0.000435, 1.0, -0.0, 0.0, 0.0, 0.0, 1.0],
                [1.0, -1.6e-05, -0.000115, -0.0, 1.6e-05, 1.0, 0.000435, 0.374721, 0.000115, -0.000435, 1.0, -0.0, 0.0, 0.0, 0.0, 1.0],
                [0.999761, -0.020838, -0.006634, -0.0, 0.020903, 0.821503, 0.569821, 0.374721, -0.006424, -0.569823, 0.821742, 0.0, 0.0, 0.0, 0.0, 1.0],
                [0.999391, -0.030632, -0.016719, 0.0, 0.030729, 0.545335, 0.837655, 0.374721, -0.016542, -0.837658, 0.545944, 0.0, 0.0, 0.0, 0.0, 1.0],
                [0.999248, -0.032836, -0.020605, 0.0, 0.032939, 0.438936, 0.897914, 0.374721, -0.020439, -0.897918, 0.439687, -0.0, 0.0, 0.0, 0.0, 1.0],
                [0.999358, -0.031207, -0.017631, 0.0, 0.031305, 0.520374, 0.853365, 0.374721, -0.017456, -0.853368, 0.521016, -0.0, 0.0, 0.0, 0.0, 1.0],
                [0.999468, -0.029166, -0.01463, 0.0, 0.029258, 0.602537, 0.797555, 0.374721, -0.014446, -0.797558, 0.603069, -0.0, 0.0, 0.0, 0.0, 1.0],
                [0.999506, -0.028354, -0.013595, -0.0, 0.028443, 0.630896, 0.775346, 0.374721, -0.013407, -0.775349, 0.63139, 0.0, 0.0, 0.0, 0.0, 1.0],
                [0.999538, -0.027609, -0.012709, -0.0, 0.027696, 0.655146, 0.754994, 0.374721, -0.012519, -0.754997, 0.655608, 0.0, 0.0, 0.0, 0.0, 1.0],
                [0.999557, -0.027157, -0.012197, 0.0, 0.027242, 0.669159, 0.74262, 0.374721, -0.012005, -0.742623, 0.669602, 0.0, 0.0, 0.0, 0.0, 1.0],
                [0.999556, -0.027162, -0.012203, -0.0, 0.027247, 0.669006, 0.742758, 0.374721, -0.012011, -0.742761, 0.669449, 0.0, 0.0, 0.0, 0.0, 1.0],
                [0.999537, -0.027647, -0.012753, -0.0, 0.027734, 0.653944, 0.756034, 0.374721, -0.012563, -0.756038, 0.654407, -0.0, 0.0, 0.0, 0.0, 1.0],
                [0.9995, -0.028478, -0.013749, 0.0, 0.028568, 0.626674, 0.778757, 0.374721, -0.013562, -0.778761, 0.627175, -0.0, 0.0, 0.0, 0.0, 1.0],
                [0.999454, -0.029447, -0.015007, 0.0, 0.029539, 0.59222, 0.805235, 0.374721, -0.014824, -0.805238, 0.592766, -0.0, 0.0, 0.0, 0.0, 1.0],
