{
    "animation": [
        {
            "name": "Root",
            "time": [0.0, 0.0167, 0.0333, 0.05, 0.0667, 0.0833, 0.1, 0.1167, 0.1333, 0.15, 0.1667, 0.1833, 0.2, 0.2167, 0.2333, 0.25, 0.2667, 0.2833, 0.3, 0.3167, 0.3333, 0.35, 0.3667, 0.3833, 0.4, 0.4167, 0.4333, 0.45, 0.4667, 0.4833, 0.5, 0.5167, 0.5333, 0.55, 0.5667, 0.5833, 0.6, 0.6167, 0.6333, 0.65, 0.6667, 0.6833, 0.7, 0.7167, 0.7333, 0.75, 0.7667, 0.7833, 0.8, 0.8167, 0.8333, 0.85, 0.8667, 0.8833, 0.9, 0.9167, 0.9333, 0.95, 0.9667, 0.9833, 1.0, 1.0167, 1.0333, 1.05, 1.0667, 1.0833, 1.1, 1.1167, 1.1333, 1.15, 1.1667, 1.1833, 1.2, 1.2167, 1.2333, 1.25, 1.2667, 1.2833, 1.3, 1.3167, 1.3333, 1.35, 1.3667, 1.3833, 1.4],
            "transform": [
                [1.0, 0.0, -0.0, 0.086005, -0.0, 0.0, -1.0, -0.000928, 0.0, 1.0, 0.0, 0.706032, 0.0, 0.0, 0.0, 1.0],
                [1.0, 0.0, -0.0, 0.085943, -0.0, 0.0, -1.0, -0.011598, 0.0, 1.0, 0.0, 0.705887, 0.0, 0.0, 0.0, 1.0],
                [1.0, 0.0, -0.0, 0.085559, -0.0, 0.0, -1.0, -0.043446, 0.0, 1.0, 0.0, 0.70471, 0.0, 0.0, 0.0, 1.0],
                [1.0, 0.0, -0.0, 0.084465, -0.0, 0.0, -1.0, -0.093584, 0.0, 1.0, 0.0, 0.701027, 0.0, 0.0, 0.0, 1.0],
                [1.0, 0.0, -0.0, 0.082211, -0.0, 0.0, -1.0, -0.154661, 0.0, 1.0, 0.0, 0.693086, 0.0, 0.0, 0.0, 1.0],
                [1.0, 0.0, -0.0, 0.078429, -0.0, 0.0, -1.0, -0.215737, 0.0, 1.0, 0.0, 0.679418, 0.0, 0.0, 0.0, 1.0],
                [1.0, 0.0, -0.0, 0.072984, -0.0, 0.0, -1.0, -0.265876, 0.0, 1.0, 0.0, 0.659423, 0.0, 0.0, 0.0, 1.0],
                [1.0, 0.0, -0.0, 0.065987, -0.0, 0.0, -1.0, -0.297724, 0.0, 1.0, 0.0, 0.633464, 0.0, 0.0, 0.0, 1.0],
                [1.0, 0.0, -0.0, 0.057692, -0.0, 0.0, -1.0, -0.308393, 0.0, 1.0, 0.0, 0.602467, 0.0, 0.0, 0.0, 1.0],
                [1.0, 0.0, -0.0, 0.046579, -0.0, 0.0, -1.0, -0.25436, 0.0, 1.0, 0.0, 0.542962, 0.0, 0.0, 0.0, 1.0],
                [1.0, 0.0, -0.0, 0.031383, -0.0, 0.0, -1.0, -0.103102, 0.0, 1.0, 0.0, 0.44158, 0.0, 0.0, 0.0, 1.0],
                [1.0, 0.0, -0.0, 0.015051, -0.0, 0.0, -1.0, 0.074919, 0.0, 1.0, 0.0, 0.342059, 0.0, 0.0, 0.0, 1.0],
                [1.0, 0.0, -0.0, 0.001067, -0.0, 0.0, -1.0, 0.196515, 0.0, 1.0, 0.0, 0.287253, 0.0, 0.0, 0.0, 1.0],
                [1.0, 0.0, -0.0, -0.011179, -0.0, 0.0, -1.0, 0.265138, 0.0, 1.0, 0.0, 0.262714, 0.0, 0.0, 0.0, 1.0],
                [1.0, 0.0, -0.0, -0.023027, -0.0, 0.0, -1.0, 0.308449, 0.0, 1.0, 0.0, 0.245602, 0.0, 0.0, 0.0, 1.0],
                [1.0, 0.0, -0.0, -0.033797, -0.0, 0.0, -1.0, 0.331336, 0.0, 1.0, 0.0, 0.236678, 0.0, 0.0, 0.0, 1.0],
                [1.0, 0.0, -0.0, -0.043034, -0.0, 0.0, -1.0, 0.347796, 0.0, 1.0, 0.0, 0.233793, 0.0, 0.0, 0.0, 1.0],
                [1.0, 0.0, -0.0, -0.050839, -0.0, 0.0, -1.0, 0.370732, 0.0, 1.0, 0.0, 0.233459, 0.0, 0.0, 0.0, 1.0],
                [1.0, 0.0, -0.0, -0.056985, -0.0, 0.0, -1.0, 0.396592, 0.0, 1.0, 0.0, 0.233827, 0.0, 0.0, 0.0, 1.0],
                [1.0, 0.0, -0.0, -0.061057, -0.0, 0.0, -1.0, 0.417409, 0.0, 1.0, 0.0, 0.235088, 0.0, 0.0, 0.0, 1.0],
                [1.0, 0.0, -0.0, -0.063525, -0.0, 0.0, -1.0, 0.434626, 0.0, 1.0, 0.0, 0.237446, 0.0, 0.0, 0.0, 1.0],
                [1.0, 0.0, -0.0, -0.065433, -0.0, 0.0, -1.0, 0.451158, 0.0, 1.0, 0.0, 0.240959, 0.0, 0.0, 0.0, 1.0],
                [1.0, 0.0, -0.0, -0.068098, -0.0, 0.0, -1.0, 0.470498, 0.0, 1.0, 0.0, 0.245457, 0.0, 0.0, 0.0, 1.0],
                [1.0, 0.0, -0.0, -0.072531, -0.0, 0.0, -1.0, 0.495184, 0.0, 1.0, 0.0, 0.250613, 0.0, 0.0, 0.0, 1.0],
                [1.0, 0.0, -0.0, -0.079152, -0.0, 0.0, -1.0, 0.526137, 0.0, 1.0, 0.0, 0.256109, 0.0, 0.0, 0.0, 1.0],
                [1.0, 0.0, -0.0, -0.089768, -0.0, 0.0, -1.0, 0.557194, 0.0, 1.0, 0.0, 0.260357, 0.0, 0.0, 0.0, 1.0],
                [1.0, 0.0, -0.0, -0.105081, -0.0, 0.0, -1.0, 0.586407, 0.0, 1.0, 0.0, 0.26322, 0.0, 0.0, 0.0, 1.0],
                [1.0, 0.0, -0.0, -0.121082, -0.0, 0.0, -1.0, 0.623962, 0.0, 1.0, 0.0, 0.268101, 0.0, 0.0, 0.0, 1.0],
                [1.0, 0.0, -0.0, -0.132404, -0.0, 0.0, -1.0, 0.679662, 0.0, 1.0, 0.0, 0.278566, 0.0, 0.0, 0.0, 1.0],
                [1.0, 0.0, -0.0, -0.13623, -0.0, 0.0, -1.0, 0.755784, 0.0, 1.0, 0.0, 0.295747, 0.0, 0.0, 0.0, 1.0],
                [1.0, 0.0, -0.0, -0.130854, -0.0, 0.0, -1.0, 0.869521, 0.0, 1.0, 0.0, 0.332021, 0.0, 0.0, 0.0, 1.0],
                [1.0, 0.0, -0.0, -0.115563, -0.0, 0.0, -1.0, 1.024978, 0.0, 1.0, 0.0, 0.395763, 0.0, 0.0, 0.0, 1.0],
                [1.0, 0.0, -0.0, -0.096962, -0.0, 0.0, -1.0, 1.169328, 0.0, 1.0, 0.0, 0.464006, 0.0, 0.0, 0.0, 1.0],
                [1.0, 0.0, -0.0, -0.083229, -0.0, 0.0, -1.0, 1.255029, 0.0, 1.0, 0.0, 0.51164, 0.0, 0.0, 0.0, 1.0],
                [1.0, 0.0, -0.0, -0.07317, -0.0, 0.0, -1.0, 1.301953, 0.0, 1.0, 0.0, 0.54402, 0.0, 0.0, 0.0, 1.0],
                [1.0, 0.0, -0.0, -0.063018, -0.0, 0.0, -1.0, 1.338557, 0.0, 1.0, 0.0, 0.57308, 0.0, 0.0, 0.0, 1.0],
                [1.0, 0.0, -0.0, -0.05299, -0.0, 0.0, -1.0, 1.364911, 0.0, 1.0, 0.0, 0.598248, 0.0, 0.0, 0.0, 1.0],
                [1.0, 0.0, -0.0, -0.043376, -0.0, 0.0, -1.0, 1.38198, 0.0, 1.0, 0.0, 0.619045, 0.0, 0.0, 0.0, 1.0],
                [1.0, 0.0, -0.0, -0.034524, -0.0, 0.0, -1.0, 1.391853, 0.0, 1.0, 0.0, 0.635228, 0.0, 0.0, 0.0, 1.0],
                [1.0, 0.0, -0.0, -0.026781, -0.0, 0.0, -1.0, 1.39767, 0.0, 1.0, 0.0, 0.646919, 0.0, 0.0, 0.0, 1.0],
                [1.0, 0.0, -0.0, -0.020421, -0.0, 0.0, -1.0, 1.403123, 0.0, 1.0, 0.0, 0.654636, 0.0, 0.0, 0.0, 1.0],
                [1.0, 0.0, -0.0, -0.015587, -0.0, 0.0, -1.0, 1.411711, 0.0, 1.0, 0.0, 0.659189, 0.0, 0.0, 0.0, 1.0],
                [1.0, 0.0, -0.0, -0.012288, -0.0, 0.0, -1.0, 1.426126, 0.0, 1.0, 0.0, 0.661491, 0.0, 0.0, 0.0, 1.0],
                [1.0, 0.0, -0.0, -0.010425, -0.0, 0.0, -1.0, 1.448023, 0.0, 1.0, 0.0, 0.662388, 0.0, 0.0, 0.0, 1.0],
                [1.0, 0.0, -0.0, -0.009843, -0.0, 0.0, -1.0, 1.478133, 0.0, 1.0, 0.0, 0.662565, 0.0, 0.0, 0.0, 1.0],
                [1.0, 0.0, -0.0, -0.009843, -0.0, 0.0, -1.0, 1.502633, 0.0, 1.0, 0.0, 0.643017, 0.0, 0.0, 0.0, 1.0],
                [1.0, 0.0, -0.0, -0.009843, -0.0, 0.0, -1.0, 1.522343, 0.0, 1.0, 0.0, 0.586644, 0.0, 0.0, 0.0, 1.0],
                [1.0, 0.0, -0.0, -0.009843, -0.0, 0.0, -1.0, 1.571751, 0.0, 1.0, 0.0, 0.516136, 0.0, 0.0, 0.0, 1.0],
                [1.0, 0.0, -0.0, -0.009843, -0.0, 0.0, -1.0, 1.671225, 0.0, 1.0, 0.0, 0.460904, 0.0, 0.0, 0.0, 1.0],
                [1.0, 0.0, -0.0, 0.025707, -0.0, 0.0, -1.0, 1.927574, 0.0, 1.0, 0.0, 0.41439, 0.0, 0.0, 0.0, 1.0],
                [1.0, 0.0, -0.0, 0.118697, -0.0, 0.0, -1.0, 2.38534, 0.0, 1.0, 0.0, 0.366685, 0.0, 0.0, 0.0, 1.0],
                [1.0, 0.0, -0.0, 0.211686, -0.0, 0.0, -1.0, 2.808041, 0.0, 1.0, 0.0, 0.333116, 0.0, 0.0, 0.0, 1.0],
                [1.0, 0.0, -0.0, 0.247236, -0.0, 0.0, -1.0, 2.97587, 0.0, 1.0, 0.0, 0.322285, 0.0, 0.0, 0.0, 1.0],
                [1.0, 0.0, -0.0, 0.247236, -0.0, 0.0, -1.0, 3.232524, 0.0, 1.0, 0.0, 0.322846, 0.0, 0.0, 0.0, 1.0],
                [1.0, 0.0, -0.0, 0.247236, -0.0, 0.0, -1.0, 3.757615, 0.0, 1.0, 0.0, 0.32593, 0.0, 0.0, 0.0, 1.0],
                [1.0, 0.0, -0.0, 0.247236, -0.0, 0.0, -1.0, 4.001876, 0.0, 1.0, 0.0, 0.333371, 0.0, 0.0, 0.0, 1.0],
                [1.0, 0.0, -0.0, 0.247236, -0.0, 0.0, -1.0, 4.002237, 0.0, 1.0, 0.0, 0.344935, 0.0, 0.0, 0.0, 1.0],
                [1.0, 0.0, -0.0, 0.212879, -0.0, 0.0, -1.0, 3.936481, 0.0, 1.0, 0.0, 0.362111, 0.0, 0.0, 0.0, 1.0],
                [1.0, 0.0, -0.0, 0.119308, -0.0, 0.0, -1.0, 3.761487, 0.0, 1.0, 0.0, 0.385886, 0.0, 0.0, 0.0, 1.0],
                [1.0, 0.0, -0.0, 0.015751, -0.0, 0.0, -1.0, 3.578416, 0.0, 1.0, 0.0, 0.409767, 0.0, 0.0, 0.0, 1.0],
                [1.0, 0.0, -0.0, -0.043818, -0.0, 0.0, -1.0, 3.492268, 0.0, 1.0, 0.0, 0.427212, 0.0, 0.0, 0.0, 1.0],
                [1.0, 0.0, -0.0, -0.071711, -0.0, 0.0, -1.0, 3.469718, 0.0, 1.0, 0.0, 0.439791, 0.0, 0.0, 0.0, 1.0],
                [1.0, 0.0, -0.0, -0.094961, -0.0, 0.0, -1.0, 3.450944, 0.0, 1.0, 0.0, 0.450532, 0.0, 0.0, 0.0, 1.0],
                [1.0, 0.0, -0.0, -0.113247, -0.0, 0.0, -1.0, 3.436202, 0.0, 1.0, 0.0, 0.459316, 0.0, 0.0, 0.0, 1.0],
                [1.0, 0.0, -0.0, -0.126622, -0.0, 0.0, -1.0, 3.425438, 0.0, 1.0, 0.0, 0.466179, 0.0, 0.0, 0.0, 1.0],
                [1.0, 0.0, -0.0, -0.135692, -0.0, 0.0, -1.0, 3.418153, 0.0, 1.0, 0.0, 0.471372, 0.0, 0.0, 0.0, 1.0],
                [1.0, 0.0, -0.0, -0.141612, -0.0, 0.0, -1.0, 3.413396, 0.0, 1.0, 0.0, 0.475366, 0.0, 0.0, 0.0, 1.0],
                [1.0, 0.0, -0.0, -0.145856, -0.0, 0.0, -1.0, 3.409964, 0.0, 1.0, 0.0, 0.478752, 0.0, 0.0, 0.0, 1.0],
                [1.0, 0.0, -0.0, -0.149852, -0.0, 0.0, -1.0, 3.406695, 0.0, 1.0, 0.0, 0.482097, 0.0, 0.0, 0.0, 1.0],
                [1.0, 0.0, -0.0, -0.154711, -0.0, 0.0, -1.0, 3.402688, 0.0, 1.0, 0.0, 0.485836, 0.0, 0.0, 0.0, 1.0],
                [1.0, 0.0, -0.0, -0.161145, -0.0, 0.0, -1.0, 3.397368, 0.0, 1.0, 0.0, 0.490245, 0.0, 0.0, 0.0, 1.0],
                [1.0, 0.0, -0.0, -0.168269, -0.0, 0.0, -1.0, 3.391443, 0.0, 1.0, 0.0, 0.495097, 0.0, 0.0, 0.0, 1.0],
                [1.0, 0.0, -0.0, -0.174851, -0.0, 0.0, -1.0, 3.385897, 0.0, 1.0, 0.0, 0.500024, 0.0, 0.0, 0.0, 1.0],
                [1.0, 0.0, -0.0, -0.180815, -0.0, 0.0, -1.0, 3.380796, 0.0, 1.0, 0.0, 0.50497, 0.0, 0.0, 0.0, 1.0],
                [1.0, 0.0, -0.0, -0.186084, -0.0, 0.0, -1.0, 3.376205, 0.0, 1.0, 0.0, 0.509858, 0.0, 0.0, 0.0, 1.0],
                [1.0, 0.0, -0.0, -0.190599, -0.0, 0.0, -1.0, 3.372185, 0.0, 1.0, 0.0, 0.514593, 0.0, 0.0, 0.0, 1.0],
                [1.0, 0.0, -0.0, -0.194328, -0.0, 0.0, -1.0, 3.368775, 0.0, 1.0, 0.0, 0.519064, 0.0, 0.0, 0.0, 1.0],
                [1.0, 0.0, -0.0, -0.197275, -0.0, 0.0, -1.0, 3.365991, 0.0, 1.0, 0.0, 0.523158, 0.0, 0.0, 0.0, 1.0],
                [1.0, 0.0, -0.0, -0.199487, -0.0, 0.0, -1.0, 3.363815, 0.0, 1.0, 0.0, 0.526775, 0.0, 0.0, 0.0, 1.0],
                [1.0, 0.0, -0.0, -0.201053, -0.0, 0.0, -1.0, 3.362194, 0.0, 1.0, 0.0, 0.529837, 0.0, 0.0, 0.0, 1.0],
                [1.0, 0.0, -0.0, -0.202085, -0.0, 0.0, -1.0, 3.361054, 0.0, 1.0, 0.0, 0.532302, 0.0, 0.0, 0.0, 1.0],
                [1.0, 0.0, -0.0, -0.202706, -0.0, 0.0, -1.0, 3.360309, 0.0, 1.0, 0.0, 0.534161, 0.0, 0.0, 0.0, 1.0],
                [1.0, 0.0, -0.0, -0.203033, -0.0, 0.0, -1.0, 3.359869, 0.0, 1.0, 0.0, 0.535436, 0.0, 0.0, 0.0, 1.0],
                [1.0, 0.0, -0.0, -0.203169, -0.0, 0.0, -1.0, 3.359654, 0.0, 1.0, 0.0, 0.536164, 0.0, 0.0, 0.0, 1.0],
                [1.0, 0.0, -0.0, -0.203199, -0.0, 0.0, -1.0, 3.359596, 0.0, 1.0, 0.0, 0.536395, 0.0, 0.0, 0.0, 1.0]
            ]
        },
        {
            "name": "Thigh_R",
            "time": [0.0, 0.0167, 0.0333, 0.05, 0.0667, 0.0833, 0.1, 0.1167, 0.1333, 0.15, 0.1667, 0.1833, 0.2, 0.2167, 0.2333, 0.25, 0.2667, 0.2833, 0.3, 0.3167, 0.3333, 0.35, 0.3667, 0.3833, 0.4, 0.4167, 0.4333, 0.45, 0.4667, 0.4833, 0.5, 0.5167, 0.5333, 0.55, 0.5667, 0.5833, 0.6, 0.6167, 0.6333, 0.65, 0.6667, 0.6833, 0.7, 0.7167, 0.7333, 0.75, 0.7667, 0.7833, 0.8, 0.8167, 0.8333, 0.85, 0.8667, 0.8833, 0.9, 0.9167, 0.9333, 0.95, 0.9667, 0.9833, 1.0, 1.0167, 1.0333, 1.05, 1.0667, 1.0833, 1.1, 1.1167, 1.1333, 1.15, 1.1667, 1.1833, 1.2, 1.2167, 1.2333, 1.25, 1.2667, 1.2833, 1.3, 1.3167, 1.3333, 1.35, 1.3667, 1.3833, 1.4],
            "transform": [
                [0.792089, 0.565019, -0.230971, 0.109246, 0.473725, -0.807644, -0.351136, 0.094758, -0.384941, 0.168714, -0.90739, -0.004623, 0.0, 0.0, 0.0, 1.0],
                [0.788349, 0.563087, -0.24787, 0.109246, 0.478966, -0.814591, -0.32716, 0.094758, -0.386132, 0.139195, -0.911881, -0.004623, 0.0, 0.0, 0.0, 1.0],
                [0.776507, 0.554445, -0.299377, 0.109246, 0.495461, -0.830803, -0.253544, 0.094758, -0.3893, 0.048549, -0.919831, -0.004623, 0.0, 0.0, 0.0, 1.0],
                [0.75576, 0.530691, -0.383658, 0.109246, 0.52366, -0.841556, -0.132527, 0.094758, -0.393201, -0.100748, -0.913916, -0.004623, 0.0, 0.0, 0.0, 1.0],
                [0.726121, 0.47947, -0.492805, 0.109246, 0.56211, -0.826717, 0.023893, 0.094758, -0.395954, -0.29436, -0.869812, -0.004623, 0.0, 0.0, 0.0, 1.0],
                [0.689226, 0.38964, -0.610858, 0.109246, 0.606873, -0.771029, 0.192922, 0.094758, -0.39582, -0.503681, -0.767876, -0.004623, 0.0, 0.0, 0.0, 1.0],
                [0.648253, 0.260273, -0.71556, 0.109246, 0.652623, -0.674033, 0.346067, 0.094758, -0.39224, -0.69133, -0.606804, -0.004623, 0.0, 0.0, 0.0, 1.0],
                [0.606655, 0.106903, -0.787744, 0.109246, 0.694907, -0.552581, 0.460171, 0.094758, -0.386099, -0.826575, -0.409514, -0.004623, 0.0, 0.0, 0.0, 1.0],
                [0.566983, -0.047241, -0.822374, 0.109246, 0.731531, -0.430071, 0.529057, 0.094758, -0.378672, -0.901558, -0.209285, -0.004623, 0.0, 0.0, 0.0, 1.0],
                [0.505074, -0.287924, -0.813634, 0.101187, 0.793509, -0.215886, 0.568978, 0.09251, -0.339474, -0.933002, 0.119432, -0.027264, 0.0, 0.0, 0.0, 1.0],
                [0.912082, 0.206333, 0.354305, 0.080108, -0.230898, -0.455598, 0.859719, 0.086629, 0.338809, -0.865943, -0.367901, -0.086486, 0.0, 0.0, 0.0, 1.0],
                [0.939865, 0.209224, 0.269961, 0.059028, -0.161515, -0.424181, 0.891058, 0.080748, 0.300943, -0.881077, -0.36488, -0.145708, 0.0, 0.0, 0.0, 1.0],
                [0.957533, 0.28821, -0.00813, 0.05097, 0.091249, -0.276172, 0.956767, 0.0785, 0.273504, -0.916877, -0.290743, -0.168349, 0.0, 0.0, 0.0, 1.0],
                [0.907529, 0.186874, -0.376124, 0.056263, 0.389382, -0.038761, 0.92026, 0.080063, 0.157394, -0.981619, -0.107942, -0.163731, 0.0, 0.0, 0.0, 1.0],
                [0.629838, -0.063897, -0.774094, 0.07126, 0.765414, -0.118407, 0.632551, 0.084467, -0.132076, -0.990907, -0.02567, -0.149994, 0.0, 0.0, 0.0, 1.0],
                [0.397391, -0.1734, -0.901118, 0.090754, 0.873435, -0.229665, 0.429377, 0.090117, -0.28141, -0.957698, 0.060186, -0.130397, 0.0, 0.0, 0.0, 1.0],
                [0.302305, -0.203911, -0.931146, 0.106397, 0.893493, -0.279706, 0.351333, 0.094512, -0.332088, -0.938182, 0.097636, -0.111319, 0.0, 0.0, 0.0, 1.0],
                [0.279662, -0.218336, -0.934943, 0.112788, 0.894872, -0.293527, 0.336223, 0.096061, -0.347841, -0.930683, 0.113295, -0.097612, 0.0, 0.0, 0.0, 1.0],
                [0.283634, -0.229035, -0.931179, 0.114009, 0.89201, -0.293384, 0.343865, 0.095714, -0.35195, -0.928153, 0.121088, -0.087247, 0.0, 0.0, 0.0, 1.0],
                [0.2912, -0.234782, -0.927405, 0.115168, 0.889144, -0.291308, 0.352934, 0.094708, -0.353023, -0.927371, 0.123926, -0.076865, 0.0, 0.0, 0.0, 1.0],
                [0.303142, -0.237327, -0.92292, 0.116263, 0.885826, -0.286859, 0.364724, 0.093058, -0.351307, -0.92811, 0.123271, -0.066498, 0.0, 0.0, 0.0, 1.0],
                [0.320658, -0.238021, -0.916801, 0.117292, 0.881248, -0.279875, 0.380884, 0.090781, -0.347248, -0.930063, 0.120011, -0.056181, 0.0, 0.0, 0.0, 1.0],
                [0.345206, -0.237556, -0.907965, 0.118251, 0.874471, -0.269866, 0.403078, 0.087907, -0.340783, -0.933134, 0.114576, -0.045956, 0.0, 0.0, 0.0, 1.0],
                [0.378227, -0.234693, -0.895469, 0.119141, 0.864635, -0.255983, 0.432294, 0.084472, -0.330681, -0.937759, 0.106104, -0.035863, 0.0, 0.0, 0.0, 1.0],
                [0.420805, -0.226267, -0.878479, 0.119959, 0.850948, -0.237105, 0.468688, 0.080521, -0.31434, -0.944767, 0.092767, -0.025949, 0.0, 0.0, 0.0, 1.0],
                [0.469867, -0.201006, -0.859547, 0.120705, 0.836011, -0.211273, 0.506407, 0.076109, -0.28339, -0.956536, 0.068773, -0.016262, 0.0, 0.0, 0.0, 1.0],
                [0.521948, -0.154741, -0.838824, 0.12138, 0.820279, -0.178615, 0.543359, 0.0713, -0.233907, -0.971675, 0.033703, -0.006851, 0.0, 0.0, 0.0, 1.0],
                [0.578806, -0.095763, -0.809823, 0.121983, 0.796903, -0.14426, 0.58663, 0.066164, -0.173003, -0.984895, -0.007185, 0.002236, 0.0, 0.0, 0.0, 1.0],
                [0.641063, -0.026387, -0.767034, 0.122518, 0.75989, -0.118453, 0.639167, 0.06078, -0.107724, -0.992609, -0.055885, 0.010951, 0.0, 0.0, 0.0, 1.0],
                [0.702147, 0.062048, -0.709323, 0.122986, 0.710809, -0.119422, 0.693173, 0.055229, -0.041699, -0.990903, -0.127956, 0.01925, 0.0, 0.0, 0.0, 1.0],
                [0.764431, 0.198108, -0.613513, 0.123391, 0.644626, -0.219862, 0.732201, 0.049596, 0.010167, -0.955204, -0.295775, 0.02709, 0.0, 0.0, 0.0, 1.0],
                [0.826453, 0.364996, -0.428664, 0.123737, 0.561818, -0.485233, 0.670006, 0.043967, 0.036548, -0.794561, -0.606084, 0.034436, 0.0, 0.0, 0.0, 1.0],
                [0.871771, 0.438648, -0.218182, 0.124027, 0.487729, -0.735056, 0.470971, 0.038426, 0.046214, -0.516993, -0.854742, 0.041257, 0.0, 0.0, 0.0, 1.0],
                [0.898042, 0.428125, -0.101136, 0.124267, 0.43798, -0.848646, 0.296604, 0.033052, 0.041155, -0.310659, -0.94963, 0.047528, 0.0, 0.0, 0.0, 1.0],
                [0.916305, 0.397142, -0.051611, 0.124462, 0.399654, -0.898508, 0.181549, 0.02792, 0.025728, -0.186981, -0.982027, 0.053231, 0.0, 0.0, 0.0, 1.0],
                [0.931678, 0.362831, -0.018137, 0.124617, 0.363091, -0.928394, 0.079054, 0.023099, 0.011845, -0.080239, -0.996705, 0.058356, 0.0, 0.0, 0.0, 1.0],
                [0.943869, 0.330302, 0.003242, 0.124736, 0.330316, -0.943855, -0.005446, 0.018649, 0.001261, 0.006211, -0.99998, 0.062897, 0.0, 0.0, 0.0, 1.0],
                [0.953087, 0.302278, 0.015934, 0.124826, 0.302645, -0.950617, -0.068798, 0.014621, -0.005648, 0.070392, -0.997504, 0.066855, 0.0, 0.0, 0.0, 1.0],
                [0.959816, 0.27972, 0.022585, 0.124892, 0.280468, -0.953414, -0.111085, 0.011059, -0.00954, 0.112955, -0.993554, 0.070236, 0.0, 0.0, 0.0, 1.0],
                [0.964597, 0.262457, 0.025865, 0.124936, 0.263483, -0.954823, -0.137435, 0.007997, -0.011375, 0.139384, -0.990173, 0.073049, 0.0, 0.0, 0.0, 1.0],
                [0.967915, 0.249641, 0.028613, 0.124965, 0.250991, -0.955104, -0.157415, 0.005464, -0.011968, 0.159546, -0.987118, 0.075309, 0.0, 0.0, 0.0, 1.0],
                [0.970181, 0.240025, 0.0337, 0.124982, 0.242089, -0.952797, -0.183221, 0.003478, -0.011868, 0.185915, -0.982494, 0.077033, 0.0, 0.0, 0.0, 1.0],
                [0.971733, 0.231986, 0.043783, 0.12499, 0.235808, -0.944849, -0.227275, 0.002053, -0.011356, 0.231175, -0.972846, 0.078238, 0.0, 0.0, 0.0, 1.0],
                [0.972879, 0.222846, 0.062017, 0.124993, 0.23108, -0.924252, -0.303909, 0.001196, -0.010405, 0.309997, -0.950681, 0.078945, 0.0, 0.0, 0.0, 1.0],
                [0.97422, 0.201933, 0.10059, 0.124994, 0.225465, -0.856045, -0.465136, 0.000911, -0.007817, 0.475825, -0.879506, 0.079176, 0.0, 0.0, 0.0, 1.0],
                [0.972206, 0.208751, 0.106014, 0.124994, 0.234011, -0.852094, -0.468161, 0.000911, -0.007395, 0.479957, -0.877261, 0.079176, 0.0, 0.0, 0.0, 1.0],
                [0.964334, 0.250667, 0.084999, 0.124994, 0.264541, -0.902124, -0.340867, 0.000911, -0.008764, 0.351195, -0.936261, 0.079176, 0.0, 0.0, 0.0, 1.0],
                [0.952743, 0.282011, 0.112915, 0.124994, 0.30367, -0.874336, -0.378577, 0.000911, -0.008037, 0.394976, -0.918656, 0.079176, 0.0, 0.0, 0.0, 1.0],
                [0.942079, 0.246989, 0.226898, 0.124994, 0.33538, -0.688593, -0.642931, 0.000911, -0.002556, 0.681789, -0.731544, 0.079176, 0.0, 0.0, 0.0, 1.0],
                [0.95985, 0.13345, 0.246738, 0.124994, 0.280512, -0.453074, -0.846189, 0.000911, -0.001134, 0.881428, -0.472318, 0.079176, 0.0, 0.0, 0.0, 1.0],
                [0.999409, 0.017294, -0.029709, 0.124994, -0.021448, -0.361701, -0.932048, 0.000911, -0.026865, 0.932134, -0.361116, 0.079176, 0.0, 0.0, 0.0, 1.0],
                [0.867285, -0.082106, -0.490993, 0.124994, -0.491098, -0.302544, -0.816878, 0.000911, -0.081476, 0.949592, -0.302714, 0.079176, 0.0, 0.0, 0.0, 1.0],
                [0.730485, -0.115611, -0.673072, 0.124994, -0.673966, -0.281188, -0.683157, 0.000911, -0.110279, 0.952663, -0.283322, 0.079176, 0.0, 0.0, 0.0, 1.0],
                [0.726288, -0.113874, -0.677892, 0.124994, -0.678423, -0.277517, -0.68024, 0.000911, -0.110665, 0.953948, -0.278812, 0.079176, 0.0, 0.0, 0.0, 1.0],
                [0.729629, -0.112783, -0.674478, 0.124994, -0.674879, -0.277927, -0.68359, 0.000911, -0.110358, 0.953958, -0.278899, 0.079176, 0.0, 0.0, 0.0, 1.0],
                [0.743636, -0.112209, -0.659101, 0.124994, -0.659635, -0.283888, -0.695909, 0.000911, -0.109023, 0.952269, -0.285126, 0.079176, 0.0, 0.0, 0.0, 1.0],
                [0.764904, -0.111796, -0.634368, 0.124994, -0.635221, -0.294264, -0.714075, 0.000911, -0.106841, 0.949163, -0.296099, 0.079176, 0.0, 0.0, 0.0, 1.0],
                [0.885397, -0.082775, -0.457406, 0.124994, -0.457366, -0.330825, -0.825452, 0.000911, -0.082994, 0.940055, -0.33077, 0.079176, 0.0, 0.0, 0.0, 1.0],
                [0.999341, 0.018437, 0.031258, 0.124994, 0.036133, -0.425393, -0.904287, 0.000911, -0.003376, 0.904821, -0.425779, 0.079176, 0.0, 0.0, 0.0, 1.0],
                [0.903561, 0.352155, 0.244056, 0.124994, 0.423379, -0.821293, -0.382398, 0.000911, 0.065778, 0.448848, -0.891184, 0.079176, 0.0, 0.0, 0.0, 1.0],
                [0.817616, 0.5281, 0.229376, 0.124994, 0.562405, -0.817851, -0.121739, 0.000911, 0.123305, 0.228538, -0.965695, 0.079176, 0.0, 0.0, 0.0, 1.0],
                [0.761303, 0.596932, 0.253159, 0.124994, 0.623942, -0.78066, -0.035581, 0.000911, 0.176392, 0.185044, -0.96677, 0.079176, 0.0, 0.0, 0.0, 1.0],
                [0.710449, 0.648847, 0.272505, 0.124994, 0.665989, -0.745013, 0.037609, 0.000911, 0.227423, 0.154765, -0.961419, 0.079176, 0.0, 0.0, 0.0, 1.0],
                [0.666196, 0.686997, 0.290202, 0.124994, 0.693505, -0.713792, 0.097732, 0.000911, 0.274286, 0.136148, -0.951962, 0.079176, 0.0, 0.0, 0.0, 1.0],
                [0.628773, 0.714308, 0.307261, 0.124994, 0.710744, -0.688233, 0.145525, 0.000911, 0.315417, 0.126881, -0.940433, 0.079176, 0.0, 0.0, 0.0, 1.0],
                [0.598034, 0.733318, 0.323419, 0.124994, 0.721074, -0.668446, 0.182294, 0.000911, 0.349868, 0.124191, -0.928531, 0.079176, 0.0, 0.0, 0.0, 1.0],
                [0.573762, 0.746158, 0.337705, 0.124994, 0.726921, -0.653903, 0.209755, 0.000911, 0.377337, 0.125135, -0.917583, 0.079176, 0.0, 0.0, 0.0, 1.0],
                [0.55577, 0.754559, 0.348943, 0.124994, 0.729836, -0.643836, 0.229812, 0.000911, 0.398069, 0.126949, -0.908529, 0.079176, 0.0, 0.0, 0.0, 1.0],
                [0.543875, 0.759847, 0.356135, 0.124994, 0.730712, -0.637498, 0.244246, 0.000911, 0.412625, 0.127393, -0.901949, 0.079176, 0.0, 0.0, 0.0, 1.0],
                [0.537852, 0.762939, 0.358663, 0.124994, 0.73004, -0.634273, 0.254438, 0.000911, 0.421611, 0.124988, -0.898122, 0.079176, 0.0, 0.0, 0.0, 1.0],
                [0.53741, 0.764319, 0.35638, 0.124994, 0.728126, -0.633737, 0.26117, 0.000911, 0.425468, 0.119134, -0.897098, 0.079176, 0.0, 0.0, 0.0, 1.0],
                [0.540372, 0.764356, 0.351794, 0.124994, 0.725491, -0.635022, 0.265347, 0.000911, 0.426217, 0.111837, -0.897681, 0.079176, 0.0, 0.0, 0.0, 1.0],
                [0.544772, 0.763142, 0.347618, 0.124994, 0.722527, -0.637558, 0.267347, 0.000911, 0.425651, 0.10552, -0.898714, 0.079176, 0.0, 0.0, 0.0, 1.0],
                [0.550546, 0.760736, 0.343773, 0.124994, 0.719294, -0.641281, 0.267159, 0.000911, 0.423693, 0.10019, -0.900248, 0.079176, 0.0, 0.0, 0.0, 1.0],
                [0.557565, 0.757236, 0.340169, 0.124994, 0.715859, -0.64607, 0.264838, 0.000911, 0.420317, 0.095849, -0.902301, 0.079176, 0.0, 0.0, 0.0, 1.0],
                [0.565617, 0.752798, 0.336709, 0.124994, 0.712297, -0.651725, 0.260551, 0.000911, 0.415584, 0.092465, -0.904843, 0.079176, 0.0, 0.0, 0.0, 1.0],
                [0.574388, 0.747651, 0.333312, 0.124994, 0.708695, -0.657969, 0.254612, 0.000911, 0.40967, 0.08997, -0.907786, 0.079176, 0.0, 0.0, 0.0, 1.0],
                [0.583471, 0.742093, 0.329939, 0.124994, 0.705152, -0.664462, 0.24749, 0.000911, 0.402892, 0.088253, -0.910983, 0.079176, 0.0, 0.0, 0.0, 1.0],
                [0.5924, 0.736436, 0.326686, 0.124994, 0.701779, -0.670856, 0.239705, 0.000911, 0.395687, 0.08726, -0.914231, 0.079176, 0.0, 0.0, 0.0, 1.0],
                [0.600693, 0.731111, 0.323488, 0.124994, 0.698702, -0.676736, 0.232044, 0.000911, 0.388565, 0.086634, -0.917339, 0.079176, 0.0, 0.0, 0.0, 1.0],
                [0.607932, 0.726379, 0.32061, 0.124994, 0.696033, -0.681845, 0.225, 0.000911, 0.382042, 0.08637, -0.9201, 0.079176, 0.0, 0.0, 0.0, 1.0],
                [0.613789, 0.722508, 0.31819, 0.124994, 0.693874, -0.685954, 0.219101, 0.000911, 0.376566, 0.086302, -0.922361, 0.079176, 0.0, 0.0, 0.0, 1.0],
                [0.618051, 0.719669, 0.31637, 0.124994, 0.6923, -0.68893, 0.214702, 0.000911, 0.372471, 0.086326, -0.92402, 0.079176, 0.0, 0.0, 0.0, 1.0],
                [0.620613, 0.717953, 0.31525, 0.124994, 0.691351, -0.690712, 0.212014, 0.000911, 0.369963, 0.08637, -0.925023, 0.079176, 0.0, 0.0, 0.0, 1.0],
                [0.621459, 0.717385, 0.314876, 0.124994, 0.691038, -0.6913, 0.211117, 0.000911, 0.369126, 0.08639, -0.925355, 0.079176, 0.0, 0.0, 0.0, 1.0]
            ]
        },
        {
            "name": "Leg_R",
            "time": [0.0, 0.0167, 0.0333, 0.05, 0.0667, 0.0833, 0.1, 0.1167, 0.1333, 0.15, 0.1667, 0.1833, 0.2, 0.2167, 0.2333, 0.25, 0.2667, 0.2833, 0.3, 0.3167, 0.3333, 0.35, 0.3667, 0.3833, 0.4, 0.4167, 0.4333, 0.45, 0.4667, 0.4833, 0.5, 0.5167, 0.5333, 0.55, 0.5667, 0.5833, 0.6, 0.6167, 0.6333, 0.65, 0.6667, 0.6833, 0.7, 0.7167, 0.7333, 0.75, 0.7667, 0.7833, 0.8, 0.8167, 0.8333, 0.85, 0.8667, 0.8833, 0.9, 0.9167, 0.9333, 0.95, 0.9667, 0.9833, 1.0, 1.0167, 1.0333, 1.05, 1.0667, 1.0833, 1.1, 1.1167, 1.1333, 1.15, 1.1667, 1.1833, 1.2, 1.2167, 1.2333, 1.25, 1.2667, 1.2833, 1.3, 1.3167, 1.3333, 1.35, 1.3667, 1.3833, 1.4],
            "transform": [
                [0.999096, -0.034558, -0.024759, -0.0, 0.034667, 0.325198, 0.94501, 0.374721, -0.024606, -0.945014, 0.326102, 0.0, 0.0, 0.0, 0.0, 1.0],
                [0.999049, -0.034974, -0.026046, 0.0, 0.035084, 0.289963, 0.956395, 0.374721, -0.025897, -0.956398, 0.290914, -0.0, 0.0, 0.0, 0.0, 1.0],
                [0.998908, -0.035913, -0.029876, -0.0, 0.036026, 0.185069, 0.982065, 0.374721, -0.02974, -0.982069, 0.186161, 0.0, 0.0, 0.0, 0.0, 1.0],
                [0.998694, -0.036533, -0.035728, -0.0, 0.036648, 0.024835, 0.99902, 0.374721, -0.03561, -0.999024, 0.026141, 0.0, 0.0, 0.0, 0.0, 1.0],
                [0.998449, -0.036087, -0.042395, -0.0, 0.036201, -0.157728, 0.986819, 0.374721, -0.042298, -0.986823, -0.156177, 0.0, 0.0, 0.0, 0.0, 1.0],
                [0.998227, -0.034575, -0.048461, -0.0, 0.034684, -0.323835, 0.945478, 0.374721, -0.048383, -0.945482, -0.322061, -0.0, 0.0, 0.0, 0.0, 1.0],
                [0.998059, -0.03266, -0.05302, -0.0, 0.032763, -0.448662, 0.893101, 0.374721, -0.052956, -0.893105, -0.446721, 0.0, 0.0, 0.0, 0.0, 1.0],
                [0.997952, -0.031026, -0.055932, -0.0, 0.031123, -0.528412, 0.848418, 0.374721, -0.055878, -0.848421, -0.526364, -0.0, 0.0, 0.0, 0.0, 1.0],
                [0.99789, -0.029906, -0.057624, -0.0, 0.03, -0.574733, 0.817791, 0.374721, -0.057575, -0.817795, -0.572623, -0.0, 0.0, 0.0, 0.0, 1.0],
                [0.998414, -0.035922, -0.043346, -0.0, 0.036035, -0.183778, 0.982307, 0.374721, -0.043253, -0.982311, -0.182192, 0.0, 0.0, 0.0, 0.0, 1.0],
                [1.0, -1.6e-05, -0.000115, -0.0, 1.6e-05, 1.0, 0.000437, 0.374721, 0.000115, -0.000437, 1.0, -0.0, 0.0, 0.0, 0.0, 1.0],
                [1.0, -1.6e-05, -0.000115, -0.0, 1.6e-05, 1.0, 0.000437, 0.374721, 0.000115, -0.000438, 1.0, -0.0, 0.0, 0.0, 0.0, 1.0],
                [0.999928, -0.011854, -0.00209, 0.0, 0.011891, 0.945932, 0.324148, 0.374721, -0.001866, -0.324149, 0.946004, 0.0, 0.0, 0.0, 0.0, 1.0],
                [0.999507, -0.028329, -0.013565, 0.0, 0.028419, 0.631709, 0.774685, 0.374721, -0.013377, -0.774688, 0.632202, 0.0, 0.0, 0.0, 0.0, 1.0],
                [0.999309, -0.031981, -0.018964, 0.0, 0.032082, 0.483883, 0.874545, 0.374721, -0.018793, -0.874548, 0.484574, 0.0, 0.0, 0.0, 0.0, 1.0],
                [0.999266, -0.032602, -0.020135, -0.0, 0.032704, 0.451815, 0.891512, 0.374721, -0.019968, -0.891516, 0.452549, -0.0, 0.0, 0.0, 0.0, 1.0],
                [0.999271, -0.032527, -0.019989, 0.0, 0.03263, 0.455802, 0.889483, 0.374721, -0.019822, -0.889487, 0.456531, -0.0, 0.0, 0.0, 0.0, 1.0],
                [0.99923, -0.033079, -0.021112, 0.0, 0.033183, 0.425053, 0.904561, 0.374721, -0.020948, -0.904564, 0.425823, -0.0, 0.0, 0.0, 0.0, 1.0],
                [0.999162, -0.033886, -0.022961, -0.0, 0.033993, 0.374419, 0.926636, 0.374721, -0.022803, -0.92664, 0.375257, -0.0, 0.0, 0.0, 0.0, 1.0],
                [0.999118, -0.03435, -0.024172, 0.0, 0.034459, 0.341268, 0.939334, 0.374721, -0.024018, -0.939339, 0.34215, -0.0, 0.0, 0.0, 0.0, 1.0],
                [0.999089, -0.03462, -0.024939, 0.0, 0.034729, 0.32025, 0.946696, 0.374721, -0.024787, -0.9467, 0.321161, 0.0, 0.0, 0.0, 0.0, 1.0],
                [0.999065, -0.034836, -0.0256, -0.0, 0.034946, 0.302152, 0.952619, 0.374721, -0.025451, -0.952623, 0.303087, -0.0, 0.0, 0.0, 0.0, 1.0],
                [0.99903, -0.035123, -0.026548, 0.0, 0.035233, 0.276209, 0.960452, 0.374721, -0.026401, -0.960456, 0.277179, -0.0, 0.0, 0.0, 0.0, 1.0],
                [0.998976, -0.035515, -0.028029, -0.0, 0.035627, 0.235664, 0.971181, 0.374721, -0.027886, -0.971185, 0.236688, 0.0, 0.0, 0.0, 0.0, 1.0],
                [0.9989, -0.035953, -0.03009, 0.0, 0.036066, 0.17921, 0.98315, 0.374721, -0.029954, -0.983154, 0.180309, 0.0, 0.0, 0.0, 0.0, 1.0],
                [0.998832, -0.036243, -0.031955, -0.0, 0.036357, 0.12816, 0.991087, 0.374721, -0.031825, -0.991091, 0.129328, 0.0, 0.0, 0.0, 0.0, 1.0],
                [0.998781, -0.036396, -0.033346, -0.0, 0.03651, 0.090071, 0.995266, 0.374721, -0.03322, -0.99527, 0.09129, 0.0, 0.0, 0.0, 0.0, 1.0],
                [0.998711, -0.036519, -0.035268, -0.0, 0.036634, 0.037431, 0.998627, 0.374721, -0.035149, -0.998632, 0.038721, 0.0, 0.0, 0.0, 0.0, 1.0],
                [0.998593, -0.036498, -0.038471, 0.0, 0.036613, -0.05027, 0.998064, 0.374721, -0.038361, -0.998069, -0.048863, 0.0, 0.0, 0.0, 0.0, 1.0],
                [0.998442, -0.036058, -0.042574, -0.0, 0.036171, -0.162619, 0.986026, 0.374721, -0.042477, -0.98603, -0.161062, -0.0, 0.0, 0.0, 0.0, 1.0],
                [0.998309, -0.035263, -0.046219, -0.0, 0.035374, -0.262443, 0.964299, 0.374721, -0.046134, -0.964303, -0.260752, -0.0, 0.0, 0.0, 0.0, 1.0],
                [0.998354, -0.035576, -0.044985, 0.0, 0.035688, -0.228641, 0.972857, 0.374721, -0.044896, -0.972861, -0.226995, -0.0, 0.0, 0.0, 0.0, 1.0],
                [0.998642, -0.036541, -0.03713, -0.0, 0.036656, -0.013567, 0.999236, 0.374721, -0.037017, -0.99924, -0.012209, -0.0, 0.0, 0.0, 0.0, 1.0],
                [0.998931, -0.035789, -0.029247, 0.0, 0.035901, 0.202309, 0.978664, 0.374721, -0.029108, -0.978668, 0.203377, -0.0, 0.0, 0.0, 0.0, 1.0],
                [0.999133, -0.034194, -0.023748, 0.0, 0.034301, 0.352865, 0.935045, 0.374721, -0.023593, -0.935049, 0.353732, -0.0, 0.0, 0.0, 0.0, 1.0],
                [0.999317, -0.031859, -0.018745, -0.0, 0.031959, 0.489875, 0.871207, 0.374721, -0.018573, -0.871211, 0.490558, -0.0, 0.0, 0.0, 0.0, 1.0],
                [0.999469, -0.029136, -0.01459, -0.0, 0.029227, 0.603628, 0.79673, 0.374721, -0.014406, -0.796733, 0.604159, 0.0, 0.0, 0.0, 0.0, 1.0],
                [0.999583, -0.026492, -0.011479, -0.0, 0.026575, 0.688832, 0.724434, 0.374721, -0.011285, -0.724437, 0.689249, 0.0, 0.0, 0.0, 0.0, 1.0],
                [0.999659, -0.024349, -0.009402, 0.0, 0.024426, 0.745688, 0.665848, 0.374721, -0.009202, -0.66585, 0.746028, 0.0, 0.0, 0.0, 0.0, 1.0],
                [0.999706, -0.022845, -0.00813, -0.0, 0.022917, 0.780522, 0.624709, 0.374721, -0.007925, -0.624711, 0.780816, 0.0, 0.0, 0.0, 0.0, 1.0],
                [0.999736, -0.021767, -0.0073, -0.0, 0.021836, 0.803255, 0.595236, 0.374721, -0.007093, -0.595238, 0.803518, 0.0, 0.0, 0.0, 0.0, 1.0],
                [0.999766, -0.020629, -0.00649, 0.0, 0.020694, 0.825439, 0.564112, 0.374721, -0.00628, -0.564114, 0.825673, -0.0, 0.0, 0.0, 0.0, 1.0],
                [0.99981, -0.018772, -0.005302, 0.0, 0.018831, 0.857978, 0.513342, 0.374721, -0.005088, -0.513344, 0.858168, -0.0, 0.0, 0.0, 0.0, 1.0],
                [0.99988, -0.01513, -0.003392, -0.0, 0.015178, 0.910265, 0.413748, 0.374721, -0.003172, -0.41375, 0.910385, 0.0, 0.0, 0.0, 0.0, 1.0],
                [0.999988, -0.004911, -0.000446, 0.0, 0.004926, 0.990931, 0.134281, 0.374721, -0.000217, -0.134282, 0.990943, -0.0, 0.0, 0.0, 0.0, 1.0],
                [0.999971, -0.007554, -0.000904, 0.0, 0.007578, 0.978404, 0.206563, 0.374721, -0.000676, -0.206564, 0.978433, 0.0, 0.0, 0.0, 0.0, 1.0],
                [0.999747, -0.021363, -0.007005, -0.0, 0.021431, 0.811328, 0.584198, 0.374721, -0.006797, -0.5842, 0.811581, 0.0, 0.0, 0.0, 0.0, 1.0],
                [0.999629, -0.025254, -0.010238, 0.0, 0.025334, 0.722799, 0.690594, 0.374721, -0.01004, -0.690597, 0.72317, -0.0, 0.0, 0.0, 0.0, 1.0],
                [0.999911, -0.013116, -0.002548, 0.0, 0.013157, 0.933372, 0.358669, 0.374721, -0.002326, -0.35867, 0.933462, 0.0, 0.0, 0.0, 0.0, 1.0],
                [1.0, -1.6e-05, -0.000115, -0.0, 1.6e-05, 1.0, 0.000436, 0.374721, 0.000115, -0.000436, 1.0, 0.0, 0.0, 0.0, 0.0, 1.0],
                [1.0, -1.6e-05, -0.000115, 0.0, 1.6e-05, 1.0, 0.000438, 0.37472, 0.000115, -0.000438, 1.0, 0.0, 0.0, 0.0, 0.0, 1.0],
                [1.0, -1.6e-05, -0.000115, 0.0, 1.6e-05, 1.0, 0.000439, 0.374721, 0.000115, -0.000439, 1.0, -0.0, 0.0, 0.0, 0.0, 1.0],
                [1.0, -1.6e-05, -0.000115, 0.0, 1.6e-05, 1.0, 0.000439, 0.37472, 0.000115, -0.000439, 1.0, 0.0, 0.0, 0.0, 0.0, 1.0],
                [1.0, -1.6e-05, -0.000115, -0.0, 1.6e-05, 1.0, 0.000439, 0.374721, 0.000115, -0.000439, 1.0, 0.0, 0.0, 0.0, 0.0, 1.0],
                [1.0, -1.6e-05, -0.000115, 0.0, 1.6e-05, 1.0, 0.000439, 0.37472, 0.000115, -0.000439, 1.0, -0.0, 0.0, 0.0, 0.0, 1.0],
                [1.0, -1.6e-05, -0.000115, -0.0, 1.6e-05, 1.0, 0.000439, 0.374721, 0.000115, -0.000439, 1.0, 0.0, 0.0, 0.0, 0.0, 1.0],
                [1.0, -1.6e-05, -0.000115, 0.0, 1.6e-05, 1.0, 0.00044, 0.374721, 0.000115, -0.00044, 1.0, -0.0, 0.0, 0.0, 0.0, 1.0],
                [1.0, -1.6e-05, -0.000115, -0.0, 1.6e-05, 1.0, 0.000439, 0.37472, 0.000115, -0.000439, 1.0, 0.0, 0.0, 0.0, 0.0, 1.0],
                [1.0, -1.6e-05, -0.000115, -0.0, 1.6e-05, 1.0, 0.000436, 0.37472, 0.000115, -0.000436, 1.0, -0.0, 0.0, 0.0, 0.0, 1.0],
                [0.9994, -0.030474, -0.016478, 0.0, 0.03057, 0.551943, 0.833321, 0.374721, -0.016299, -0.833325, 0.552544, 0.0, 0.0, 0.0, 0.0, 1.0],
                [0.999139, -0.034136, -0.023597, 0.0, 0.034244, 0.357001, 0.933476, 0.374721, -0.023441, -0.93348, 0.357863, 0.0, 0.0, 0.0, 0.0, 1.0],
                [0.999141, -0.03411, -0.023529, 0.0, 0.034218, 0.358859, 0.932764, 0.374721, -0.023373, -0.932768, 0.359718, -0.0, 0.0, 0.0, 0.0, 1.0],
                [0.999155, -0.033965, -0.023157, 0.0, 0.034071, 0.369058, 0.928782, 0.374721, -0.022999, -0.928786, 0.369903, 0.0, 0.0, 0.0, 0.0, 1.0],
                [0.999174, -0.033755, -0.022642, -0.0, 0.033861, 0.383169, 0.923057, 0.374721, -0.022482, -0.923061, 0.383996, 0.0, 0.0, 0.0, 0.0, 1.0],
                [0.999193, -0.03353, -0.022112, 0.0, 0.033636, 0.397679, 0.916908, 0.374721, -0.021951, -0.916912, 0.398486, 0.0, 0.0, 0.0, 0.0, 1.0],
                [0.99921, -0.033322, -0.021641, -0.0, 0.033427, 0.410563, 0.91122, 0.374721, -0.021479, -0.911223, 0.411352, -0.0, 0.0, 0.0, 0.0, 1.0],
                [0.999225, -0.033141, -0.021244, 0.0, 0.033245, 0.421432, 0.906251, 0.374721, -0.021081, -0.906254, 0.422207, 1e-06, 0.0, 0.0, 0.0, 1.0],
                [0.999238, -0.032974, -0.020892, -0.0, 0.033078, 0.431091, 0.901702, 0.374721, -0.020727, -0.901705, 0.431854, -0.0, 0.0, 0.0, 0.0, 1.0],
                [0.999251, -0.032802, -0.020536, 0.0, 0.032905, 0.440841, 0.896982, 0.374721, -0.02037, -0.896985, 0.44159, -0.0, 0.0, 0.0, 0.0, 1.0],
                [0.999266, -0.032599, -0.02013, -0.0, 0.032702, 0.451952, 0.891443, 0.37472, -0.019963, -0.891446, 0.452686, -0.0, 0.0, 0.0, 0.0, 1.0],
                [0.999284, -0.032341, -0.019629, 0.0, 0.032442, 0.465655, 0.884372, 0.374721, -0.019461, -0.884375, 0.466371, 0.0, 0.0, 0.0, 0.0, 1.0],
                [0.999305, -0.032035, -0.019062, -0.0, 0.032136, 0.481189, 0.876028, 0.374721, -0.018892, -0.876032, 0.481884, -0.0, 0.0, 0.0, 0.0, 1.0],
                [0.999327, -0.0317, -0.018465, 0.0, 0.0318, 0.497523, 0.866868, 0.374721, -0.018293, -0.866871, 0.498196, -0.0, 0.0, 0.0, 0.0, 1.0],
                [0.999349, -0.031341, -0.017852, 0.0, 0.031439, 0.514308, 0.857029, 0.374721, -0.017678, -0.857033, 0.514959, -0.0, 0.0, 0.0, 0.0, 1.0],
                [0.999372, -0.030963, -0.017237, 0.0, 0.031061, 0.531153, 0.846706, 0.374721, -0.017061, -0.84671, 0.531782, 0.0, 0.0, 0.0, 0.0, 1.0],
                [0.999394, -0.030578, -0.016636, 0.0, 0.030674, 0.547607, 0.836174, 0.374721, -0.016458, -0.836177, 0.548213, -0.0, 0.0, 0.0, 0.0, 1.0],
                [0.999415, -0.030198, -0.016068, -0.0, 0.030293, 0.563182, 0.825777, 0.37472, -0.015888, -0.825781, 0.563768, -0.0, 0.0, 0.0, 0.0, 1.0],
                [0.999434, -0.029837, -0.015548, -0.0, 0.029931, 0.577411, 0.815905, 0.374721, -0.015366, -0.815908, 0.577977, 1e-06, 0.0, 0.0, 0.0, 1.0],
                [0.999451, -0.029505, -0.015087, -0.0, 0.029598, 0.59004, 0.806831, 0.374721, -0.014904, -0.806835, 0.590589, -0.0, 0.0, 0.0, 0.0, 1.0],
                [0.999465, -0.029223, -0.014706, 0.0, 0.029315, 0.600464, 0.799114, 0.374721, -0.014522, -0.799117, 0.600999, 0.0, 0.0, 0.0, 0.0, 1.0],
                [0.999476, -0.028991, -0.014401, -0.0, 0.029083, 0.608809, 0.792784, 0.374721, -0.014216, -0.792787, 0.609333, -0.0, 0.0, 0.0, 0.0, 1.0],
                [0.999484, -0.028816, -0.014174, 0.0, 0.028906, 0.615026, 0.787977, 0.374721, -0.013988, -0.78798, 0.615542, 0.0, 0.0, 0.0, 0.0, 1.0],
                [0.99949, -0.028695, -0.014021, 0.0, 0.028785, 0.619232, 0.78468, 0.374721, -0.013834, -0.784684, 0.619742, -0.0, 0.0, 0.0, 0.0, 1.0],
                [0.999493, -0.028626, -0.013934, 0.0, 0.028717, 0.621602, 0.782807, 0.374721, -0.013747, -0.78281, 0.622109, -0.0, 0.0, 0.0, 0.0, 1.0],
                [0.999494, -0.028605, -0.013907, -0.0, 0.028695, 0.622345, 0.782217, 0.374721, -0.01372, -0.78222, 0.622851, 0.0, 0.0, 0.0, 0.0, 1.0]
            ]
        },
        {
            "name": "Knee_R",
            "time": [0.0, 0.0167, 0.0333, 0.05, 0.0667, 0.0833, 0.1, 0.1167, 0.1333, 0.15, 0.1667, 0.1833, 0.2, 0.2167, 0.2333, 0.25, 0.2667, 0.2833, 0.3, 0.3167, 0.3333, 0.35, 0.3667, 0.3833, 0.4, 0.4167, 0.4333, 0.45, 0.4667, 0.4833, 0.5, 0.5167, 0.5333, 0.55, 0.5667, 0.5833, 0.6, 0.6167, 0.6333, 0.65, 0.6667, 0.6833, 0.7, 0.7167, 0.7333, 0.75, 0.7667, 0.7833, 0.8, 0.8167, 0.8333, 0.85, 0.8667, 0.8833, 0.9, 0.9167, 0.9333, 0.95, 0.9667, 0.9833, 1.0, 1.0167, 1.0333, 1.05, 1.0667, 1.0833, 1.1, 1.1167, 1.1333, 1.15, 1.1667, 1.1833, 1.2, 1.2167, 1.2333, 1.25, 1.2667, 1.2833, 1.3, 1.3167, 1.3333, 1.35, 1.3667, 1.3833, 1.4],
            "transform": [
                [1.0, -5.7e-05, 5.7e-05, -4e-06, 5.7e-05, 0.001565, -0.999999, 0.435894, 5.7e-05, 0.999999, 0.001565, -9.6e-05, 0.0, 0.0, 0.0, 1.0],
                [1.0, -5.7e-05, 5.7e-05, -4e-06, 5.7e-05, 0.001565, -0.999999, 0.439074, 5.7e-05, 0.999999, 0.001565, -0.000101, 0.0, 0.0, 0.0, 1.0],
                [1.0, -5.7e-05, 5.7e-05, -4e-06, 5.7e-05, 0.001565, -0.999999, 0.448351, 5.7e-05, 0.999999, 0.001565, -0.000115, 0.0, 0.0, 0.0, 1.0],
                [1.0, -5.7e-05, 5.7e-05, -5e-06, 5.7e-05, 0.001565, -0.999999, 0.462203, 5.7e-05, 0.999999, 0.001565, -0.000137, 0.0, 0.0, 0.0, 1.0],
                [1.0, -5.7e-05, 5.7e-05, -5e-06, 5.7e-05, 0.001565, -0.999999, 0.46472, 5.7e-05, 0.999999, 0.001565, -0.000141, 0.0, 0.0, 0.0, 1.0],
