{
    "animation": [
        {
            "name": "Root",
            "time": [0.0, 0.0167, 0.0333, 0.05, 0.0667, 0.0833, 0.1, 0.1167, 0.1333, 0.15, 0.1667, 0.1833, 0.2, 0.2167, 0.2333, 0.25, 0.2667, 0.2833, 0.3, 0.3167, 0.3333, 0.35, 0.3667, 0.3833, 0.4, 0.4167, 0.4333, 0.45, 0.4667, 0.4833, 0.5, 0.5167, 0.5333, 0.55, 0.5667, 0.5833, 0.6, 0.6167, 0.6333, 0.65, 0.6667, 0.6833, 0.7, 0.7167, 0.7333, 0.75, 0.7667, 0.7833, 0.8, 0.8167, 0.8333, 0.85, 0.8667, 0.8833, 0.9, 0.9167, 0.9333, 0.95, 0.9667, 0.9833, 1.0, 1.0167, 1.0333, 1.05, 1.0667, 1.0833, 1.1, 1.1167, 1.1333, 1.15, 1.1667, 1.1833, 1.2, 1.2167, 1.2333, 1.25, 1.2667, 1.2833, 1.3, 1.3167, 1.3333, 1.35, 1.3667, 1.3833, 1.4, 1.4167, 1.4333, 1.45, 1.4667, 1.4833, 1.5, 1.5167, 1.5333, 1.55],
            "transform": [
                [0.997126, 0.0, -0.075768, -5e-06, -0.075768, 0.0, -0.997126, 0.000946, 0.0, 1.0, 0.0, 0.621154, 0.0, 0.0, 0.0, 1.0],
                [0.997126, 0.0, -0.075768, 0.002137, -0.075768, 0.0, -0.997126, 0.128551, 0.0, 1.0, 0.0, 0.620825, 0.0, 0.0, 0.0, 1.0],
                [0.997126, 0.0, -0.075768, 0.009152, -0.075768, 0.0, -0.997126, 0.511033, 0.0, 1.0, 0.0, 0.617984, 0.0, 0.0, 0.0, 1.0],
                [0.997126, 0.0, -0.075768, 0.020794, -0.075768, 0.0, -0.997126, 1.064039, 0.0, 1.0, 0.0, 0.609195, 0.0, 0.0, 0.0, 1.0],
                [0.997126, 0.0, -0.075768, 0.034989, -0.075768, 0.0, -0.997126, 1.615218, 0.0, 1.0, 0.0, 0.592344, 0.0, 0.0, 0.0, 1.0],
                [0.997126, 0.0, -0.075768, 0.049347, -0.075768, 0.0, -0.997126, 2.029845, 0.0, 1.0, 0.0, 0.568177, 0.0, 0.0, 0.0, 1.0],
                [0.997126, 0.0, -0.075768, 0.069583, -0.075768, 0.0, -0.997126, 2.371227, 0.0, 1.0, 0.0, 0.502048, 0.0, 0.0, 0.0, 1.0],
                [0.997126, 0.0, -0.075768, 0.093582, -0.075768, 0.0, -0.997126, 2.701709, 0.0, 1.0, 0.0, 0.398207, 0.0, 0.0, 0.0, 1.0],
                [0.997126, 0.0, -0.075768, 0.103185, -0.075768, 0.0, -0.997126, 2.938712, 0.0, 1.0, 0.0, 0.352825, 0.0, 0.0, 0.0, 1.0],
                [0.997126, 0.0, -0.075768, 0.101953, -0.075768, 0.0, -0.997126, 3.094552, 0.0, 1.0, 0.0, 0.355777, 0.0, 0.0, 0.0, 1.0],
                [0.997126, 0.0, -0.075768, 0.098173, -0.075768, 0.0, -0.997126, 3.215082, 0.0, 1.0, 0.0, 0.364799, 0.0, 0.0, 0.0, 1.0],
                [0.997126, 0.0, -0.075768, 0.091966, -0.075768, 0.0, -0.997126, 3.314786, 0.0, 1.0, 0.0, 0.379518, 0.0, 0.0, 0.0, 1.0],
                [0.997126, 0.0, -0.075768, 0.083923, -0.075768, 0.0, -0.997126, 3.403155, 0.0, 1.0, 0.0, 0.39842, 0.0, 0.0, 0.0, 1.0],
                [0.997126, 0.0, -0.075768, 0.075083, -0.075768, 0.0, -0.997126, 3.481924, 0.0, 1.0, 0.0, 0.418935, 0.0, 0.0, 0.0, 1.0],
                [0.997126, 0.0, -0.075768, 0.066602, -0.075768, 0.0, -0.997126, 3.552165, 0.0, 1.0, 0.0, 0.438246, 0.0, 0.0, 0.0, 1.0],
                [0.997126, 0.0, -0.075768, 0.059366, -0.075768, 0.0, -0.997126, 3.614828, 0.0, 1.0, 0.0, 0.454246, 0.0, 0.0, 0.0, 1.0],
                [0.997126, 0.0, -0.075768, 0.053833, -0.075768, 0.0, -0.997126, 3.670545, 0.0, 1.0, 0.0, 0.465885, 0.0, 0.0, 0.0, 1.0],
                [0.997126, 0.0, -0.075768, 0.04992, -0.075768, 0.0, -0.997126, 3.718271, 0.0, 1.0, 0.0, 0.474801, 0.0, 0.0, 0.0, 1.0],
                [0.997126, 0.0, -0.075768, 0.04734, -0.075768, 0.0, -0.997126, 3.757111, 0.0, 1.0, 0.0, 0.482607, 0.0, 0.0, 0.0, 1.0],
                [0.997126, 0.0, -0.075768, 0.045684, -0.075768, 0.0, -0.997126, 3.78821, 0.0, 1.0, 0.0, 0.48888, 0.0, 0.0, 0.0, 1.0],
                [0.997126, 0.0, -0.075768, 0.044149, -0.075768, 0.0, -0.997126, 3.81332, 0.0, 1.0, 0.0, 0.49334, 0.0, 0.0, 0.0, 1.0],
                [0.997126, 0.0, -0.075768, 0.041784, -0.075768, 0.0, -0.997126, 3.834525, 0.0, 1.0, 0.0, 0.496036, 0.0, 0.0, 0.0, 1.0],
                [0.997126, 0.0, -0.075768, 0.037912, -0.075768, 0.0, -0.997126, 3.85382, 0.0, 1.0, 0.0, 0.497326, 0.0, 0.0, 0.0, 1.0],
                [0.997126, 0.0, -0.075768, 0.032298, -0.075768, 0.0, -0.997126, 3.872868, 0.0, 1.0, 0.0, 0.497664, 0.0, 0.0, 0.0, 1.0],
                [0.997126, 0.0, -0.075768, 0.024315, -0.075768, 0.0, -0.997126, 3.892747, 0.0, 1.0, 0.0, 0.497083, 0.0, 0.0, 0.0, 1.0],
                [0.997126, 0.0, -0.075768, 0.013589, -0.075768, 0.0, -0.997126, 3.914676, 0.0, 1.0, 0.0, 0.495002, 0.0, 0.0, 0.0, 1.0],
                [0.997126, 0.0, -0.075768, 0.001656, -0.075768, 0.0, -0.997126, 3.939981, 0.0, 1.0, 0.0, 0.49114, 0.0, 0.0, 0.0, 1.0],
                [0.997126, 0.0, -0.075768, -0.00907, -0.075768, 0.0, -0.997126, 3.969308, 0.0, 1.0, 0.0, 0.485817, 0.0, 0.0, 0.0, 1.0],
                [0.997126, 0.0, -0.075768, -0.017053, -0.075768, 0.0, -0.997126, 4.002693, 0.0, 1.0, 0.0, 0.479718, 0.0, 0.0, 0.0, 1.0],
                [0.997126, 0.0, -0.075768, -0.022722, -0.075768, 0.0, -0.997126, 4.036335, 0.0, 1.0, 0.0, 0.473431, 0.0, 0.0, 0.0, 1.0],
                [0.997126, 0.0, -0.075768, -0.026743, -0.075768, 0.0, -0.997126, 4.066909, 0.0, 1.0, 0.0, 0.466908, 0.0, 0.0, 0.0, 1.0],
                [0.997126, 0.0, -0.075768, -0.029298, -0.075768, 0.0, -0.997126, 4.095621, 0.0, 1.0, 0.0, 0.459697, 0.0, 0.0, 0.0, 1.0],
                [0.997126, 0.0, -0.075768, -0.030979, -0.075768, 0.0, -0.997126, 4.124406, 0.0, 1.0, 0.0, 0.451284, 0.0, 0.0, 0.0, 1.0],
                [0.997126, 0.0, -0.075768, -0.032647, -0.075768, 0.0, -0.997126, 4.155149, 0.0, 1.0, 0.0, 0.441323, 0.0, 0.0, 0.0, 1.0],
                [0.997126, 0.0, -0.075768, -0.03505, -0.075768, 0.0, -0.997126, 4.188795, 0.0, 1.0, 0.0, 0.42979, 0.0, 0.0, 0.0, 1.0],
                [0.997126, 0.0, -0.075768, -0.038589, -0.075768, 0.0, -0.997126, 4.225275, 0.0, 1.0, 0.0, 0.416907, 0.0, 0.0, 0.0, 1.0],
                [0.997126, 0.0, -0.075768, -0.04188, -0.075768, 0.0, -0.997126, 4.255849, 0.0, 1.0, 0.0, 0.399946, 0.0, 0.0, 0.0, 1.0],
                [0.997126, 0.0, -0.075768, -0.043938, -0.075768, 0.0, -0.997126, 4.276511, 0.0, 1.0, 0.0, 0.376902, 0.0, 0.0, 0.0, 1.0],
                [0.997126, 0.0, -0.075768, -0.046164, -0.075768, 0.0, -0.997126, 4.298959, 0.0, 1.0, 0.0, 0.351246, 0.0, 0.0, 0.0, 1.0],
                [0.997126, 0.0, -0.075768, -0.0505, -0.075768, 0.0, -0.997126, 4.33864, 0.0, 1.0, 0.0, 0.328657, 0.0, 0.0, 0.0, 1.0],
                [0.997126, 0.0, -0.075768, -0.058353, -0.075768, 0.0, -0.997126, 4.406317, 0.0, 1.0, 0.0, 0.314044, 0.0, 0.0, 0.0, 1.0],
                [0.997126, 0.0, -0.075768, -0.069994, -0.075768, 0.0, -0.997126, 4.503681, 0.0, 1.0, 0.0, 0.309231, 0.0, 0.0, 0.0, 1.0],
                [0.997126, 0.0, -0.075768, -0.103516, -0.075768, 0.0, -0.997126, 4.743502, 0.0, 1.0, 0.0, 0.371625, 0.0, 0.0, 0.0, 1.0],
                [0.997126, 0.0, -0.075768, -0.156641, -0.075768, 0.0, -0.997126, 5.102515, 0.0, 1.0, 0.0, 0.511789, 0.0, 0.0, 0.0, 1.0],
                [0.997126, 0.0, -0.075768, -0.179913, -0.075768, 0.0, -0.997126, 5.257413, 0.0, 1.0, 0.0, 0.594681, 0.0, 0.0, 0.0, 1.0],
                [0.997126, 0.0, -0.075768, -0.179913, -0.075768, 0.0, -0.997126, 5.257413, 0.0, 1.0, 0.0, 0.616208, 0.0, 0.0, 0.0, 1.0],
                [0.997126, 0.0, -0.075768, -0.179913, -0.075768, 0.0, -0.997126, 5.257413, 0.0, 1.0, 0.0, 0.625059, 0.0, 0.0, 0.0, 1.0],
                [0.997126, 0.0, -0.075768, -0.179913, -0.075768, 0.0, -0.997126, 5.257413, 0.0, 1.0, 0.0, 0.626087, 0.0, 0.0, 0.0, 1.0],
                [0.997126, 0.0, -0.075768, -0.172187, -0.075768, 0.0, -0.997126, 5.495914, 0.0, 1.0, 0.0, 0.616616, 0.0, 0.0, 0.0, 1.0],
                [0.997126, 0.0, -0.075768, -0.149095, -0.075768, 0.0, -0.997126, 6.012526, 0.0, 1.0, 0.0, 0.588355, 0.0, 0.0, 0.0, 1.0],
                [0.997126, 0.0, -0.075768, -0.115875, -0.075768, 0.0, -0.997126, 6.275194, 0.0, 1.0, 0.0, 0.547812, 0.0, 0.0, 0.0, 1.0],
                [0.997126, 0.0, -0.075768, -0.083055, -0.075768, 0.0, -0.997126, 6.301209, 0.0, 1.0, 0.0, 0.507954, 0.0, 0.0, 0.0, 1.0],
                [0.997126, 0.0, -0.075768, -0.058778, -0.075768, 0.0, -0.997126, 6.310446, 0.0, 1.0, 0.0, 0.47875, 0.0, 0.0, 0.0, 1.0],
                [0.997126, 0.0, -0.075768, -0.040029, -0.075768, 0.0, -0.997126, 6.306483, 0.0, 1.0, 0.0, 0.455812, 0.0, 0.0, 0.0, 1.0],
                [0.997126, 0.0, -0.075768, -0.022086, -0.075768, 0.0, -0.997126, 6.294442, 0.0, 1.0, 0.0, 0.432979, 0.0, 0.0, 0.0, 1.0],
                [0.997126, 0.0, -0.075768, -0.006173, -0.075768, 0.0, -0.997126, 6.275805, 0.0, 1.0, 0.0, 0.412625, 0.0, 0.0, 0.0, 1.0],
                [0.997126, 0.0, -0.075768, 0.006568, -0.075768, 0.0, -0.997126, 6.254596, 0.0, 1.0, 0.0, 0.397392, 0.0, 0.0, 0.0, 1.0],
                [0.997126, 0.0, -0.075768, 0.015792, -0.075768, 0.0, -0.997126, 6.235481, 0.0, 1.0, 0.0, 0.388632, 0.0, 0.0, 0.0, 1.0],
                [0.997126, 0.0, -0.075768, 0.021979, -0.075768, 0.0, -0.997126, 6.221326, 0.0, 1.0, 0.0, 0.385969, 0.0, 0.0, 0.0, 1.0],
                [0.997126, 0.0, -0.075768, 0.026533, -0.075768, 0.0, -0.997126, 6.210859, 0.0, 1.0, 0.0, 0.387121, 0.0, 0.0, 0.0, 1.0],
                [0.997126, 0.0, -0.075768, 0.030207, -0.075768, 0.0, -0.997126, 6.202088, 0.0, 1.0, 0.0, 0.390689, 0.0, 0.0, 0.0, 1.0],
                [0.997126, 0.0, -0.075768, 0.032841, -0.075768, 0.0, -0.997126, 6.19484, 0.0, 1.0, 0.0, 0.396532, 0.0, 0.0, 0.0, 1.0],
                [0.997126, 0.0, -0.075768, 0.034427, -0.075768, 0.0, -0.997126, 6.188524, 0.0, 1.0, 0.0, 0.403941, 0.0, 0.0, 0.0, 1.0],
                [0.997126, 0.0, -0.075768, 0.035173, -0.075768, 0.0, -0.997126, 6.182265, 0.0, 1.0, 0.0, 0.411779, 0.0, 0.0, 0.0, 1.0],
                [0.997126, 0.0, -0.075768, 0.03541, -0.075768, 0.0, -0.997126, 6.175296, 0.0, 1.0, 0.0, 0.418979, 0.0, 0.0, 0.0, 1.0],
                [0.997126, 0.0, -0.075768, 0.035439, -0.075768, 0.0, -0.997126, 6.167201, 0.0, 1.0, 0.0, 0.424912, 0.0, 0.0, 0.0, 1.0],
                [0.997126, 0.0, -0.075768, 0.035434, -0.075768, 0.0, -0.997126, 6.15836, 0.0, 1.0, 0.0, 0.430021, 0.0, 0.0, 0.0, 1.0],
                [0.997126, 0.0, -0.075768, 0.035391, -0.075768, 0.0, -0.997126, 6.149231, 0.0, 1.0, 0.0, 0.434939, 0.0, 0.0, 0.0, 1.0],
                [0.997126, 0.0, -0.075768, 0.035258, -0.075768, 0.0, -0.997126, 6.139787, 0.0, 1.0, 0.0, 0.439691, 0.0, 0.0, 0.0, 1.0],
                [0.997126, 0.0, -0.075768, 0.034971, -0.075768, 0.0, -0.997126, 6.13004, 0.0, 1.0, 0.0, 0.44434, 0.0, 0.0, 0.0, 1.0],
                [0.997126, 0.0, -0.075768, 0.034478, -0.075768, 0.0, -0.997126, 6.120057, 0.0, 1.0, 0.0, 0.448983, 0.0, 0.0, 0.0, 1.0],
                [0.997126, 0.0, -0.075768, 0.033756, -0.075768, 0.0, -0.997126, 6.10994, 0.0, 1.0, 0.0, 0.453715, 0.0, 0.0, 0.0, 1.0],
                [0.997126, 0.0, -0.075768, 0.032819, -0.075768, 0.0, -0.997126, 6.099788, 0.0, 1.0, 0.0, 0.458604, 0.0, 0.0, 0.0, 1.0],
                [0.997126, 0.0, -0.075768, 0.0317, -0.075768, 0.0, -0.997126, 6.089674, 0.0, 1.0, 0.0, 0.463675, 0.0, 0.0, 0.0, 1.0],
                [0.997126, 0.0, -0.075768, 0.030401, -0.075768, 0.0, -0.997126, 6.079465, 0.0, 1.0, 0.0, 0.468859, 0.0, 0.0, 0.0, 1.0],
                [0.997126, 0.0, -0.075768, 0.028878, -0.075768, 0.0, -0.997126, 6.069004, 0.0, 1.0, 0.0, 0.474093, 0.0, 0.0, 0.0, 1.0],
                [0.997126, 0.0, -0.075768, 0.027106, -0.075768, 0.0, -0.997126, 6.058326, 0.0, 1.0, 0.0, 0.479396, 0.0, 0.0, 0.0, 1.0],
                [0.997126, 0.0, -0.075768, 0.025084, -0.075768, 0.0, -0.997126, 6.047513, 0.0, 1.0, 0.0, 0.484783, 0.0, 0.0, 0.0, 1.0],
                [0.997126, 0.0, -0.075768, 0.022843, -0.075768, 0.0, -0.997126, 6.036687, 0.0, 1.0, 0.0, 0.490267, 0.0, 0.0, 0.0, 1.0],
                [0.997126, 0.0, -0.075768, 0.020446, -0.075768, 0.0, -0.997126, 6.025982, 0.0, 1.0, 0.0, 0.495848, 0.0, 0.0, 0.0, 1.0],
                [0.997126, 0.0, -0.075768, 0.017966, -0.075768, 0.0, -0.997126, 6.01551, 0.0, 1.0, 0.0, 0.501513, 0.0, 0.0, 0.0, 1.0],
                [0.997126, 0.0, -0.075768, 0.01547, -0.075768, 0.0, -0.997126, 6.00533, 0.0, 1.0, 0.0, 0.507245, 0.0, 0.0, 0.0, 1.0],
                [0.997126, 0.0, -0.075768, 0.013006, -0.075768, 0.0, -0.997126, 5.995458, 0.0, 1.0, 0.0, 0.513027, 0.0, 0.0, 0.0, 1.0],
                [0.997126, 0.0, -0.075768, 0.01031, -0.075768, 0.0, -0.997126, 5.985145, 0.0, 1.0, 0.0, 0.519335, 0.0, 0.0, 0.0, 1.0],
                [0.997126, 0.0, -0.075768, 0.007118, -0.075768, 0.0, -0.997126, 5.973743, 0.0, 1.0, 0.0, 0.526602, 0.0, 0.0, 0.0, 1.0],
                [0.997126, 0.0, -0.075768, 0.003503, -0.075768, 0.0, -0.997126, 5.961505, 0.0, 1.0, 0.0, 0.534665, 0.0, 0.0, 0.0, 1.0],
                [0.997126, 0.0, -0.075768, -0.000396, -0.075768, 0.0, -0.997126, 5.948857, 0.0, 1.0, 0.0, 0.543225, 0.0, 0.0, 0.0, 1.0],
                [0.997126, 0.0, -0.075768, -0.004373, -0.075768, 0.0, -0.997126, 5.936395, 0.0, 1.0, 0.0, 0.551847, 0.0, 0.0, 0.0, 1.0],
                [0.997126, 0.0, -0.075768, -0.008172, -0.075768, 0.0, -0.997126, 5.924817, 0.0, 1.0, 0.0, 0.560004, 0.0, 0.0, 0.0, 1.0],
                [0.997126, 0.0, -0.075768, -0.011538, -0.075768, 0.0, -0.997126, 5.914786, 0.0, 1.0, 0.0, 0.567174, 0.0, 0.0, 0.0, 1.0],
                [0.997126, 0.0, -0.075768, -0.014267, -0.075768, 0.0, -0.997126, 5.906803, 0.0, 1.0, 0.0, 0.572951, 0.0, 0.0, 0.0, 1.0],
                [0.997126, 0.0, -0.075768, -0.016235, -0.075768, 0.0, -0.997126, 5.901132, 0.0, 1.0, 0.0, 0.577095, 0.0, 0.0, 0.0, 1.0],
                [0.997126, 0.0, -0.075768, -0.017399, -0.075768, 0.0, -0.997126, 5.897819, 0.0, 1.0, 0.0, 0.579536, 0.0, 0.0, 0.0, 1.0],
                [0.997126, 0.0, -0.075768, -0.017776, -0.075768, 0.0, -0.997126, 5.896755, 0.0, 1.0, 0.0, 0.580325, 0.0, 0.0, 0.0, 1.0]
            ]
        },
        {
            "name": "Thigh_R",
            "time": [0.0, 0.0167, 0.0333, 0.05, 0.0667, 0.0833, 0.1, 0.1167, 0.1333, 0.15, 0.1667, 0.1833, 0.2, 0.2167, 0.2333, 0.25, 0.2667, 0.2833, 0.3, 0.3167, 0.3333, 0.35, 0.3667, 0.3833, 0.4, 0.4167, 0.4333, 0.45, 0.4667, 0.4833, 0.5, 0.5167, 0.5333, 0.55, 0.5667, 0.5833, 0.6, 0.6167, 0.6333, 0.65, 0.6667, 0.6833, 0.7, 0.7167, 0.7333, 0.75, 0.7667, 0.7833, 0.8, 0.8167, 0.8333, 0.85, 0.8667, 0.8833, 0.9, 0.9167, 0.9333, 0.95, 0.9667, 0.9833, 1.0, 1.0167, 1.0333, 1.05, 1.0667, 1.0833, 1.1, 1.1167, 1.1333, 1.15, 1.1667, 1.1833, 1.2, 1.2167, 1.2333, 1.25, 1.2667, 1.2833, 1.3, 1.3167, 1.3333, 1.35, 1.3667, 1.3833, 1.4, 1.4167, 1.4333, 1.45, 1.4667, 1.4833, 1.5, 1.5167, 1.5333, 1.55],
            "transform": [
                [0.997133, 0.050691, -0.056188, 0.128578, 0.000325, -0.745356, -0.666667, 0.062392, -0.075674, 0.664737, -0.743235, 0.044124, 0.0, 0.0, 0.0, 1.0],
                [0.996947, 0.032486, -0.071005, 0.128258, -0.010226, -0.847192, -0.531188, 0.062392, -0.077411, 0.530292, -0.844273, 0.044148, 0.0, 0.0, 0.0, 1.0],
                [0.995994, -0.022315, -0.086586, 0.127291, -0.055638, -0.912725, -0.404767, 0.062392, -0.069997, 0.407963, -0.910311, 0.044222, 0.0, 0.0, 0.0, 1.0],
                [0.989502, -0.111345, -0.092128, 0.125679, -0.136938, -0.926126, -0.35148, 0.062391, -0.046186, 0.360406, -0.931651, 0.044344, 0.0, 0.0, 0.0, 1.0],
                [0.974643, -0.206381, -0.086476, 0.123449, -0.223667, -0.910016, -0.349062, 0.062391, -0.006654, 0.359552, -0.933101, 0.044513, 0.0, 0.0, 0.0, 1.0],
                [0.965763, -0.25339, -0.055639, 0.120659, -0.256561, -0.901078, -0.349622, 0.062392, 0.038455, 0.351927, -0.935237, 0.044725, 0.0, 0.0, 0.0, 1.0],
                [0.980033, 0.068389, 0.186706, 0.117402, 0.110814, -0.967504, -0.227281, 0.062392, 0.165095, 0.243432, -0.955764, 0.044973, 0.0, 0.0, 0.0, 1.0],
                [0.756053, 0.55615, 0.345082, 0.113807, 0.53316, -0.829135, 0.168152, 0.062391, 0.379638, 0.056852, -0.923387, 0.045246, 0.0, 0.0, 0.0, 1.0],
                [0.654294, 0.672005, 0.346855, 0.110035, 0.599342, -0.740492, 0.304072, 0.062391, 0.461182, 0.008932, -0.887261, 0.045532, 0.0, 0.0, 0.0, 1.0],
                [0.51653, 0.728365, 0.450201, 0.106263, 0.677404, -0.669193, 0.305458, 0.062391, 0.523756, 0.14719, -0.839056, 0.04582, 0.0, 0.0, 0.0, 1.0],
                [0.110106, 0.772945, 0.624846, 0.102668, 0.761797, -0.46942, 0.446442, 0.062391, 0.63839, 0.42685, -0.640513, 0.046092, 0.0, 0.0, 0.0, 1.0],
                [-0.108982, 0.732412, 0.672084, 0.099411, 0.74106, -0.390769, 0.546013, 0.062391, 0.662535, 0.55756, -0.500174, 0.04634, 0.0, 0.0, 0.0, 1.0],
                [-0.100462, 0.714099, 0.692798, 0.096621, 0.728558, -0.421411, 0.540015, 0.062391, 0.677577, 0.558995, -0.477927, 0.046552, 0.0, 0.0, 0.0, 1.0],
                [-0.090385, 0.692989, 0.71526, 0.094391, 0.714007, -0.455591, 0.531631, 0.062391, 0.69428, 0.558752, -0.45362, 0.046722, 0.0, 0.0, 0.0, 1.0],
                [-0.080462, 0.669062, 0.738838, 0.09278, 0.70065, -0.489251, 0.519348, 0.062391, 0.708954, 0.559455, -0.429412, 0.046844, 0.0, 0.0, 0.0, 1.0],
                [-0.071854, 0.643293, 0.762241, 0.091813, 0.690931, -0.519054, 0.503187, 0.062392, 0.719341, 0.562812, -0.407175, 0.046917, 0.0, 0.0, 0.0, 1.0],
                [-0.065006, 0.616937, 0.784323, 0.091493, 0.686059, -0.54313, 0.48408, 0.062392, 0.724636, 0.56956, -0.387948, 0.046942, 0.0, 0.0, 0.0, 1.0],
                [-0.058445, 0.590319, 0.805051, 0.091493, 0.68395, -0.563748, 0.463033, 0.062392, 0.727184, 0.577677, -0.370801, 0.046941, 0.0, 0.0, 0.0, 1.0],
                [-0.050728, 0.563916, 0.824272, 0.091493, 0.682485, -0.582984, 0.440844, 0.062392, 0.729137, 0.584917, -0.355291, 0.046941, 0.0, 0.0, 0.0, 1.0],
                [-0.042003, 0.539198, 0.841131, 0.091493, 0.682108, -0.599672, 0.418476, 0.062391, 0.730044, 0.591319, -0.342603, 0.046942, 0.0, 0.0, 0.0, 1.0],
                [-0.032462, 0.516562, 0.855634, 0.091493, 0.683278, -0.613319, 0.396195, 0.062392, 0.729436, 0.597497, -0.333046, 0.046942, 0.0, 0.0, 0.0, 1.0],
                [-0.022218, 0.494987, 0.868616, 0.091493, 0.68626, -0.624259, 0.373293, 0.062391, 0.727017, 0.60439, -0.32582, 0.046942, 0.0, 0.0, 0.0, 1.0],
                [-0.011217, 0.471841, 0.881612, 0.091493, 0.690978, -0.633642, 0.347918, 0.062391, 0.722788, 0.613077, -0.318925, 0.046942, 0.0, 0.0, 0.0, 1.0],
                [0.000734, 0.442776, 0.896632, 0.091493, 0.697082, -0.643104, 0.317008, 0.062392, 0.716991, 0.624793, -0.309123, 0.046942, 0.0, 0.0, 0.0, 1.0],
                [0.013831, 0.401945, 0.91556, 0.091493, 0.704126, -0.654032, 0.276493, 0.062392, 0.70994, 0.640845, -0.292066, 0.046941, 0.0, 0.0, 0.0, 1.0],
                [0.028113, 0.311166, 0.94994, 0.091493, 0.71147, -0.67376, 0.199643, 0.062392, 0.702153, 0.670241, -0.240327, 0.046942, 0.0, 0.0, 0.0, 1.0],
                [0.041406, 0.291964, 0.955533, 0.091493, 0.722705, -0.66912, 0.173134, 0.062391, 0.689915, 0.683399, -0.238709, 0.046941, 0.0, 0.0, 0.0, 1.0],
                [0.054311, 0.30421, 0.951056, 0.091493, 0.736452, -0.655403, 0.167585, 0.062391, 0.674306, 0.691305, -0.259631, 0.046942, 0.0, 0.0, 0.0, 1.0],
                [0.067627, 0.31286, 0.947389, 0.091493, 0.750937, -0.641162, 0.15813, 0.062392, 0.656902, 0.700735, -0.278298, 0.046942, 0.0, 0.0, 0.0, 1.0],
                [0.082443, 0.31873, 0.944253, 0.091493, 0.764736, -0.627785, 0.145138, 0.062391, 0.639048, 0.710139, -0.295501, 0.046942, 0.0, 0.0, 0.0, 1.0],
                [0.099119, 0.322897, 0.94123, 0.091493, 0.777412, -0.615557, 0.129305, 0.062392, 0.621133, 0.718906, -0.312038, 0.046942, 0.0, 0.0, 0.0, 1.0],
                [0.116565, 0.325448, 0.938348, 0.091493, 0.789838, -0.603172, 0.111083, 0.062392, 0.602137, 0.728194, -0.32736, 0.046942, 0.0, 0.0, 0.0, 1.0],
                [0.13308, 0.326733, 0.935701, 0.091493, 0.803104, -0.588791, 0.091376, 0.062391, 0.580788, 0.739304, -0.340757, 0.046942, 0.0, 0.0, 0.0, 1.0],
                [0.14689, 0.327311, 0.93343, 0.091493, 0.817991, -0.57078, 0.071423, 0.062391, 0.556161, 0.753045, -0.351579, 0.046942, 0.0, 0.0, 0.0, 1.0],
                [0.156883, 0.327698, 0.931666, 0.091493, 0.834503, -0.548506, 0.052406, 0.062391, 0.528198, 0.769256, -0.359516, 0.046942, 0.0, 0.0, 0.0, 1.0],
                [0.162823, 0.328168, 0.930481, 0.091493, 0.851974, -0.522403, 0.035159, 0.062391, 0.497624, 0.78702, -0.36465, 0.046942, 0.0, 0.0, 0.0, 1.0],
                [0.171865, 0.329917, 0.928234, 0.091493, 0.868493, -0.495464, 0.015297, 0.062391, 0.464953, 0.803536, -0.371684, 0.046942, 0.0, 0.0, 0.0, 1.0],
                [0.189664, 0.334839, 0.92299, 0.091493, 0.882312, -0.470545, -0.010603, 0.062391, 0.430758, 0.816376, -0.384678, 0.046942, 0.0, 0.0, 0.0, 1.0],
                [0.21358, 0.344091, 0.914322, 0.091493, 0.892509, -0.449305, -0.039396, 0.062391, 0.397254, 0.824455, -0.403067, 0.046942, 0.0, 0.0, 0.0, 1.0],
                [0.241565, 0.358117, 0.901886, 0.091493, 0.898234, -0.434197, -0.068177, 0.062392, 0.367181, 0.826574, -0.42656, 0.046942, 0.0, 0.0, 0.0, 1.0],
                [0.273413, 0.375931, 0.885393, 0.091493, 0.899132, -0.426932, -0.096383, 0.062391, 0.341769, 0.822438, -0.454741, 0.046942, 0.0, 0.0, 0.0, 1.0],
                [0.30996, 0.39554, 0.864565, 0.091493, 0.895328, -0.42737, -0.125467, 0.062391, 0.319862, 0.812959, -0.486606, 0.046942, 0.0, 0.0, 0.0, 1.0],
                [0.493137, 0.755848, 0.430707, 0.091493, 0.837035, -0.547146, 0.001826, 0.062391, 0.23704, 0.359617, -0.90249, 0.046942, 0.0, 0.0, 0.0, 1.0],
                [0.859296, 0.372803, -0.350182, 0.091493, 0.463053, -0.857807, 0.223044, 0.062392, -0.217238, -0.353813, -0.909738, 0.046942, 0.0, 0.0, 0.0, 1.0],
                [0.794362, -0.057952, -0.604673, 0.091493, 0.333564, -0.790312, 0.513947, 0.062391, -0.507665, -0.609957, -0.608464, 0.046942, 0.0, 0.0, 0.0, 1.0],
                [0.784065, -0.08903, -0.61426, 0.091493, 0.347251, -0.757357, 0.553016, 0.062391, -0.51445, -0.646903, -0.562902, 0.046942, 0.0, 0.0, 0.0, 1.0],
                [0.783309, -0.094448, -0.614416, 0.091493, 0.34535, -0.75571, 0.556449, 0.062391, -0.516876, -0.64806, -0.559337, 0.046942, 0.0, 0.0, 0.0, 1.0],
                [0.771304, -0.118614, -0.625316, 0.091493, 0.368738, -0.717521, 0.590928, 0.062392, -0.51877, -0.686363, -0.50969, 0.046942, 0.0, 0.0, 0.0, 1.0],
                [0.741178, -0.220585, -0.634032, 0.092065, 0.415787, -0.590663, 0.691548, 0.061668, -0.527044, -0.776183, -0.34607, 0.044287, 0.0, 0.0, 0.0, 1.0],
                [0.691148, -0.363936, -0.624392, 0.09379, 0.472365, -0.426397, 0.771399, 0.059488, -0.546979, -0.828092, -0.122793, 0.036286, 0.0, 0.0, 0.0, 1.0],
                [0.625579, -0.41961, -0.657707, 0.096618, 0.532844, -0.385972, 0.753062, 0.055912, -0.569849, -0.821555, -0.017869, 0.023167, 0.0, 0.0, 0.0, 1.0],
                [0.572257, -0.398363, -0.716819, 0.100386, 0.576814, -0.425802, 0.697121, 0.051149, -0.58293, -0.812403, -0.013887, 0.005686, 0.0, 0.0, 0.0, 1.0],
                [0.549169, -0.41649, -0.724534, 0.104797, 0.595914, -0.412676, 0.688901, 0.045572, -0.585919, -0.810083, 0.021563, -0.014776, 0.0, 0.0, 0.0, 1.0],
                [0.525621, -0.431068, -0.733418, 0.109438, 0.629756, -0.382455, 0.676118, 0.039705, -0.571953, -0.817256, 0.070441, -0.036304, 0.0, 0.0, 0.0, 1.0],
                [0.475369, -0.32272, -0.81846, 0.113849, 0.704412, -0.41774, 0.573844, 0.034129, -0.527094, -0.84932, 0.028747, -0.056765, 0.0, 0.0, 0.0, 1.0],
                [0.414511, -0.067048, -0.907571, 0.117618, 0.785174, -0.477846, 0.39391, 0.029365, -0.46009, -0.875881, -0.145428, -0.074247, 0.0, 0.0, 0.0, 1.0],
                [0.36523, 0.250239, -0.896654, 0.120446, 0.84263, -0.49829, 0.204161, 0.02579, -0.395704, -0.830113, -0.392849, -0.087367, 0.0, 0.0, 0.0, 1.0],
                [0.339349, 0.49869, -0.79759, 0.122171, 0.872112, -0.484544, 0.068096, 0.023609, -0.352509, -0.718696, -0.599344, -0.095368, 0.0, 0.0, 0.0, 1.0],
                [0.334729, 0.594351, -0.731234, 0.122743, 0.881335, -0.47208, 0.01973, 0.022886, -0.333475, -0.651066, -0.681841, -0.098023, 0.0, 0.0, 0.0, 1.0],
                [0.339262, 0.576031, -0.7437, 0.122743, 0.881778, -0.470122, 0.038119, 0.022886, -0.327672, -0.66871, -0.667426, -0.098022, 0.0, 0.0, 0.0, 1.0],
                [0.345906, 0.537013, -0.769393, 0.122743, 0.879264, -0.471734, 0.066046, 0.022886, -0.327481, -0.699345, -0.635352, -0.098022, 0.0, 0.0, 0.0, 1.0],
                [0.35488, 0.482369, -0.800862, 0.122743, 0.873876, -0.475587, 0.100783, 0.022886, -0.332265, -0.73562, -0.590308, -0.098023, 0.0, 0.0, 0.0, 1.0],
                [0.365794, 0.421925, -0.829563, 0.122743, 0.866306, -0.480133, 0.137794, 0.022886, -0.340161, -0.769059, -0.541146, -0.098023, 0.0, 0.0, 0.0, 1.0],
                [0.377593, 0.366465, -0.850369, 0.122743, 0.857885, -0.484089, 0.172313, 0.022886, -0.348508, -0.794583, -0.497173, -0.098022, 0.0, 0.0, 0.0, 1.0],
                [0.389039, 0.323372, -0.8626, 0.122743, 0.85006, -0.486881, 0.200861, 0.022886, -0.35503, -0.811405, -0.464301, -0.098022, 0.0, 0.0, 0.0, 1.0],
                [0.399199, 0.295672, -0.867881, 0.122743, 0.843829, -0.488699, 0.221644, 0.022886, -0.358599, -0.820823, -0.444585, -0.098022, 0.0, 0.0, 0.0, 1.0],
                [0.408618, 0.277746, -0.869418, 0.122743, 0.83865, -0.490123, 0.237581, 0.022886, -0.360134, -0.826218, -0.433205, -0.098023, 0.0, 0.0, 0.0, 1.0],
                [0.418188, 0.26433, -0.86905, 0.122743, 0.833652, -0.491644, 0.251616, 0.022886, -0.360753, -0.829708, -0.425959, -0.098022, 0.0, 0.0, 0.0, 1.0],
                [0.427819, 0.25576, -0.866924, 0.122743, 0.828879, -0.493513, 0.263447, 0.022886, -0.360459, -0.831283, -0.423129, -0.098023, 0.0, 0.0, 0.0, 1.0],
                [0.437452, 0.252032, -0.863201, 0.122743, 0.824316, -0.495998, 0.272927, 0.022886, -0.35936, -0.830942, -0.424729, -0.098021, 0.0, 0.0, 0.0, 1.0],
                [0.447095, 0.252451, -0.858123, 0.122743, 0.819864, -0.499264, 0.280282, 0.022886, -0.357673, -0.828857, -0.430194, -0.098023, 0.0, 0.0, 0.0, 1.0],
                [0.456811, 0.256102, -0.851901, 0.122743, 0.81536, -0.503457, 0.285866, 0.022886, -0.355684, -0.825193, -0.4388, -0.098022, 0.0, 0.0, 0.0, 1.0],
                [0.466663, 0.262033, -0.844727, 0.122743, 0.810643, -0.508655, 0.290049, 0.022886, -0.353672, -0.820127, -0.449786, -0.098022, 0.0, 0.0, 0.0, 1.0],
                [0.476666, 0.269546, -0.83674, 0.122743, 0.805598, -0.514909, 0.293053, 0.022886, -0.351853, -0.813765, -0.462586, -0.098022, 0.0, 0.0, 0.0, 1.0],
                [0.4863, 0.281487, -0.827211, 0.122743, 0.800578, -0.522867, 0.292719, 0.022886, -0.350125, -0.804596, -0.479622, -0.098022, 0.0, 0.0, 0.0, 1.0],
                [0.495011, 0.302111, -0.814673, 0.122743, 0.795967, -0.533654, 0.285745, 0.022886, -0.348427, -0.7899, -0.504636, -0.098021, 0.0, 0.0, 0.0, 1.0],
                [0.502888, 0.33478, -0.796885, 0.122743, 0.791597, -0.548609, 0.269074, 0.022886, -0.347098, -0.766127, -0.5409, -0.098022, 0.0, 0.0, 0.0, 1.0],
                [0.510441, 0.392067, -0.765332, 0.122743, 0.786863, -0.571937, 0.231807, 0.022886, -0.346838, -0.720536, -0.600443, -0.098022, 0.0, 0.0, 0.0, 1.0],
                [0.517669, 0.445461, -0.730468, 0.122743, 0.782101, -0.592539, 0.192912, 0.022886, -0.346896, -0.671164, -0.655135, -0.098022, 0.0, 0.0, 0.0, 1.0],
                [0.523658, 0.439611, -0.729743, 0.122743, 0.778667, -0.594497, 0.200629, 0.022886, -0.345631, -0.673287, -0.653624, -0.098022, 0.0, 0.0, 0.0, 1.0],
                [0.530048, 0.433799, -0.728606, 0.122743, 0.774493, -0.597521, 0.207677, 0.022886, -0.345268, -0.674379, -0.652689, -0.098022, 0.0, 0.0, 0.0, 1.0],
                [0.537065, 0.427753, -0.727041, 0.122743, 0.769385, -0.601768, 0.214296, 0.022886, -0.345844, -0.674465, -0.652295, -0.098023, 0.0, 0.0, 0.0, 1.0],
                [0.544781, 0.421297, -0.725067, 0.122743, 0.763272, -0.607228, 0.22066, 0.022886, -0.347318, -0.673634, -0.65237, -0.098022, 0.0, 0.0, 0.0, 1.0],
                [0.554225, 0.414073, -0.722065, 0.122743, 0.755451, -0.614443, 0.227494, 0.022886, -0.349469, -0.671568, -0.653351, -0.098023, 0.0, 0.0, 0.0, 1.0],
                [0.566414, 0.405813, -0.71728, 0.122743, 0.745158, -0.623954, 0.235416, 0.022886, -0.352015, -0.66783, -0.655812, -0.098022, 0.0, 0.0, 0.0, 1.0],
                [0.581138, 0.39662, -0.710613, 0.122743, 0.732427, -0.635517, 0.244272, 0.022886, -0.354723, -0.662428, -0.659819, -0.098021, 0.0, 0.0, 0.0, 1.0],
                [0.597838, 0.386742, -0.702154, 0.122743, 0.717578, -0.648623, 0.253713, 0.022886, -0.357312, -0.655529, -0.665289, -0.098022, 0.0, 0.0, 0.0, 1.0],
                [0.615545, 0.376608, -0.692293, 0.122743, 0.701326, -0.662475, 0.26319, 0.022886, -0.359507, -0.647529, -0.671908, -0.098023, 0.0, 0.0, 0.0, 1.0],
                [0.632967, 0.366809, -0.681766, 0.122743, 0.684794, -0.676055, 0.272042, 0.022886, -0.361124, -0.639062, -0.679109, -0.098022, 0.0, 0.0, 0.0, 1.0],
                [0.648732, 0.357999, -0.671553, 0.122743, 0.669336, -0.688319, 0.279654, 0.022886, -0.362127, -0.630915, -0.686156, -0.098022, 0.0, 0.0, 0.0, 1.0],
                [0.661698, 0.350755, -0.662667, 0.122743, 0.656246, -0.6984, 0.285617, 0.022886, -0.362625, -0.623865, -0.692312, -0.098022, 0.0, 0.0, 0.0, 1.0],
                [0.671139, 0.345471, -0.655913, 0.122743, 0.646487, -0.705751, 0.289773, 0.022886, -0.362804, -0.618518, -0.697, -0.098022, 0.0, 0.0, 0.0, 1.0],
                [0.676762, 0.342322, -0.651774, 0.122743, 0.64058, -0.71014, 0.292162, 0.022886, -0.362837, -0.615237, -0.69988, -0.098023, 0.0, 0.0, 0.0, 1.0],
                [0.678595, 0.341297, -0.650404, 0.122743, 0.638638, -0.711574, 0.292922, 0.022886, -0.362837, -0.614148, -0.700836, -0.098023, 0.0, 0.0, 0.0, 1.0]
            ]
        },
        {
            "name": "Leg_R",
            "time": [0.0, 0.0167, 0.0333, 0.05, 0.0667, 0.0833, 0.1, 0.1167, 0.1333, 0.15, 0.1667, 0.1833, 0.2, 0.2167, 0.2333, 0.25, 0.2667, 0.2833, 0.3, 0.3167, 0.3333, 0.35, 0.3667, 0.3833, 0.4, 0.4167, 0.4333, 0.45, 0.4667, 0.4833, 0.5, 0.5167, 0.5333, 0.55, 0.5667, 0.5833, 0.6, 0.6167, 0.6333, 0.65, 0.6667, 0.6833, 0.7, 0.7167, 0.7333, 0.75, 0.7667, 0.7833, 0.8, 0.8167, 0.8333, 0.85, 0.8667, 0.8833, 0.9, 0.9167, 0.9333, 0.95, 0.9667, 0.9833, 1.0, 1.0167, 1.0333, 1.05, 1.0667, 1.0833, 1.1, 1.1167, 1.1333, 1.15, 1.1667, 1.1833, 1.2, 1.2167, 1.2333, 1.25, 1.2667, 1.2833, 1.3, 1.3167, 1.3333, 1.35, 1.3667, 1.3833, 1.4, 1.4167, 1.4333, 1.45, 1.4667, 1.4833, 1.5, 1.5167, 1.5333, 1.55],
            "transform": [
                [1.0, -1.6e-05, -0.000115, -0.0, 1.6e-05, 1.0, 0.000434, 0.374721, 0.000115, -0.000435, 1.0, -0.0, 0.0, 0.0, 0.0, 1.0],
                [0.999901, -0.013794, -0.002817, 0.0, 0.013838, 0.926022, 0.377217, 0.374721, -0.002595, -0.377218, 0.926121, -0.0, 0.0, 0.0, 0.0, 1.0],
                [0.999577, -0.02666, -0.011658, -0.0, 0.026744, 0.68394, 0.729048, 0.374721, -0.011464, -0.729051, 0.684364, 0.0, 0.0, 0.0, 0.0, 1.0],
                [0.999211, -0.033322, -0.02164, -0.0, 0.033427, 0.410597, 0.911204, 0.374721, -0.021478, -0.911208, 0.411387, 0.0, 0.0, 0.0, 0.0, 1.0],
                [0.998943, -0.03572, -0.028921, -0.0, 0.035832, 0.211223, 0.976781, 0.374721, -0.028782, -0.976785, 0.21228, 0.0, 0.0, 0.0, 0.0, 1.0],
                [0.998779, -0.0364, -0.033392, -0.0, 0.036514, 0.088806, 0.99538, 0.374721, -0.033266, -0.995384, 0.090026, 0.0, 0.0, 0.0, 0.0, 1.0],
                [0.99856, -0.036443, -0.039359, -0.0, 0.036557, -0.074592, 0.996544, 0.374721, -0.039253, -0.996548, -0.073152, -0.0, 0.0, 0.0, 0.0, 1.0],
                [0.998441, -0.03605, -0.042621, 0.0, 0.036163, -0.163922, 0.98581, 0.374721, -0.042525, -0.985815, -0.162362, -0.0, 0.0, 0.0, 0.0, 1.0],
                [0.998513, -0.036321, -0.040662, -0.0, 0.036436, -0.110262, 0.993235, 0.374721, -0.040559, -0.993239, -0.108775, 0.0, 0.0, 0.0, 0.0, 1.0],
                [0.998643, -0.036541, -0.037113, 0.0, 0.036656, -0.013097, 0.999242, 0.374721, -0.037, -0.999247, -0.011739, -0.0, 0.0, 0.0, 0.0, 1.0],
                [0.998881, -0.036044, -0.030612, -0.0, 0.036157, 0.164923, 0.985644, 0.374721, -0.030478, -0.985648, 0.166041, -0.0, 0.0, 0.0, 0.0, 1.0],
                [0.999057, -0.034909, -0.025832, 0.0, 0.035019, 0.295813, 0.954604, 0.374721, -0.025683, -0.954608, 0.296757, 0.0, 0.0, 0.0, 0.0, 1.0],
                [0.99916, -0.033913, -0.023028, 0.0, 0.03402, 0.37259, 0.927372, 0.374721, -0.02287, -0.927377, 0.37343, -0.0, 0.0, 0.0, 0.0, 1.0],
                [0.999265, -0.032606, -0.020144, 0.0, 0.032709, 0.451562, 0.89164, 0.37472, -0.019977, -0.891644, 0.452297, 0.0, 0.0, 0.0, 0.0, 1.0],
                [0.999368, -0.031022, -0.017331, 0.0, 0.03112, 0.528578, 0.848314, 0.374721, -0.017155, -0.848318, 0.52921, -0.0, 0.0, 0.0, 0.0, 1.0],
                [0.999463, -0.029259, -0.014755, -0.0, 0.029352, 0.599122, 0.80012, 0.374721, -0.014571, -0.800123, 0.599659, 0.0, 0.0, 0.0, 0.0, 1.0],
                [0.999545, -0.027444, -0.01252, -0.0, 0.027531, 0.660321, 0.750478, 0.37472, -0.012329, -0.750481, 0.660777, 0.0, 0.0, 0.0, 0.0, 1.0],
                [0.999616, -0.025614, -0.010587, -0.0, 0.025695, 0.713256, 0.700433, 0.374721, -0.01039, -0.700436, 0.71364, -0.0, 0.0, 0.0, 0.0, 1.0],
                [0.999677, -0.023795, -0.008918, 0.0, 0.02387, 0.758966, 0.650692, 0.37472, -0.008715, -0.650695, 0.759289, -0.0, 0.0, 0.0, 0.0, 1.0],
                [0.999728, -0.022078, -0.007533, -0.0, 0.022148, 0.796875, 0.603738, 0.374721, -0.007326, -0.603741, 0.797147, 0.0, 0.0, 0.0, 0.0, 1.0],
                [0.999771, -0.020449, -0.006368, -0.0, 0.020513, 0.828786, 0.55919, 0.37472, -0.006157, -0.559193, 0.829015, -0.0, 0.0, 0.0, 0.0, 1.0],
                [0.99981, -0.018774, -0.005303, 0.0, 0.018833, 0.857953, 0.513382, 0.37472, -0.005089, -0.513384, 0.858144, -0.0, 0.0, 0.0, 0.0, 1.0],
                [0.99985, -0.016812, -0.004209, -0.0, 0.016865, 0.887889, 0.459749, 0.37472, -0.003992, -0.459751, 0.888039, 0.0, 0.0, 0.0, 0.0, 1.0],
                [0.999895, -0.014218, -0.002993, 0.0, 0.014263, 0.92121, 0.388805, 0.374721, -0.002771, -0.388807, 0.921315, 0.0, 0.0, 0.0, 0.0, 1.0],
                [0.999944, -0.010464, -0.001644, -0.0, 0.010497, 0.958128, 0.286148, 0.37472, -0.001419, -0.28615, 0.958184, 0.0, 0.0, 0.0, 0.0, 1.0],
                [0.999997, -0.00255, -0.000204, 0.0, 0.002558, 0.997563, 0.06972, 0.374721, 2.6e-05, -0.069721, 0.997567, -0.0, 0.0, 0.0, 0.0, 1.0],
                [1.0, -1.6e-05, -0.000115, -0.0, 1.6e-05, 1.0, 0.000435, 0.37472, 0.000115, -0.000435, 1.0, 0.0, 0.0, 0.0, 0.0, 1.0],
                [1.0, -1.6e-05, -0.000115, -0.0, 1.6e-05, 1.0, 0.000435, 0.37472, 0.000115, -0.000435, 1.0, -0.0, 0.0, 0.0, 0.0, 1.0],
                [1.0, -1.6e-05, -0.000115, 0.0, 1.6e-05, 1.0, 0.000435, 0.374721, 0.000115, -0.000435, 1.0, -0.0, 0.0, 0.0, 0.0, 1.0],
                [1.0, -1.6e-05, -0.000115, 0.0, 1.6e-05, 1.0, 0.000435, 0.374721, 0.000115, -0.000435, 1.0, -0.0, 0.0, 0.0, 0.0, 1.0],
                [1.0, -1.6e-05, -0.000115, 0.0, 1.6e-05, 1.0, 0.000435, 0.37472, 0.000115, -0.000435, 1.0, 0.0, 0.0, 0.0, 0.0, 1.0],
                [1.0, -1.6e-05, -0.000115, -0.0, 1.6e-05, 1.0, 0.000435, 0.37472, 0.000115, -0.000436, 1.0, 0.0, 0.0, 0.0, 0.0, 1.0],
                [1.0, -1.6e-05, -0.000115, 0.0, 1.6e-05, 1.0, 0.000436, 0.374721, 0.000115, -0.000436, 1.0, 0.0, 0.0, 0.0, 0.0, 1.0],
                [1.0, -1.6e-05, -0.000115, 0.0, 1.6e-05, 1.0, 0.000436, 0.374721, 0.000115, -0.000436, 1.0, -0.0, 0.0, 0.0, 0.0, 1.0],
                [1.0, -1.6e-05, -0.000115, -0.0, 1.6e-05, 1.0, 0.000436, 0.374721, 0.000115, -0.000436, 1.0, -0.0, 0.0, 0.0, 0.0, 1.0],
                [1.0, -1.6e-05, -0.000115, -0.0, 1.6e-05, 1.0, 0.000436, 0.374721, 0.000115, -0.000436, 1.0, -0.0, 0.0, 0.0, 0.0, 1.0],
                [1.0, -1.6e-05, -0.000115, 0.0, 1.6e-05, 1.0, 0.000437, 0.374721, 0.000115, -0.000437, 1.0, 0.0, 0.0, 0.0, 0.0, 1.0],
                [1.0, -1.6e-05, -0.000115, -0.0, 1.6e-05, 1.0, 0.000436, 0.374721, 0.000115, -0.000436, 1.0, 0.0, 0.0, 0.0, 0.0, 1.0],
                [1.0, -1.6e-05, -0.000115, 0.0, 1.6e-05, 1.0, 0.000436, 0.374721, 0.000115, -0.000436, 1.0, -0.0, 0.0, 0.0, 0.0, 1.0],
                [1.0, -1.6e-05, -0.000115, 0.0, 1.6e-05, 1.0, 0.000436, 0.374721, 0.000115, -0.000436, 1.0, 0.0, 0.0, 0.0, 0.0, 1.0],
                [1.0, -1.6e-05, -0.000115, 0.0, 1.6e-05, 1.0, 0.000435, 0.374721, 0.000115, -0.000435, 1.0, -0.0, 0.0, 0.0, 0.0, 1.0],
                [1.0, -1.6e-05, -0.000115, -0.0, 1.6e-05, 1.0, 0.000435, 0.374721, 0.000115, -0.000435, 1.0, 0.0, 0.0, 0.0, 0.0, 1.0],
                [0.99932, -0.031807, -0.018652, 0.0, 0.031907, 0.492418, 0.869774, 0.374721, -0.01848, -0.869778, 0.493098, 0.0, 0.0, 0.0, 0.0, 1.0],
                [0.998227, -0.034575, -0.048462, -0.0, 0.034684, -0.323853, 0.945472, 0.37472, -0.048384, -0.945476, -0.32208, 0.0, 0.0, 0.0, 0.0, 1.0],
                [0.99794, -0.030816, -0.056266, -0.0, 0.030913, -0.53754, 0.842672, 0.374721, -0.056213, -0.842675, -0.53548, 0.0, 0.0, 0.0, 0.0, 1.0],
                [0.997948, -0.03095, -0.056053, 0.0, 0.031047, -0.53173, 0.846345, 0.374721, -0.056, -0.846348, -0.529678, -0.0, 0.0, 0.0, 0.0, 1.0],
                [0.997958, -0.031115, -0.055789, 0.0, 0.031212, -0.524485, 0.850847, 0.374721, -0.055734, -0.850851, -0.522443, 0.0, 0.0, 0.0, 0.0, 1.0],
                [0.997945, -0.03089, -0.056148, 0.0, 0.030988, -0.534312, 0.844719, 0.37472, -0.056094, -0.844723, -0.532257, 0.0, 0.0, 0.0, 0.0, 1.0],
                [0.997968, -0.031284, -0.055511, 0.0, 0.031383, -0.516868, 0.85549, 0.374721, -0.055455, -0.855493, -0.514836, -0.0, 0.0, 0.0, 0.0, 1.0],
                [0.998187, -0.03419, -0.049532, 0.0, 0.034297, -0.353147, 0.934939, 0.374721, -0.049457, -0.934943, -0.351334, -0.0, 0.0, 0.0, 0.0, 1.0],
                [0.99866, -0.036544, -0.03665, -0.0, 0.036659, -0.000403, 0.999328, 0.37472, -0.036535, -0.999332, 0.000937, 0.0, 0.0, 0.0, 0.0, 1.0],
                [0.999098, -0.034539, -0.024704, -0.0, 0.034648, 0.326694, 0.944495, 0.37472, -0.024551, -0.944499, 0.327596, 0.0, 0.0, 0.0, 0.0, 1.0],
                [0.999135, -0.034172, -0.023692, -0.0, 0.03428, 0.354414, 0.93446, 0.37472, -0.023536, -0.934464, 0.355279, -0.0, 0.0, 0.0, 0.0, 1.0],
                [0.998944, -0.035718, -0.028912, -0.0, 0.03583, 0.211469, 0.976728, 0.37472, -0.028773, -0.976732, 0.212526, -0.0, 0.0, 0.0, 0.0, 1.0],
                [0.998852, -0.036169, -0.031414, 0.0, 0.036283, 0.142956, 0.989064, 0.374721, -0.031283, -0.989068, 0.144104, -0.0, 0.0, 0.0, 0.0, 1.0],
                [0.998986, -0.035452, -0.027773, -0.0, 0.035564, 0.242666, 0.969458, 0.374721, -0.02763, -0.969462, 0.24368, -0.0, 0.0, 0.0, 0.0, 1.0],
                [0.99934, -0.031496, -0.018114, -0.0, 0.031595, 0.507136, 0.861287, 0.374721, -0.017941, -0.861291, 0.507796, -0.0, 0.0, 0.0, 0.0, 1.0],
                [0.999702, -0.022976, -0.008236, 0.0, 0.023049, 0.777631, 0.628298, 0.37472, -0.008031, -0.628301, 0.777929, 0.0, 0.0, 0.0, 0.0, 1.0],
                [0.99985, -0.01681, -0.004208, 0.0, 0.016863, 0.887925, 0.459679, 0.374721, -0.003991, -0.459681, 0.888075, -0.0, 0.0, 0.0, 0.0, 1.0],
                [0.999843, -0.017165, -0.004394, -0.0, 0.017219, 0.882824, 0.469389, 0.374721, -0.004178, -0.469391, 0.882981, -0.0, 0.0, 0.0, 0.0, 1.0],
                [0.999814, -0.018605, -0.005202, -0.0, 0.018664, 0.860702, 0.508768, 0.37472, -0.004988, -0.50877, 0.860889, 0.0, 0.0, 0.0, 0.0, 1.0],
                [0.999767, -0.02058, -0.006457, 0.0, 0.020645, 0.826352, 0.562775, 0.37472, -0.006247, -0.562777, 0.826585, -0.0, 0.0, 0.0, 0.0, 1.0],
                [0.999718, -0.022445, -0.007815, 0.0, 0.022515, 0.789168, 0.613765, 0.37472, -0.007609, -0.613767, 0.789451, -0.0, 0.0, 0.0, 0.0, 1.0],
                [0.999677, -0.023803, -0.008925, 0.0, 0.023878, 0.758773, 0.650917, 0.374721, -0.008722, -0.65092, 0.759096, 0.0, 0.0, 0.0, 0.0, 1.0],
                [0.999652, -0.024566, -0.009597, -0.0, 0.024643, 0.740359, 0.67176, 0.374721, -0.009397, -0.671763, 0.740707, -0.0, 0.0, 0.0, 0.0, 1.0],
